Date,Q_m3s,Sal_gperL,Temp_degC,TSS_mgperL,DO_mmolperm3,SiO2_mmolperm3,Ammonium_mmolperm3,NOx_mmolperm3,FRP_mmolperm3,FRP_ADS_mmolperm3,DOC_mmolperm3,POC_mmolperm3,DON_mmolperm3,PON_mmolperm3,DOP_mmolperm3,POP_mmolperm3,PHY_GRN_mmolperm3,PHY_BGA_mmolperm3,PHY_FDIA_mmolperm3,PHY_MDIA_mmolperm3,Crypto_cfuper100mL,Ecoli_cfuper100mL,FC_cfuper100mL,Enterococci_cfuper100mL
01/01/2005,0,0.1,24.8051371179797,0,252.59041410873,0,0,0,0,0,400,25,0,0,0,0,0.01375,0.011,0.01375,0.01375,0,0,0,0
02/01/2005,0,0.1,24.8764918925008,0,251.344251726306,0,0,0,0,0,400,25,0,0,0,0,0.01375,0.011,0.01375,0.01375,0,0,0,0
03/01/2005,0,0.1,24.9458110794992,0,250.106942079986,0,0,0,0,0,400,25,0,0,0,0,0.01375,0.011,0.01375,0.01375,0,0,0,0
04/01/2005,0,0.1,25.0130741590243,0,248.878851439682,0,0,0,0,0,400,25,0,0,0,0,0.01375,0.011,0.01375,0.01375,0,0,0,0
05/01/2005,0,0.1,25.0782612197774,0,247.660343346284,0,0,0,0,0,400,25,0,0,0,0,0.01375,0.011,0.01375,0.01375,0,0,0,0
06/01/2005,0,0.1,25.1413529650052,0,246.451778504046,0,0,0,0,0,400,25,0,0,0,0,0.01375,0.011,0.01375,0.01375,0,0,0,0
07/01/2005,0,0.1,25.2023307182122,0,245.253514673805,0,0,0,0,0,400,25,0,0,0,0,0.01375,0.011,0.01375,0.01375,0,0,0,0
08/01/2005,0,0.1,25.2611764286895,0,244.065906567085,0,0,0,0,0,400,25,0,0,0,0,0.01375,0.011,0.01375,0.01375,0,0,0,0
09/01/2005,0,0.1,25.317872676858,0,242.889305741087,0,0,0,0,0,400,25,0,0,0,0,0.01375,0.011,0.01375,0.01375,0,0,0,0
10/01/2005,0,0.1,25.3724026794253,0,241.724060494622,0,0,0,0,0,400,25,0,0,0,0,0.01375,0.011,0.01375,0.01375,0,0,0,0
11/01/2005,0,0.1,25.4247502943533,0,240.570515765012,0,0,0,0,0,400,25,0,0,0,0,0.01375,0.011,0.01375,0.01375,0,0,0,0
12/01/2005,0,0.1,25.4749000256372,0,239.429013025974,0,0,0,0,0,400,25,0,0,0,0,0.01375,0.011,0.01375,0.01375,0,0,0,0
13/01/2005,0,0.1,25.5228370278924,0,238.299890186543,0,0,0,0,0,400,25,0,0,0,0,0.01375,0.011,0.01375,0.01375,0,0,0,0
14/01/2005,0,0.1,25.5685471107489,0,237.18348149104,0,0,0,0,0,400,25,0,0,0,0,0.01375,0.011,0.01375,0.01375,0,0,0,0
15/01/2005,0,0.1,25.6120167430522,0,236.08011742013,0,0,0,0,0,400,25,0,0,0,0,0.01375,0.011,0.01375,0.01375,0,0,0,0
16/01/2005,0,0.1,25.6532330568687,0,234.990124592991,0,0,0,0,0,400,25,0,0,0,0,0.01375,0.011,0.01375,0.01375,0,0,0,0
17/01/2005,0.018989549700998,0.1,25.6921838512949,37.8546761551164,233.91382567063,0,8.19200876304358,32.7680350521743,2.54934082134038,0,400,25,21.8453567014496,73.7280788673923,1.073406661617,3.08604415214889,0.01375,0.011,0.01375,0.01375,0,0,0,0
18/01/2005,0.00434557637627755,0.1,25.7288575960691,39.7939957301288,232.851539260369,0,8.12654432433557,32.5061772973423,2.44896565842725,0,400,25,21.6707848648949,73.1388989190202,1.03114343512726,2.96453737599089,0.01375,0.011,0.01375,0.01375,0,0,0,0
19/01/2005,3.89262891208228e-05,0.1,25.7632434349846,39.7939957301285,231.803579821526,0,8.12654432433556,32.5061772973422,2.44896565842726,0,400,25,21.6707848648948,73.1388989190201,1.03114343512727,2.96453737599089,0.01375,0.011,0.01375,0.01375,0,0,0,0
20/01/2005,5.85721103592287e-07,0.1,25.7953311891033,39.7939957301285,230.770257572335,0,8.12654432433555,32.5061772973422,2.44896565842726,0,400,25,21.6707848648948,73.13889891902,1.03114343512727,2.96453737599089,0.01375,0.011,0.01375,0.01375,0,0,0,0
21/01/2005,0.000179701490315214,0.1,25.8251113597692,39.5443724900556,229.751878398107,0,8.08542615226449,32.341704609058,2.43354402490079,0,400,25,21.5611364060386,72.7688353703804,1.0246501157477,2.94586908277464,0.01375,0.011,0.01375,0.01375,0,0,0,0
22/01/2005,0.00495781594579909,0.1,25.8525751314198,39.8803256629302,228.74874376069,0,8.1277721430113,32.5110885720452,2.44686680558577,0,400,25,21.6740590480302,73.1499492871018,1.03025970761506,2.96199665939331,0.01375,0.011,0.01375,0.01375,0,0,0,0
23/01/2005,0.0130714564220829,0.1,25.8777143741959,37.0315228242206,227.761150609223,0,8.13671400323173,32.5468560129269,2.54441936979144,0,400,25,21.697904008618,73.2304260290856,1.07133447149113,3.080086605537,0.01375,0.011,0.01375,0.01375,0,0,0,0
24/01/2005,0.00450529557695827,0.1,25.9005216463481,39.8138658845934,226.789391292236,0,8.12729989100266,32.5091995640106,2.44875313190586,0,400,25,21.6727997093404,73.145699019024,1.03105395027615,2.96428010704394,0.01375,0.011,0.01375,0.01375,0,0,0,0
25/01/2005,0.060597774944846,0.1,25.9209901964399,39.068647047702,225.833753471109,0,8.39796049399641,33.5918419759856,2.62776336320256,0,400,25,22.3945613173238,75.5816444459677,1.10642667924318,3.18097670282415,0.01375,0.011,0.01375,0.01375,0,0,0,0
26/01/2005,0.0593866655602668,0.1,25.9391139653462,38.6172186302948,224.894520034914,0,8.1775144807646,32.7100579230584,2.53721188102401,0,400,25,21.8067052820389,73.5976303268814,1.06829973937853,3.07136175071328,0.01375,0.011,0.01375,0.01375,0,0,0,0
27/01/2005,0.00982355511729677,0.1,25.9548875880467,36.417369144312,223.971969016682,0,7.02286934320644,28.0914773728258,2.08217812308885,0,400,25,18.7276515818839,63.205824088858,0.876706578142672,2.52053141216018,0.01375,0.011,0.01375,0.01375,0,0,0,0
28/01/2005,7.56764156767127e-05,0.1,25.9683063952143,36.4173691443121,223.066373511089,0,7.02286934320643,28.0914773728257,2.08217812308884,0,400,25,18.7276515818838,63.2058240888579,0.876706578142669,2.52053141216017,0.01375,0.011,0.01375,0.01375,0,0,0,0
29/01/2005,1.00982094975277e-06,0.1,25.9793664145975,36.4173691443121,222.178001593623,0,7.02286934320641,28.0914773728256,2.08217812308883,0,400,25,18.7276515818838,63.2058240888577,0.876706578142664,2.52053141216016,0.01375,0.011,0.01375,0.01375,0,0,0,0
30/01/2005,3.09198179711815e-08,0.1,25.9880643721958,0,221.307116241223,0,0,0,0,0,400,25,0,0,0,0,0.01375,0.011,0.01375,0.01375,0,0,0,0
31/01/2005,0,0.1,25.9943976932292,0,220.453975254433,0,0,0,0,0,400,25,0,0,0,0,0.01375,0.011,0.01375,0.01375,0,0,0,0
01/02/2005,0,0.1,25.9983645029001,0,219.618831181091,0,0,0,0,0,400,25,0,0,0,0,0.01375,0.011,0.01375,0.01375,0,0,0,0
02/02/2005,0.607629138369942,0.1,25.9999636269489,38.5545752403365,218.801931241564,0,7.82219423640923,31.2887769456369,2.52302786461545,0,400,25,20.8591846304246,70.3997481276831,1.06232752194335,3.05419162558712,0.01375,0.011,0.01375,0.01375,0,0,0,0
03/02/2005,0.242560300559869,0.1,25.9991945920008,35.337279903708,218.00351725557,0,6.96436317313337,27.8574526925335,2.15376888423806,0,400,25,18.5716351283556,62.6792685582003,0.906850056521287,2.6071939124987,0.01375,0.011,0.01375,0.01375,0,0,0,0
04/02/2005,0.00629487218971307,0.1,25.9960576257065,11.0864928458991,217.22382557059,0,1.88335351434633,7.53341405738532,0.462414462194694,0,400,25,5.02227603825688,16.950181629117,0.194700826187239,0.559764875288313,0.01375,0.011,0.01375,0.01375,0,0,0,0
05/02/2005,0.00326956940522571,0.1,25.9905536566747,6.07916317547891,216.463086991908,0,0.873114194721759,3.49245677888704,0.127869618311655,0,400,25,2.32830451925802,7.85802775249583,0.0538398392891179,0.154789537956214,0.01375,0.011,0.01375,0.01375,0,0,0,0
06/02/2005,3.09871058676676e-05,0.1,25.9826843141968,6.07916317547889,215.721526714289,0,0.873114194721764,3.49245677888706,0.127869618311655,0,400,25,2.32830451925804,7.85802775249588,0.0538398392891178,0.154789537956214,0.01375,0.011,0.01375,0.01375,0,0,0,0
07/02/2005,4.85842002576557e-07,0.1,25.9724519277653,6.07916317547889,214.999364255309,0,0.87311419472176,3.49245677888704,0.127869618311655,0,400,25,2.32830451925803,7.85802775249584,0.0538398392891177,0.154789537956213,0.01375,0.011,0.01375,0.01375,0,0,0,0
08/02/2005,1.70375573735653e-08,0.1,25.9598595263838,0,214.296813390382,0,0,0,0,0,400,25,0,0,0,0,0.01375,0.011,0.01375,0.01375,0,0,0,0
09/02/2005,0,0.1,25.9449108376702,0,213.614082089472,0,0,0,0,0,400,25,0,0,0,0,0.01375,0.011,0.01375,0.01375,0,0,0,0
10/02/2005,0.00142615860215931,0.1,25.9276102867536,10.6884578357998,212.951372455532,0,2.45279407749259,9.81117630997036,0.648131044071588,0,400,25,6.54078420664691,22.0751466974333,0.272897281714353,0.784579684928765,0.01375,0.011,0.01375,0.01375,0,0,0,0
11/02/2005,1.58073832490897e-05,0.1,25.9079629949642,10.6884578357998,212.308880664676,0,2.45279407749261,9.81117630997045,0.648131044071586,0,400,25,6.54078420664697,22.0751466974335,0.272897281714352,0.784579684928762,0.01375,0.011,0.01375,0.01375,0,0,0,0
12/02/2005,2.90632759793946e-07,0.1,25.8859747783173,10.6884578357998,211.686796908109,0,2.45279407749262,9.81117630997049,0.648131044071583,0,400,25,6.540784206647,22.0751466974336,0.272897281714351,0.784579684928759,0.01375,0.011,0.01375,0.01375,0,0,0,0
13/02/2005,0,0.1,25.8616521457917,0,211.085305335824,0,0,0,0,0,400,25,0,0,0,0,0.01375,0.011,0.01375,0.01375,0,0,0,0
14/02/2005,0,0.1,25.8350022974027,0,210.50458400209,0,0,0,0,0,400,25,0,0,0,0,0.01375,0.011,0.01375,0.01375,0,0,0,0
15/02/2005,0,0.1,25.8060331220709,0,209.944804812745,0,0,0,0,0,400,25,0,0,0,0,0.01375,0.011,0.01375,0.01375,0,0,0,0
16/02/2005,0,0.1,25.774753195287,0,209.406133474307,0,0,0,0,0,400,25,0,0,0,0,0.01375,0.011,0.01375,0.01375,0,0,0,0
17/02/2005,0,0.1,25.7411717765731,0,208.888729444924,0,0,0,0,0,400,25,0,0,0,0,0.01375,0.011,0.01375,0.01375,0,0,0,0
18/02/2005,0,0.1,25.7052988067417,0,208.392745887169,0,0,0,0,0,400,25,0,0,0,0,0.01375,0.011,0.01375,0.01375,0,0,0,0
19/02/2005,0,0.1,25.6671449049533,0,207.918329622699,0,0,0,0,0,400,25,0,0,0,0,0.01375,0.011,0.01375,0.01375,0,0,0,0
20/02/2005,0.0283398823776974,0.1,25.6267213655722,36.077306286995,207.465621088795,0,8.00809061061627,32.0323624424651,2.50180350140323,0,400,25,21.3549082949767,72.0728154955465,1.05339094795926,3.02849897538286,0.01375,0.011,0.01375,0.01375,0,0,0,0
21/02/2005,0.220401022034687,0.1,25.5840401548241,37.288489210314,207.034754296791,0,7.76986373735687,31.0794549494275,2.45935568647014,0,400,25,20.7196366329517,69.9287736362119,1.0355181837769,2.97711477835859,0.01375,0.011,0.01375,0.01375,0,0,0,0
22/02/2005,0.0551062897208484,0.1,25.5391139072529,35.8317713042205,206.625856792401,0,7.03035482229446,28.1214192891779,2.12099432956702,0,400,25,18.7476128594519,63.2731934006502,0.89305024402822,2.56751945158113,0.01375,0.011,0.01375,0.01375,0,0,0,0
23/02/2005,0.000310554501092698,0.1,25.4919559219814,35.8317713042203,206.239049617962,0,7.03035482229461,28.1214192891784,2.120994329567,0,400,25,18.7476128594523,63.2731934006515,0.893050244028212,2.56751945158111,0.01375,0.011,0.01375,0.01375,0,0,0,0
24/02/2005,3.20793082970135e-06,0.1,25.4425801587739,35.8317713042201,205.874447276606,0,7.03035482229463,28.1214192891785,2.12099432956697,0,400,25,18.7476128594524,63.2731934006517,0.893050244028199,2.56751945158107,0.01375,0.011,0.01375,0.01375,0,0,0,0
25/02/2005,7.92753485661158e-08,0.1,25.391001233904,0,205.532157698364,0,0,0,0,0,400,25,0,0,0,0,0.01375,0.011,0.01375,0.01375,0,0,0,0
26/02/2005,0,0.1,25.3372344158281,0,205.212282208215,0,0,0,0,0,400,25,0,0,0,0,0.01375,0.011,0.01375,0.01375,0,0,0,0
27/02/2005,0,0.1,25.2812956206654,0,204.91491549609,0,0,0,0,0,400,25,0,0,0,0,0.01375,0.011,0.01375,0.01375,0,0,0,0
28/02/2005,0.00083040510226976,0.1,25.2232014074861,39.3730336783512,204.640145588848,0,8.06382777458209,32.2553110983283,2.42674839445454,0,400,25,21.5035407322189,72.5744499712388,1.02178879766507,2.93764279328707,0.01375,0.011,0.01375,0.01375,0,0,0,0
01/03/2005,1.01626759024826e-05,0.1,25.1629689734102,39.3730336783512,204.388053824211,0,8.06382777458206,32.2553110983283,2.42674839445454,0,400,25,21.5035407322188,72.5744499712386,1.02178879766507,2.93764279328707,0.01375,0.011,0.01375,0.01375,0,0,0,0
02/03/2005,2.0279892800631e-07,0.1,25.1006161485163,39.373033678351,204.158714826692,0,8.06382777458203,32.2553110983281,2.42674839445453,0,400,25,21.5035407322187,72.5744499712383,1.02178879766507,2.93764279328707,0.01375,0.011,0.01375,0.01375,0,0,0,0
03/03/2005,0,0.1,25.0361613905638,0,203.952196485501,0,0,0,0,0,400,25,0,0,0,0,0.01375,0.011,0.01375,0.01375,0,0,0,0
04/03/2005,0.0230552231185243,0.1,24.9696237795288,36.222551088861,203.768559934448,0,8.01513996136056,32.0605598454422,2.50112315635416,0,400,25,21.3737065636282,72.136259652245,1.05310448688596,3.02767539979714,0.01375,0.011,0.01375,0.01375,0,0,0,0
05/03/2005,0.00630239027937716,0.1,24.9010230119562,39.7793366687835,203.60785953385,0,8.12354722111287,32.4941888844515,2.44772684102839,0,400,25,21.6627925896343,73.1119249900159,1.03062182780143,2.96303775492911,0.01375,0.011,0.01375,0.01375,0,0,0,0
06/03/2005,5.28174052923819e-05,0.1,24.8303793951287,39.7793366687829,203.470142854435,0,8.12354722111286,32.4941888844514,2.4477268410284,0,400,25,21.6627925896343,73.1119249900157,1.03062182780143,2.96303775492912,0.01375,0.011,0.01375,0.01375,0,0,0,0
07/03/2005,7.52135457220617e-07,0.1,24.7577138410562,39.7793366687828,203.355450663264,0,8.1235472211129,32.4941888844516,2.44772684102839,0,400,25,21.6627925896344,73.1119249900161,1.03062182780143,2.9630377549291,0.01375,0.011,0.01375,0.01375,0,0,0,0
08/03/2005,2.43228081543898e-08,0.1,24.6830478602847,0,203.263816911658,0,0,0,0,0,400,25,0,0,0,0,0.01375,0.011,0.01375,0.01375,0,0,0,0
09/03/2005,0,0.1,24.6064035555288,0,203.195268725153,0,0,0,0,0,400,25,0,0,0,0,0.01375,0.011,0.01375,0.01375,0,0,0,0
10/03/2005,0,0.1,24.5278036151292,0,203.149826395466,0,0,0,0,0,400,25,0,0,0,0,0.01375,0.011,0.01375,0.01375,0,0,0,0
11/03/2005,0,0.1,24.4472713063363,0,203.127503374491,0,0,0,0,0,400,25,0,0,0,0,0.01375,0.011,0.01375,0.01375,0,0,0,0
12/03/2005,0,0.1,24.3648304684224,0,203.128306270316,0,0,0,0,0,400,25,0,0,0,0,0.01375,0.011,0.01375,0.01375,0,0,0,0
13/03/2005,0,0.1,24.2805055056248,0,203.152234845267,0,0,0,0,0,400,25,0,0,0,0,0.01375,0.011,0.01375,0.01375,0,0,0,0
14/03/2005,0,0.1,24.1943213799221,0,203.199282015978,0,0,0,0,0,400,25,0,0,0,0,0.01375,0.011,0.01375,0.01375,0,0,0,0
15/03/2005,0,0.1,24.1063036036443,0,203.269433855488,0,0,0,0,0,400,25,0,0,0,0,0.01375,0.011,0.01375,0.01375,0,0,0,0
16/03/2005,0,0.1,24.016478231921,0,203.362669597364,0,0,0,0,0,400,25,0,0,0,0,0.01375,0.011,0.01375,0.01375,0,0,0,0
17/03/2005,0.0348034842322092,0.1,23.9248718549683,35.9935899088061,203.478961641847,0,7.93911412115311,31.7564564846124,2.4786358417088,0,400,25,21.1709709897416,71.452027090378,1.04363614387739,3.0004539136475,0.01375,0.011,0.01375,0.01375,0,0,0,0
18/03/2005,0.018278107487749,0.1,23.8315115902177,36.008225408248,203.618275564026,0,7.86183097153716,31.4473238861486,2.42053820906036,0,400,25,20.9648825907658,70.7564787438345,1.01917398276226,2.93012520044149,0.01375,0.011,0.01375,0.01375,0,0,0,0
19/03/2005,0.000396117532229537,0.1,23.7364250742888,38.1576020217253,203.780570124022,0,7.98147527401062,31.9259010960425,2.41912835676637,0,400,25,21.2839340640283,71.8332774660956,1.01858036074373,2.92841853713823,0.01375,0.011,0.01375,0.01375,0,0,0,0
20/03/2005,5.04094792929289e-06,0.1,23.6396404548081,38.1576020217252,203.965797279202,0,7.98147527401068,31.9259010960427,2.41912835676636,0,400,25,21.2839340640285,71.8332774660961,1.01858036074373,2.92841853713822,0.01375,0.011,0.01375,0.01375,0,0,0,0
21/03/2005,1.14559069769415e-07,0.1,23.5411863820767,0,204.173902198397,0,0,0,0,0,400,25,0,0,0,0,0.01375,0.011,0.01375,0.01375,0,0,0,0
22/03/2005,0,0.1,23.4410920005895,0,204.404823278136,0,0,0,0,0,400,25,0,0,0,0,0.01375,0.011,0.01375,0.01375,0,0,0,0
23/03/2005,0.0492378344468102,0.1,23.3393869404073,38.0678391057517,204.658492160877,0,8.28403545250006,33.1361418100002,2.5950673732549,0,400,25,22.0907612066668,74.5563190725005,1.09265994663364,3.14139734657172,0.01375,0.011,0.01375,0.01375,0,0,0,0
24/03/2005,0.0173402405138156,0.1,23.2361013083863,37.9606819096448,204.93483375525,0,8.03215012046378,32.1286004818551,2.4544551467316,0,400,25,21.4190669879034,72.289351084174,1.03345479862383,2.97118254604351,0.01375,0.011,0.01375,0.01375,0,0,0,0
25/03/2005,0.000120928718769002,0.1,23.1312656792653,37.9606819096445,205.233766258277,0,8.03215012046376,32.128600481855,2.45445514673159,0,400,25,21.4190669879034,72.2893510841739,1.03345479862383,2.97118254604351,0.01375,0.011,0.01375,0.01375,0,0,0,0
26/03/2005,1.48236666306439e-06,0.1,23.0249110866152,37.9606819096445,205.555201179595,0,8.03215012046382,32.1286004818553,2.45445514673158,0,400,25,21.4190669879035,72.2893510841744,1.03345479862382,2.97118254604349,0.01375,0.011,0.01375,0.01375,0,0,0,0
27/03/2005,4.22703298668438e-08,0.1,22.9170690136522,0,205.899043367646,0,0,0,0,0,400,25,0,0,0,0,0.01375,0.011,0.01375,0.01375,0,0,0,0
28/03/2005,0,0.1,22.8077713839186,0,206.265191037846,0,0,0,0,0,400,25,0,0,0,0,0.01375,0.011,0.01375,0.01375,0,0,0,0
29/03/2005,0,0.1,22.6970505518319,0,206.653535802714,0,0,0,0,0,400,25,0,0,0,0,0.01375,0.011,0.01375,0.01375,0,0,0,0
30/03/2005,0,0.1,22.5849392931081,0,207.063962703959,0,0,0,0,0,400,25,0,0,0,0,0.01375,0.011,0.01375,0.01375,0,0,0,0
31/03/2005,0,0.1,22.4714707950588,0,207.496350246509,0,0,0,0,0,400,25,0,0,0,0,0.01375,0.011,0.01375,0.01375,0,0,0,0
01/04/2005,0,0.1,22.3566786467673,0,207.950570434476,0,0,0,0,0,400,25,0,0,0,0,0.01375,0.011,0.01375,0.01375,0,0,0,0
02/04/2005,0,0.1,22.2405968291455,0,208.426488809045,0,0,0,0,0,400,25,0,0,0,0,0.01375,0.011,0.01375,0.01375,0,0,0,0
03/04/2005,0,0.1,22.1232597048746,0,208.923964488279,0,0,0,0,0,400,25,0,0,0,0,0.01375,0.011,0.01375,0.01375,0,0,0,0
04/04/2005,0.0109998320596311,0.1,22.0047020082334,35.3296015103639,209.442850208819,0,7.90445260842842,31.6178104337137,2.46677949499114,0,400,25,21.0785402891424,71.1400734758558,1.03864399789101,2.98610149393665,0.01375,0.011,0.01375,0.01375,0,0,0,0
05/04/2005,0.0081961177522975,0.1,21.8849588348159,36.1170800206974,209.982992369482,0,7.85299233732945,31.4119693493178,2.41179004732384,0,400,25,20.9413128995452,70.6769310359651,1.01549054624162,2.91953532044464,0.01375,0.011,0.01375,0.01375,0,0,0,0
06/04/2005,0.000628638544140501,0.1,21.7640656311426,39.0673594896495,210.544231076725,0,8.04618880098537,32.1847552039415,2.42657660328408,0,400,25,21.4565034692943,72.4156992088683,1.02171646454067,2.93743483555441,0.01375,0.011,0.01375,0.01375,0,0,0,0
07/04/2005,7.85337502364158e-06,0.1,21.642058184167,39.0673594896496,211.126400191981,0,8.04618880098537,32.1847552039415,2.42657660328407,0,400,25,21.4565034692943,72.4156992088683,1.02171646454066,2.9374348355544,0.01375,0.011,0.01375,0.01375,0,0,0,0
08/04/2005,1.64388705699175e-07,0.1,21.5189726106826,39.0673594896496,211.72932738084,0,8.04618880098537,32.1847552039415,2.42657660328408,0,400,25,21.4565034692943,72.4156992088683,1.02171646454066,2.93743483555441,0.01375,0.011,0.01375,0.01375,0,0,0,0
09/04/2005,0,0.1,21.3948453466311,0,212.352834164057,0,0,0,0,0,400,25,0,0,0,0,0.01375,0.011,0.01375,0.01375,0,0,0,0
10/04/2005,0,0.1,21.2697131363166,0,212.996735970394,0,0,0,0,0,400,25,0,0,0,0,0.01375,0.011,0.01375,0.01375,0,0,0,0
11/04/2005,0,0.1,21.1436130215288,0,213.660842191253,0,0,0,0,0,400,25,0,0,0,0,0.01375,0.011,0.01375,0.01375,0,0,0,0
12/04/2005,0,0.1,21.0165823305776,0,214.3449562371,0,0,0,0,0,400,25,0,0,0,0,0.01375,0.011,0.01375,0.01375,0,0,0,0
13/04/2005,0.000759253766400528,0.1,20.8886586672431,39.5308624754569,215.04887559566,0,8.08372216077187,32.3348886430875,2.43300763896973,0,400,25,21.556592428725,72.7534994469469,1.02442426903989,2.94521977348968,0.01375,0.011,0.01375,0.01375,0,0,0,0
14/04/2005,9.44555744858058e-06,0.1,20.7598798996444,39.5308624754569,215.772391891864,0,8.08372216077189,32.3348886430876,2.43300763896973,0,400,25,21.556592428725,72.753499446947,1.02442426903989,2.94521977348968,0.01375,0.011,0.01375,0.01375,0,0,0,0
15/04/2005,1.91063572984815e-07,0.1,20.6302841490292,39.5308624754571,216.515290949537,0,8.08372216077192,32.3348886430877,2.43300763896974,0,400,25,21.5565924287251,72.7534994469473,1.02442426903989,2.94521977348968,0.01375,0.011,0.01375,0.01375,0,0,0,0
16/04/2005,0,0.1,20.49990977849,0,217.277352854791,0,0,0,0,0,400,25,0,0,0,0,0.01375,0.011,0.01375,0.01375,0,0,0,0
17/04/2005,0,0.1,20.3687953816071,0,218.058352021133,0,0,0,0,0,400,25,0,0,0,0,0.01375,0.011,0.01375,0.01375,0,0,0,0
18/04/2005,0,0.1,20.2369797710241,0,218.858057256235,0,0,0,0,0,400,25,0,0,0,0,0.01375,0.011,0.01375,0.01375,0,0,0,0
19/04/2005,0,0.1,20.104501966959,0,219.676231830379,0,0,0,0,0,400,25,0,0,0,0,0.01375,0.011,0.01375,0.01375,0,0,0,0
20/04/2005,0,0.1,19.9714011856532,0,220.512633546526,0,0,0,0,0,400,25,0,0,0,0,0.01375,0.011,0.01375,0.01375,0,0,0,0
21/04/2005,0,0.1,19.8377168277622,0,221.367014812022,0,0,0,0,0,400,25,0,0,0,0,0.01375,0.011,0.01375,0.01375,0,0,0,0
22/04/2005,0,0.1,19.703488466693,0,222.239122711881,0,0,0,0,0,400,25,0,0,0,0,0.01375,0.011,0.01375,0.01375,0,0,0,0
23/04/2005,0,0.1,19.5687558368887,0,223.128699083657,0,0,0,0,0,400,25,0,0,0,0,0.01375,0.011,0.01375,0.01375,0,0,0,0
24/04/2005,0,0.1,19.4335588220669,0,224.035480593869,0,0,0,0,0,400,25,0,0,0,0,0.01375,0.011,0.01375,0.01375,0,0,0,0
25/04/2005,0,0.1,19.2979374434129,0,224.959198815945,0,0,0,0,0,400,25,0,0,0,0,0.01375,0.011,0.01375,0.01375,0,0,0,0
26/04/2005,0,0.1,19.1619318477328,0,225.899580309692,0,0,0,0,0,400,25,0,0,0,0,0.01375,0.011,0.01375,0.01375,0,0,0,0
27/04/2005,0,0.1,19.025582295569,0,226.856346702231,0,0,0,0,0,400,25,0,0,0,0,0.01375,0.011,0.01375,0.01375,0,0,0,0
28/04/2005,0,0.1,18.8889291492823,0,227.829214770406,0,0,0,0,0,400,25,0,0,0,0,0.01375,0.011,0.01375,0.01375,0,0,0,0
29/04/2005,0,0.1,18.7520128611039,0,228.817896524626,0,0,0,0,0,400,25,0,0,0,0,0.01375,0.011,0.01375,0.01375,0,0,0,0
30/04/2005,0,0.1,18.6148739611606,0,229.82209929411,0,0,0,0,0,400,25,0,0,0,0,0.01375,0.011,0.01375,0.01375,0,0,0,0
01/05/2005,0,0.1,18.4775530454767,0,230.84152581353,0,0,0,0,0,400,25,0,0,0,0,0.01375,0.011,0.01375,0.01375,0,0,0,0
02/05/2005,0,0.1,18.3400907639575,0,231.875874311002,0,0,0,0,0,400,25,0,0,0,0,0.01375,0.011,0.01375,0.01375,0,0,0,0
03/05/2005,0,0.1,18.2025278083553,0,232.924838597422,0,0,0,0,0,400,25,0,0,0,0,0.01375,0.011,0.01375,0.01375,0,0,0,0
04/05/2005,0,0.1,18.0649049002241,0,233.988108157101,0,0,0,0,0,400,25,0,0,0,0,0.01375,0.011,0.01375,0.01375,0,0,0,0
05/05/2005,0,0.1,17.927262778865,0,235.065368239687,0,0,0,0,0,400,25,0,0,0,0,0.01375,0.011,0.01375,0.01375,0,0,0,0
06/05/2005,0,0.1,17.789642189267,0,236.156299953336,0,0,0,0,0,400,25,0,0,0,0,0.01375,0.011,0.01375,0.01375,0,0,0,0
07/05/2005,0,0.1,17.6520838700448,0,237.260580359109,0,0,0,0,0,400,25,0,0,0,0,0.01375,0.011,0.01375,0.01375,0,0,0,0
08/05/2005,0,0.1,17.5146285413801,0,238.377882566574,0,0,0,0,0,400,25,0,0,0,0,0.01375,0.011,0.01375,0.01375,0,0,0,0
09/05/2005,0,0.1,17.3773168929669,0,239.507875830567,0,0,0,0,0,400,25,0,0,0,0,0.01375,0.011,0.01375,0.01375,0,0,0,0
10/05/2005,0,0.1,17.2401895719671,0,240.650225649104,0,0,0,0,0,400,25,0,0,0,0,0.01375,0.011,0.01375,0.01375,0,0,0,0
11/05/2005,0,0.1,17.1032871709775,0,241.804593862396,0,0,0,0,0,400,25,0,0,0,0,0.01375,0.011,0.01375,0.01375,0,0,0,0
12/05/2005,0,0.1,16.966650216014,0,242.970638752956,0,0,0,0,0,400,25,0,0,0,0,0.01375,0.011,0.01375,0.01375,0,0,0,0
13/05/2005,0,0.1,16.8303191545148,0,244.148015146753,0,0,0,0,0,400,25,0,0,0,0,0.01375,0.011,0.01375,0.01375,0,0,0,0
14/05/2005,0,0.1,16.6943343433671,0,245.33637451539,0,0,0,0,0,400,25,0,0,0,0,0.01375,0.011,0.01375,0.01375,0,0,0,0
15/05/2005,0,0.1,16.5587360369606,0,246.535365079275,0,0,0,0,0,400,25,0,0,0,0,0.01375,0.011,0.01375,0.01375,0,0,0,0
16/05/2005,0,0.1,16.4235643752715,0,247.744631911759,0,0,0,0,0,400,25,0,0,0,0,0.01375,0.011,0.01375,0.01375,0,0,0,0
17/05/2005,0,0.1,16.2888593719801,0,248.963817044198,0,0,0,0,0,400,25,0,0,0,0,0.01375,0.011,0.01375,0.01375,0,0,0,0
18/05/2005,0.000548968612879729,0.1,16.1546609026259,39.4602647218223,250.192559571921,0,8.07482328426332,32.2992931370533,2.43020784190908,0,400,25,21.5328620913688,72.6734095583699,1.02324540711961,2.94183054546889,0.01375,0.011,0.01375,0.01375,0,0,0,0
19/05/2005,0.000287483640482579,0.1,16.0210086928035,39.2875700700144,251.430495761065,0,8.05305505084215,32.2122202033686,2.42335904072733,0,400,25,21.4748134689124,72.4774954575793,1.02036170135887,2.93353989140676,0.01375,0.011,0.01375,0.01375,0,0,0,0
20/05/2005,4.24071471420762e-06,0.1,15.8879423064033,39.2875700700145,252.677259156249,0,8.05305505084218,32.2122202033687,2.42335904072734,0,400,25,21.4748134689125,72.4774954575796,1.02036170135888,2.93353989140678,0.01375,0.011,0.01375,0.01375,0,0,0,0
21/05/2005,9.95122355954929e-08,0.1,15.7555011338993,0,253.932480689051,0,0,0,0,0,400,25,0,0,0,0,0.01375,0.011,0.01375,0.01375,0,0,0,0
22/05/2005,0,0.1,15.623724380689,0,255.19578878726,0,0,0,0,0,400,25,0,0,0,0,0.01375,0.011,0.01375,0.01375,0,0,0,0
23/05/2005,0,0.1,15.4926510554879,0,256.466809484872,0,0,0,0,0,400,25,0,0,0,0,0.01375,0.011,0.01375,0.01375,0,0,0,0
24/05/2005,0,0.1,15.3623199587815,0,257.745166532788,0,0,0,0,0,400,25,0,0,0,0,0.01375,0.011,0.01375,0.01375,0,0,0,0
25/05/2005,0,0.1,15.2327696713403,0,259.030481510195,0,0,0,0,0,400,25,0,0,0,0,0.01375,0.011,0.01375,0.01375,0,0,0,0
26/05/2005,0,0.1,15.1040385427983,0,260.322373936585,0,0,0,0,0,400,25,0,0,0,0,0.01375,0.011,0.01375,0.01375,0,0,0,0
27/05/2005,0,0.1,14.9761646803015,0,261.620461384384,0,0,0,0,0,400,25,0,0,0,0,0.01375,0.011,0.01375,0.01375,0,0,0,0
28/05/2005,0,0.1,14.8491859372266,0,262.924359592162,0,0,0,0,0,400,25,0,0,0,0,0.01375,0.011,0.01375,0.01375,0,0,0,0
29/05/2005,0,0.1,14.7231399019762,0,264.23368257838,0,0,0,0,0,400,25,0,0,0,0,0.01375,0.011,0.01375,0.01375,0,0,0,0
30/05/2005,0,0.1,14.5980638868514,0,265.54804275565,0,0,0,0,0,400,25,0,0,0,0,0.01375,0.011,0.01375,0.01375,0,0,0,0
31/05/2005,0,0.1,14.4739949170069,0,266.867051045467,0,0,0,0,0,400,25,0,0,0,0,0.01375,0.011,0.01375,0.01375,0,0,0,0
01/06/2005,0,0.1,14.3509697194906,0,268.190316993389,0,0,0,0,0,400,25,0,0,0,0,0.01375,0.011,0.01375,0.01375,0,0,0,0
02/06/2005,0,0.1,14.2290247123716,0,269.517448884614,0,0,0,0,0,400,25,0,0,0,0,0.01375,0.011,0.01375,0.01375,0,0,0,0
03/06/2005,0,0.1,14.1081959939597,0,270.848053859939,0,0,0,0,0,400,25,0,0,0,0,0.01375,0.011,0.01375,0.01375,0,0,0,0
04/06/2005,0,0.1,13.9885193321197,0,272.181738032057,0,0,0,0,0,400,25,0,0,0,0,0.01375,0.011,0.01375,0.01375,0,0,0,0
05/06/2005,0,0.1,13.870030153683,0,273.51810660215,0,0,0,0,0,400,25,0,0,0,0,0.01375,0.011,0.01375,0.01375,0,0,0,0
06/06/2005,0,0.1,13.7527635339609,0,274.856763976763,0,0,0,0,0,400,25,0,0,0,0,0.01375,0.011,0.01375,0.01375,0,0,0,0
07/06/2005,0,0.1,13.6367541863612,0,276.197313884907,0,0,0,0,0,400,25,0,0,0,0,0.01375,0.011,0.01375,0.01375,0,0,0,0
08/06/2005,0,0.1,13.5220364521127,0,277.539359495362,0,0,0,0,0,400,25,0,0,0,0,0.01375,0.011,0.01375,0.01375,0,0,0,0
09/06/2005,0,0.1,13.408644290099,0,278.882503534148,0,0,0,0,0,400,25,0,0,0,0,0.01375,0.011,0.01375,0.01375,0,0,0,0
10/06/2005,0,0.1,13.2966112668063,0,280.226348402127,0,0,0,0,0,400,25,0,0,0,0,0.01375,0.011,0.01375,0.01375,0,0,0,0
11/06/2005,0,0.1,13.1859705463869,0,281.570496292702,0,0,0,0,0,400,25,0,0,0,0,0.01375,0.011,0.01375,0.01375,0,0,0,0
12/06/2005,0.0030039246403742,0.1,13.076754880842,34.1143936153086,282.914549309573,0,7.73403244184876,30.9361297673951,2.40872267422055,0,400,25,20.6240865115967,69.6062919766389,1.01419902072444,2.91582218458277,0.01375,0.011,0.01375,0.01375,0,0,0,0
13/06/2005,0.00153308874594983,0.1,12.9689966003261,39.6653984897505,284.258109584525,0,8.10702355808515,32.4280942323406,2.44197164035927,0,400,25,21.6187294882271,72.9632120227664,1.02819858541443,2.95607093306649,0.01375,0.011,0.01375,0.01375,0,0,0,0
14/06/2005,1.66780568517763e-05,0.1,12.8627276035769,39.6653984897505,285.600779395208,0,8.10702355808504,32.4280942323402,2.44197164035926,0,400,25,21.6187294882268,72.9632120227654,1.02819858541443,2.95607093306648,0.01375,0.011,0.01375,0.01375,0,0,0,0
15/06/2005,0.000505866276610403,0.1,12.7579793484726,39.6161436179198,286.942161282863,0,8.09447564015811,32.3779025606324,2.43639190471835,0,400,25,21.585268373755,72.850280761423,1.02584922303931,2.949316516238,0.01375,0.011,0.01375,0.01375,0,0,0,0
16/06/2005,6.77760042299436e-06,0.1,12.6547828427194,39.6161436179197,288.281858169988,0,8.09447564015815,32.3779025606326,2.43639190471835,0,400,25,21.5852683737551,72.8502807614233,1.02584922303931,2.949316516238,0.01375,0.011,0.01375,0.01375,0,0,0,0
17/06/2005,1.45799102806393e-07,0.1,12.5531686346731,39.6161436179199,289.619473477875,0,8.09447564015813,32.3779025606325,2.43639190471835,0,400,25,21.585268373755,72.8502807614232,1.02584922303931,2.949316516238,0.01375,0.011,0.01375,0.01375,0,0,0,0
18/06/2005,0,0.1,12.4531668042954,0,290.954611244008,0,0,0,0,0,400,25,0,0,0,0,0.01375,0.011,0.01375,0.01375,0,0,0,0
19/06/2005,0,0.1,12.3548069542502,0,292.286876239276,0,0,0,0,0,400,25,0,0,0,0,0.01375,0.011,0.01375,0.01375,0,0,0,0
20/06/2005,0,0.1,12.2581182011404,0,293.61587408497,0,0,0,0,0,400,25,0,0,0,0,0.01375,0.011,0.01375,0.01375,0,0,0,0
21/06/2005,0,0.1,12.1631291668888,0,294.941211369524,0,0,0,0,0,400,25,0,0,0,0,0.01375,0.011,0.01375,0.01375,0,0,0,0
22/06/2005,0,0.1,12.0698679702651,0,296.262495764978,0,0,0,0,0,400,25,0,0,0,0,0.01375,0.011,0.01375,0.01375,0,0,0,0
23/06/2005,0,0.1,11.9783622185626,0,297.579336143113,0,0,0,0,0,400,25,0,0,0,0,0.01375,0.011,0.01375,0.01375,0,0,0,0
24/06/2005,0.00511683989118256,0.1,11.8886389994256,34.2169964008763,298.891342691233,0,7.75127713707921,31.0051085483168,2.41525814510404,0,400,25,20.6700723655446,69.7614942337129,1.01695079793854,2.92373354407331,0.01375,0.011,0.01375,0.01375,0,0,0,0
25/06/2005,0.00350030425044309,0.1,11.8007248728309,35.5687536989688,300.198127027558,0,7.75969819833573,31.0387927933429,2.37621377977087,0,400,25,20.6925285288953,69.8372837850216,1.00051106516668,2.8764693123542,0.01375,0.011,0.01375,0.01375,0,0,0,0
26/06/2005,0.00464876374662619,0.1,11.7146458632257,34.4142272145277,301.499302316194,0,7.73294474323482,30.9317789729393,2.39837151782182,0,400,25,20.6211859819595,69.5965026891134,1.00984063908287,2.90329183736326,0.01375,0.011,0.01375,0.01375,0,0,0,0
27/06/2005,0.00590680127160895,0.1,11.6304274518233,34.2847568324772,302.794483381644,0,7.67834805004231,30.7133922001692,2.37134089244287,0,400,25,20.4755948001128,69.1051324503808,0.998459323133842,2.87057055400979,0.01375,0.011,0.01375,0.01375,0,0,0,0
28/06/2005,0.0108989399320548,0.1,11.5480945690608,33.0452537394538,304.083286822828,0,7.46070731517476,29.8428292606991,2.29903142805326,0,400,25,19.8952195071327,67.1463658365729,0.968013232864531,2.78303804448553,0.01375,0.011,0.01375,0.01375,0,0,0,0
29/06/2005,0.00883948874136926,0.1,11.4676715872185,37.3238729954352,305.365331126578,0,8.11535878585031,32.4614351434013,2.52283024315306,0,400,25,21.6409567622675,73.0382290726528,1.06224431290655,3.05395239960633,0.01375,0.011,0.01375,0.01375,0,0,0,0
30/06/2005,0.27770269273388,0.1,11.3891823132057,37.962659433046,306.640236780576,0,7.81306500275088,31.2522600110035,2.48735913952854,0,400,25,20.8348400073357,70.3175850247579,1.04730911138044,3.01101369521876,0.01375,0.011,0.01375,0.01375,0,0,0,0
01/07/2005,1.49026623194981,0.1,11.3126499815131,38.7339717011078,307.907626385693,0,7.677544155147,30.710176620588,2.49397579827898,0,400,25,20.473451080392,69.097897396323,1.05009507295957,3.01902333475877,0.01375,0.011,0.01375,0.01375,0,0,0,0
02/07/2005,0.590966203018396,0.1,11.238097247335,35.5248857973661,309.167124767712,0,6.94941758640412,27.7976703456165,2.19888652066771,0,400,25,18.531780230411,62.5447582776371,0.925846956070616,2.66180999870302,0.01375,0.011,0.01375,0.01375,0,0,0,0
03/07/2005,0.0428542879204882,0.1,11.1655461798626,7.48806364510382,310.418359088383,0,2.5302660383464,10.1210641533856,0.537568693825176,0,400,25,6.74737610225706,22.7723943451176,0.226344713189548,0.65074105041995,0.01375,0.011,0.01375,0.01375,0,0,0,0
04/07/2005,0.0489661452920449,0.1,11.0950182557516,6.00765447038428,311.660958955797,0,2.67172292548993,10.6868917019597,0.5393326977374,0,400,25,7.12459446797315,24.0455063294094,0.227087451678905,0.652876423576853,0.01375,0.011,0.01375,0.01375,0,0,0,0
05/07/2005,0.0275509097548658,0.1,11.026534352764,6.00007896471215,312.894556534024,0,2.38779788084056,9.55119152336224,0.466913269654914,0,400,25,6.36746101557483,21.490180927565,0.196595060907332,0.565210800108581,0.01375,0.011,0.01375,0.01375,0,0,0,0
06/07/2005,0.0265884116773233,0.1,10.9601147435886,6.45774164951764,314.118786652004,0,2.65586574109827,10.6234629643931,0.544004395697207,0,400,25,7.08230864292872,23.9027916698844,0.229054482398824,0.658531636896619,0.01375,0.011,0.01375,0.01375,0,0,0,0
07/07/2005,0.0412857080171382,0.1,10.8957790898389,6.28937816349278,315.333286911643,0,3.03281074233179,12.1312429693272,0.629337750055434,0,400,25,8.08749531288477,27.2952966809861,0.264984315812815,0.761829907961842,0.01375,0.011,0.01375,0.01375,0,0,0,0
08/07/2005,0.0418195235268011,0.1,10.8335464362339,6.00171288672311,316.53769779509,0,3.09609164411156,12.3843665764462,0.637765307949192,0,400,25,8.2562443842975,27.8648247970041,0.268532761241765,0.772031688570074,0.01375,0.011,0.01375,0.01375,0,0,0,0
09/07/2005,0.00816077973249455,0.1,10.7734352049594,15.1740210219975,317.731662771168,0,4.00427198898739,16.0170879559496,1.15669283211068,0,400,25,10.6780586372997,36.0384479008865,0.487028560888709,1.40020711255504,0.01375,0.011,0.01375,0.01375,0,0,0,0
10/07/2005,0.00805790009361762,0.1,10.7154631902157,14.1347457530309,318.914828400906,0,3.68840810114191,14.7536324045676,0.966561442952586,0,400,25,9.83575493637842,33.1956729102772,0.406973239137931,1.17004806252155,0.01375,0.011,0.01375,0.01375,0,0,0,0
11/07/2005,0.00619434633786352,0.1,10.6596475529492,6.08563537254155,320.086844442171,0,2.65859935976102,10.6343974390441,0.499160570060918,0,400,25,7.08959829269607,23.9273942378492,0.210172871604597,0.604247005863216,0.01375,0.011,0.01375,0.01375,0,0,0,0
12/07/2005,0.029697019597108,0.1,10.6060048157731,6.00015201202051,321.247363953343,0,3.29280281553931,13.1712112621572,0.681259773459808,0,400,25,8.78080750810482,29.6352253398538,0.28684622040413,0.824682883661873,0.01375,0.011,0.01375,0.01375,0,0,0,0
13/07/2005,0.0249611969710201,0.1,10.5545508580758,16.8554424609789,322.396043396021,0,4.96379294110156,19.8551717644062,1.35452465202704,0,400,25,13.2367811762708,44.674136469914,0.570326169274543,1.63968773666431,0.01375,0.011,0.01375,0.01375,0,0,0,0
14/07/2005,0.0178090735097722,0.1,10.5053009113207,13.3633988822248,323.532542736714,0,4.36524680003836,17.4609872001534,1.10262592511757,0,400,25,11.6406581334356,39.2872212003453,0.464263547417926,1.33475769882654,0.01375,0.011,0.01375,0.01375,0,0,0,0
15/07/2005,0.0110409923547437,0.1,10.4582695545372,6.08299321982561,324.656525547499,0,3.41960930838661,13.6784372335465,0.699444125306634,0,400,25,9.11895815569764,30.7764837754795,0.294502789602793,0.84669552010803,0.01375,0.011,0.01375,0.01375,0,0,0,0
16/07/2005,8.37853762044942e-05,0.1,10.4134707100049,6.08299321982562,325.767659105614,0,3.41960930838659,13.6784372335463,0.699444125306634,0,400,25,9.11895815569757,30.7764837754793,0.294502789602793,0.846695520108031,0.01375,0.011,0.01375,0.01375,0,0,0,0
17/07/2005,1.09762298890042e-06,0.1,10.3709176391324,6.0829932198256,326.865614491947,0,3.41960930838659,13.6784372335464,0.699444125306638,0,400,25,9.11895815569758,30.7764837754793,0.294502789602795,0.846695520108036,0.01375,0.011,0.01375,0.01375,0,0,0,0
18/07/2005,3.30926600273239e-08,0.1,10.3306229385318,0,327.950066688404,0,0,0,0,0,400,25,0,0,0,0,0.01375,0.011,0.01375,0.01375,0,0,0,0
19/07/2005,0.00189963118578018,0.1,10.2925985362894,6,329.020694674121,0,3.42857142857143,13.7142857142857,0.612903225806452,0,400,25,9.14285714285715,30.8571428571429,0.258064516129032,0.741935483870968,0.01375,0.011,0.01375,0.01375,0,0,0,0
20/07/2005,0.00485618175706942,0.1,10.2568556884352,6,330.077181520497,0,3.49970150412421,13.9988060164968,0.694282150955008,0,400,25,9.33253734433122,31.4973135371179,0.292329326717898,0.840446814313957,0.01375,0.011,0.01375,0.01375,0,0,0,0
21/07/2005,4.29399878332406e-05,0.1,10.2234049756106,6.00000000000002,331.119214485005,0,3.49970150412423,13.9988060164969,0.694282150955012,0,400,25,9.33253734433127,31.497313537118,0.2923293267179,0.840446814313962,0.01375,0.011,0.01375,0.01375,0,0,0,0
22/07/2005,6.34772600028537e-07,0.1,10.1922562999366,6,332.146485103776,0,3.49970150412422,13.9988060164969,0.694282150955012,0,400,25,9.33253734433127,31.497313537118,0.2923293267179,0.840446814313963,0.01375,0.011,0.01375,0.01375,0,0,0,0
23/07/2005,2.11835037175628e-08,0.1,10.1634188820821,0,333.158689282906,0,0,0,0,0,400,25,0,0,0,0,0.01375,0.011,0.01375,0.01375,0,0,0,0
24/07/2005,2.50972725112385e-24,0.1,10.1369012585347,0,334.155527388481,0,0,0,0,0,400,25,0,0,0,0,0.01375,0.011,0.01375,0.01375,0,0,0,0
25/07/2005,0,0.1,10.1127112790737,0,335.136704335266,0,0,0,0,0,400,25,0,0,0,0,0.01375,0.011,0.01375,0.01375,0,0,0,0
26/07/2005,0,0.1,10.0908561044464,0,336.101929674065,0,0,0,0,0,400,25,0,0,0,0,0.01375,0.011,0.01375,0.01375,0,0,0,0
27/07/2005,0,0.1,10.0713422042482,0,337.050917677694,0,0,0,0,0,400,25,0,0,0,0,0.01375,0.011,0.01375,0.01375,0,0,0,0
28/07/2005,0,0.1,10.0541753550077,0,337.983387425568,0,0,0,0,0,400,25,0,0,0,0,0.01375,0.011,0.01375,0.01375,0,0,0,0
29/07/2005,0,0.1,10.0393606384765,0,338.899062886852,0,0,0,0,0,400,25,0,0,0,0,0.01375,0.011,0.01375,0.01375,0,0,0,0
30/07/2005,0,0.1,10.0269024401251,0,339.797673002179,0,0,0,0,0,400,25,0,0,0,0,0.01375,0.011,0.01375,0.01375,0,0,0,0
31/07/2005,0,0.1,10.0168044478446,0,340.678951763886,0,0,0,0,0,400,25,0,0,0,0,0.01375,0.011,0.01375,0.01375,0,0,0,0
01/08/2005,0,0.1,10.0090696508551,0,341.542638294759,0,0,0,0,0,400,25,0,0,0,0,0.01375,0.011,0.01375,0.01375,0,0,0,0
02/08/2005,0,0.1,10.0037003388204,0,342.388476925256,0,0,0,0,0,400,25,0,0,0,0,0.01375,0.011,0.01375,0.01375,0,0,0,0
03/08/2005,0,0.1,10.000698101171,0,343.216217269194,0,0,0,0,0,400,25,0,0,0,0,0.01375,0.011,0.01375,0.01375,0,0,0,0
04/08/2005,0,0.1,10.0000638266329,0,344.025614297865,0,0,0,0,0,400,25,0,0,0,0,0.01375,0.011,0.01375,0.01375,0,0,0,0
05/08/2005,0,0.1,10.0017977029648,0,344.816428412574,0,0,0,0,0,400,25,0,0,0,0,0.01375,0.011,0.01375,0.01375,0,0,0,0
06/08/2005,0,0.1,10.0058992169025,0,345.588425515561,0,0,0,0,0,400,25,0,0,0,0,0.01375,0.011,0.01375,0.01375,0,0,0,0
07/08/2005,0,0.1,10.0123671543109,0,346.341377079302,0,0,0,0,0,400,25,0,0,0,0,0.01375,0.011,0.01375,0.01375,0,0,0,0
08/08/2005,0,0.1,10.0211996005432,0,347.075060214155,0,0,0,0,0,400,25,0,0,0,0,0.01375,0.011,0.01375,0.01375,0,0,0,0
09/08/2005,0,0.1,10.032393941008,0,347.789257734344,0,0,0,0,0,400,25,0,0,0,0,0.01375,0.011,0.01375,0.01375,0,0,0,0
10/08/2005,0,0.1,10.0459468619428,0,348.483758222246,0,0,0,0,0,400,25,0,0,0,0,0.01375,0.011,0.01375,0.01375,0,0,0,0
11/08/2005,0,0.1,10.0618543513956,0,349.15835609098,0,0,0,0,0,400,25,0,0,0,0,0.01375,0.011,0.01375,0.01375,0,0,0,0
12/08/2005,0,0.1,10.0801117004118,0,349.812851645262,0,0,0,0,0,400,25,0,0,0,0,0.01375,0.011,0.01375,0.01375,0,0,0,0
13/08/2005,0,0.1,10.1007135044287,0,350.447051140518,0,0,0,0,0,400,25,0,0,0,0,0.01375,0.011,0.01375,0.01375,0,0,0,0
14/08/2005,0,0.1,10.1236536648752,0,351.06076684024,0,0,0,0,0,400,25,0,0,0,0,0.01375,0.011,0.01375,0.01375,0,0,0,0
15/08/2005,0,0.1,10.1489253909769,0,351.653817071558,0,0,0,0,0,400,25,0,0,0,0,0.01375,0.011,0.01375,0.01375,0,0,0,0
16/08/2005,0,0.1,10.1765212017667,0,352.226026279017,0,0,0,0,0,400,25,0,0,0,0,0.01375,0.011,0.01375,0.01375,0,0,0,0
17/08/2005,0,0.1,10.206432928299,0,352.777225076551,0,0,0,0,0,400,25,0,0,0,0,0.01375,0.011,0.01375,0.01375,0,0,0,0
18/08/2005,0,0.1,10.2386517160679,0,353.307250297619,0,0,0,0,0,400,25,0,0,0,0,0.01375,0.011,0.01375,0.01375,0,0,0,0
19/08/2005,0,0.1,10.2731680276286,0,353.815945043506,0,0,0,0,0,400,25,0,0,0,0,0.01375,0.011,0.01375,0.01375,0,0,0,0
20/08/2005,0,0.1,10.3099716454204,0,354.303158729775,0,0,0,0,0,400,25,0,0,0,0,0.01375,0.011,0.01375,0.01375,0,0,0,0
21/08/2005,0,0.1,10.3490516747915,0,354.768747130835,0,0,0,0,0,400,25,0,0,0,0,0.01375,0.011,0.01375,0.01375,0,0,0,0
22/08/2005,0,0.1,10.3903965472238,0,355.212572422639,0,0,0,0,0,400,25,0,0,0,0,0.01375,0.011,0.01375,0.01375,0,0,0,0
23/08/2005,0,0.1,10.4339940237578,0,355.634503223483,0,0,0,0,0,400,25,0,0,0,0,0.01375,0.011,0.01375,0.01375,0,0,0,0
24/08/2005,0,0.1,10.4798311986152,0,356.034414632895,0,0,0,0,0,400,25,0,0,0,0,0.01375,0.011,0.01375,0.01375,0,0,0,0
25/08/2005,0,0.1,10.5278945030197,0,356.412188268613,0,0,0,0,0,400,25,0,0,0,0,0.01375,0.011,0.01375,0.01375,0,0,0,0
26/08/2005,0,0.1,10.5781697092131,0,356.767712301624,0,0,0,0,0,400,25,0,0,0,0,0.01375,0.011,0.01375,0.01375,0,0,0,0
27/08/2005,0,0.1,10.6306419346675,0,357.10088148927,0,0,0,0,0,400,25,0,0,0,0,0.01375,0.011,0.01375,0.01375,0,0,0,0
28/08/2005,0,0.1,10.6852956464909,0,357.4115972064,0,0,0,0,0,400,25,0,0,0,0,0.01375,0.011,0.01375,0.01375,0,0,0,0
29/08/2005,0,0.1,10.7421146660246,0,357.69976747457,0,0,0,0,0,400,25,0,0,0,0,0.01375,0.011,0.01375,0.01375,0,0,0,0
30/08/2005,0,0.1,10.8010821736331,0,357.965306989265,0,0,0,0,0,400,25,0,0,0,0,0.01375,0.011,0.01375,0.01375,0,0,0,0
31/08/2005,0,0.1,10.862180713683,0,358.208137145153,0,0,0,0,0,400,25,0,0,0,0,0.01375,0.011,0.01375,0.01375,0,0,0,0
01/09/2005,0,0.1,10.9253921997097,0,358.428186059355,0,0,0,0,0,400,25,0,0,0,0,0.01375,0.011,0.01375,0.01375,0,0,0,0
02/09/2005,0,0.1,10.9906979197721,0,358.625388592724,0,0,0,0,0,400,25,0,0,0,0,0.01375,0.011,0.01375,0.01375,0,0,0,0
03/09/2005,0,0.1,11.0580785419912,0,358.799686369124,0,0,0,0,0,400,25,0,0,0,0,0.01375,0.011,0.01375,0.01375,0,0,0,0
04/09/2005,0.0227674534067072,0.1,11.1275141202729,32.7020566452235,358.951027792715,0,7.39279176441989,29.5711670576795,2.28182848851714,0,400,25,19.7141113717864,66.535125879779,0.960769889901952,2.76221343346811,0.01375,0.011,0.01375,0.01375,0,0,0,0
05/09/2005,0.0103460137460666,0.1,11.1989841002127,35.7550227151255,359.079368063225,0,7.83452075054903,31.3380830021961,2.41330260714365,0,400,25,20.8920553347974,70.5106867549412,1.01612741353417,2.92136631391073,0.01375,0.011,0.01375,0.01375,0,0,0,0
06/09/2005,0.00117792510387212,0.1,11.2724673251798,39.0868827880299,359.184669189209,0,8.04307065814112,32.1722826325645,2.42418176477072,0,400,25,21.4481884217097,72.3876359232701,1.02070811148241,2.93453582051192,0.01375,0.011,0.01375,0.01375,0,0,0,0
07/09/2005,1.32613097802132e-05,0.1,11.3479420425803,39.0868827880299,359.2668999993,0,8.04307065814112,32.1722826325645,2.42418176477072,0,400,25,21.4481884217096,72.38763592327,1.02070811148241,2.93453582051192,0.01375,0.011,0.01375,0.01375,0,0,0,0
08/09/2005,2.51891524791608e-07,0.1,11.4253859102962,39.0868827880298,359.326036151433,0,8.04307065814111,32.1722826325644,2.42418176477073,0,400,25,21.4481884217096,72.38763592327,1.02070811148241,2.93453582051194,0.01375,0.011,0.01375,0.01375,0,0,0,0
09/09/2005,4.01556360179816e-23,0.1,11.5047760032994,0,359.362060140052,0,0,0,0,0,400,25,0,0,0,0,0.01375,0.011,0.01375,0.01375,0,0,0,0
10/09/2005,0,0.1,11.5860888204375,0,359.374961301293,0,0,0,0,0,400,25,0,0,0,0,0.01375,0.011,0.01375,0.01375,0,0,0,0
11/09/2005,0,0.1,11.6693002913912,0,359.364735816136,0,0,0,0,0,400,25,0,0,0,0,0.01375,0.011,0.01375,0.01375,0,0,0,0
12/09/2005,0.00101571263952567,0.1,11.7543857837993,39.4592518801376,359.331386711544,0,8.07469561514339,32.2987824605736,2.43016767418382,0,400,25,21.5325216403824,72.6722605362906,1.02322849439319,2.94178192138042,0.01375,0.011,0.01375,0.01375,0,0,0,0
13/09/2005,1.19803200000422e-05,0.1,11.8413201105505,39.4592518801373,359.274923859559,0,8.07469561514335,32.2987824605734,2.43016767418382,0,400,25,21.5325216403823,72.6722605362902,1.02322849439319,2.94178192138042,0.01375,0.011,0.01375,0.01375,0,0,0,0
14/09/2005,2.31886716651886e-07,0.1,11.9300775372393,39.4592518801372,359.195363974383,0,8.07469561514334,32.2987824605734,2.43016767418382,0,400,25,21.5325216403823,72.6722605362901,1.02322849439319,2.94178192138042,0.01375,0.011,0.01375,0.01375,0,0,0,0
15/09/2005,0,0.1,12.0206317897838,0,359.09273060743,0,0,0,0,0,400,25,0,0,0,0,0.01375,0.011,0.01375,0.01375,0,0,0,0
16/09/2005,0,0.1,12.1129560622039,0,358.967054140356,0,0,0,0,0,400,25,0,0,0,0,0.01375,0.011,0.01375,0.01375,0,0,0,0
17/09/2005,0.00783263763014312,0.1,12.2070230245555,37.1013762971514,358.818371776061,0,8.13977770926748,32.5591108370699,2.54390534865126,0,400,25,21.7060738913799,73.2579993834073,1.07111804153737,3.07946436941995,0.01375,0.011,0.01375,0.01375,0,0,0,0
18/09/2005,0.00513843180598967,0.1,12.3028048310218,39.7970966802934,358.646727527679,0,8.1217828282941,32.4871313131764,2.44614125882994,0,400,25,21.6580875421176,73.096045454647,1.02995421424419,2.96111836595204,0.01375,0.011,0.01375,0.01375,0,0,0,0
19/09/2005,0.000185847001374102,0.1,12.4002731281556,38.9958385992714,358.452172205552,0,8.01736862584029,32.0694745033611,2.4124109203462,0,400,25,21.3796496689074,72.1563176325626,1.01575196646156,2.92028690357697,0.01375,0.011,0.01375,0.01375,0,0,0,0
20/09/2005,2.78264333765676e-06,0.1,12.4993990632724,38.9958385992715,358.234763402183,0,8.01736862584029,32.0694745033612,2.41241092034619,0,400,25,21.3796496689074,72.1563176325626,1.01575196646156,2.92028690357697,0.01375,0.011,0.01375,0.01375,0,0,0,0
21/09/2005,0.000191944641481492,0.1,12.600153292992,38.8385576155484,357.994565475191,0,7.99645723547964,31.9858289419185,2.4055521303543,0,400,25,21.323885961279,71.9681151193167,1.01286405488602,2.91198415779731,0.01375,0.011,0.01375,0.01375,0,0,0,0
22/09/2005,3.07016684319754e-06,0.1,12.7025059919243,38.8385576155485,357.73164952826,0,7.99645723547963,31.9858289419185,2.4055521303543,0,400,25,21.323885961279,71.9681151193166,1.01286405488602,2.91198415779731,0.01375,0.011,0.01375,0.01375,0,0,0,0
23/09/2005,7.64909142202563e-08,0.1,12.8064268614986,0,357.446093390089,0,0,0,0,0,400,25,0,0,0,0,0.01375,0.011,0.01375,0.01375,0,0,0,0
24/09/2005,0,0.1,12.9118851389321,0,357.137981591355,0,0,0,0,0,400,25,0,0,0,0,0.01375,0.011,0.01375,0.01375,0,0,0,0
25/09/2005,0,0.1,13.0188496063369,0,356.807405339689,0,0,0,0,0,400,25,0,0,0,0,0.01375,0.011,0.01375,0.01375,0,0,0,0
26/09/2005,0.0323789303923485,0.1,13.1272885999607,37.789041978865,356.454462492675,0,8.24552089577747,32.9820835831099,2.58208174865615,0,400,25,21.9880557220733,74.2096880619972,1.08719231522364,3.12567790626797,0.01375,0.011,0.01375,0.01375,0,0,0,0
27/09/2005,0.02939356979816,0.1,13.2371700195604,38.0436061434794,356.079257528887,0,8.18849996715221,32.7539998686088,2.54120327332825,0,400,25,21.8359999124059,73.6964997043699,1.0699803256119,3.0761934361342,0.01375,0.011,0.01375,0.01375,0,0,0,0
28/09/2005,0.00339158838557288,0.1,13.3484613379039,39.6632630043683,355.681901516956,0,8.11651878492767,32.4660751397107,2.44747261035073,0,400,25,21.6440500931404,73.048669064349,1.03051478330557,2.96273000200351,0.01375,0.011,0.01375,0.01375,0,0,0,0
29/09/2005,3.15674164795253e-05,0.1,13.4611296103994,39.6632630043685,355.262512082693,0,8.11651878492769,32.4660751397108,2.44747261035073,0,400,25,21.6440500931405,73.0486690643492,1.03051478330557,2.96273000200351,0.01375,0.011,0.01375,0.01375,0,0,0,0
30/09/2005,0.00174557604324725,0.1,13.5751414848473,39.6538207716619,354.82121337427,0,8.09922576605155,32.3969030642062,2.43788663961465,0,400,25,21.5979353761375,72.893031894464,1.02647858510091,2.9511259321651,0.01375,0.011,0.01375,0.01375,0,0,0,0
01/10/2005,1.86426259288236e-05,0.1,13.6904632113135,39.6538207716619,354.35813602547,0,8.09922576605152,32.3969030642061,2.43788663961466,0,400,25,21.5979353761374,72.8930318944637,1.02647858510091,2.95112593216511,0.01375,0.011,0.01375,0.01375,0,0,0,0
02/10/2005,3.20300682653163e-07,0.1,13.8070606521197,39.6538207716618,353.873417117015,0,8.09922576605149,32.396903064206,2.43788663961464,0,400,25,21.5979353761373,72.8930318944634,1.0264785851009,2.95112593216509,0.01375,0.011,0.01375,0.01375,0,0,0,0
03/10/2005,1.21344918665867e-08,0.1,13.9248992919492,0,353.367200135988,0,0,0,0,0,400,25,0,0,0,0,0.01375,0.011,0.01375,0.01375,0,0,0,0
04/10/2005,0,0.1,14.0439442480639,0,352.839634933357,0,0,0,0,0,400,25,0,0,0,0,0.01375,0.011,0.01375,0.01375,0,0,0,0
05/10/2005,0,0.1,14.1641602806307,0,352.290877679617,0,0,0,0,0,400,25,0,0,0,0,0.01375,0.011,0.01375,0.01375,0,0,0,0
06/10/2005,0,0.1,14.2855118031529,0,351.721090818561,0,0,0,0,0,400,25,0,0,0,0,0.01375,0.011,0.01375,0.01375,0,0,0,0
07/10/2005,0,0.1,14.4079628930047,0,351.13044301919,0,0,0,0,0,400,25,0,0,0,0,0.01375,0.011,0.01375,0.01375,0,0,0,0
08/10/2005,0.00529298989880406,0.1,14.5314773020651,37.4688242659926,350.519109125787,0,8.18256722811498,32.7302689124599,2.55645990908398,0,400,25,21.8201792749733,73.6431050530349,1.07640417224589,3.09466199520692,0.01375,0.011,0.01375,0.01375,0,0,0,0
09/10/2005,0.00483490066258806,0.1,14.6560184674478,39.8301496568436,349.887270106158,0,8.12489057379762,32.4995622951905,2.44684652596236,0,400,25,21.6663748634603,73.1240151641786,1.03025116882626,2.96197211037549,0.01375,0.011,0.01375,0.01375,0,0,0,0
10/10/2005,4.27201227776098e-05,0.1,14.7815495223251,39.8301496568435,349.235112998059,0,8.12489057379768,32.4995622951907,2.44684652596233,0,400,25,21.6663748634605,73.1240151641792,1.03025116882625,2.96197211037546,0.01375,0.011,0.01375,0.01375,0,0,0,0
11/10/2005,6.32107839307416e-07,0.1,14.908033306841,39.8301496568435,348.562830853834,0,8.12489057379764,32.4995622951906,2.44684652596234,0,400,25,21.6663748634604,73.1240151641788,1.03025116882625,2.96197211037546,0.01375,0.011,0.01375,0.01375,0,0,0,0
12/10/2005,2.11110374031836e-08,0.1,15.0354323791111,0,347.870622683264,0,0,0,0,0,400,25,0,0,0,0,0.01375,0.011,0.01375,0.01375,0,0,0,0
13/10/2005,0,0.1,15.1637090263067,0,347.158693394657,0,0,0,0,0,400,25,0,0,0,0,0.01375,0.011,0.01375,0.01375,0,0,0,0
14/10/2005,0,0.1,15.292825275818,0,346.427253734189,0,0,0,0,0,400,25,0,0,0,0,0.01375,0.011,0.01375,0.01375,0,0,0,0
15/10/2005,0.000539339078227928,0.1,15.4227429064953,39.3779046407527,345.676520223521,0,8.06444176143942,32.2577670457577,2.42694156924427,0,400,25,21.5051780305051,72.5799758529548,1.02187013441864,2.9378766364536,0.01375,0.011,0.01375,0.01375,0,0,0,0
16/10/2005,7.14306748962733e-06,0.1,15.553423459963,39.3779046407527,344.906715095704,0,8.06444176143938,32.2577670457575,2.42694156924427,0,400,25,21.505178030505,72.5799758529545,1.02187013441864,2.93787663645359,0.01375,0.011,0.01375,0.01375,0,0,0,0
17/10/2005,0.0453693949741825,0.1,15.6848282520041,38.6769191859336,344.11806622939,0,8.36762304356579,33.4704921742632,2.62311975101993,0,400,25,22.3136614495088,75.3086073920921,1.10447147411365,3.17535548807676,0.01375,0.011,0.01375,0.01375,0,0,0,0
18/10/2005,0.0132729589925564,0.1,15.8169183840117,39.229380114288,343.310807081381,0,8.1314969532539,32.5259878130156,2.47011931983545,0,400,25,21.6839918753437,73.1834725792851,1.04005023993072,2.99014443980081,0.01375,0.011,0.01375,0.01375,0,0,0,0
19/10/2005,9.7125758300732e-05,0.1,15.9496547545038,39.2293801142881,342.485176617513,0,8.13149695325376,32.525987813015,2.47011931983546,0,400,25,21.6839918753434,73.1834725792838,1.04005023993072,2.99014443980082,0.01375,0.011,0.01375,0.01375,0,0,0,0
20/10/2005,0.00384230303653205,0.1,16.0829980706979,34.9900067720512,341.641419241926,0,7.80621220826609,31.2248488330643,2.42160086891184,0,400,25,20.8165658887096,70.2559098743948,1.0196214184892,2.93141157815644,0.01375,0.011,0.01375,0.01375,0,0,0,0
21/10/2005,0.0166623689928502,0.1,16.2169088601428,37.4965839312598,340.779784724706,0,8.15821614023815,32.6328645609526,2.54162929889801,0,400,25,21.7552430406351,73.4239452621433,1.07015970479916,3.07670915129759,0.01375,0.011,0.01375,0.01375,0,0,0,0
22/10/2005,0.00402235676108161,0.1,16.3513474824032,39.7715969075705,339.900528127956,0,8.1237692204291,32.4950768817164,2.44810497254757,0,400,25,21.6633845878109,73.1139229838619,1.03078104107266,2.9634954930839,0.01375,0.011,0.01375,0.01375,0,0,0,0
23/10/2005,0.00117755955248988,0.1,16.486274140794,39.6642038255038,339.003909730285,0,8.10083232035486,32.4033292814195,2.43846875033561,0,400,25,21.6022195209463,72.9074908831938,1.02672368435183,2.95183059251152,0.01375,0.011,0.01375,0.01375,0,0,0,0
24/10/2005,0.00117010431367523,0.1,16.6216488941613,39.5758913265332,338.090194949768,0,8.08940155421674,32.357606216867,2.43479540833806,0,400,25,21.5717374779113,72.8046139879507,1.02517701403708,2.9473839153566,0.01375,0.011,0.01375,0.01375,0,0,0,0
25/10/2005,1.34040611556736e-05,0.1,16.7574316687051,39.5758913265332,337.159654265367,0,8.0894015542168,32.3576062168672,2.43479540833808,0,400,25,21.5717374779115,72.8046139879512,1.02517701403709,2.94738391535662,0.01375,0.011,0.01375,0.01375,0,0,0,0
26/10/2005,2.54098055361634e-07,0.1,16.893582269843,39.5758913265331,336.212563136873,0,8.08940155421682,32.3576062168673,2.43479540833809,0,400,25,21.5717374779115,72.8046139879514,1.02517701403709,2.94738391535663,0.01375,0.011,0.01375,0.01375,0,0,0,0
27/10/2005,4.01556360179816e-23,0.1,17.0300603941077,0,335.249201923357,0,0,0,0,0,400,25,0,0,0,0,0.01375,0.011,0.01375,0.01375,0,0,0,0
28/10/2005,0,0.1,17.1668256410784,0,334.269855800181,0,0,0,0,0,400,25,0,0,0,0,0.01375,0.011,0.01375,0.01375,0,0,0,0
29/10/2005,0,0.1,17.3038375253397,0,333.27481467458,0,0,0,0,0,400,25,0,0,0,0,0.01375,0.011,0.01375,0.01375,0,0,0,0
30/10/2005,0.00275610056100691,0.1,17.4410554884664,33.9338850838324,332.264373099842,0,7.70722668599892,30.8289067439957,2.39924573688603,0,400,25,20.5526044959971,69.3650401739903,1.01020873132044,2.90435010254625,0.01375,0.011,0.01375,0.01375,0,0,0,0
31/10/2005,0.261069570295792,0.1,17.5784389110296,38.1814196464929,331.238830188116,0,7.88898919592473,31.5559567836989,2.5131140902163,0,400,25,21.0373045224659,71.0009027633225,1.0581533011437,3.04219074078815,0.01375,0.011,0.01375,0.01375,0,0,0,0
01/11/2005,0.174990956954248,0.1,17.7159471246209,36.360000905251,330.198489521866,0,7.28459458266705,29.1383783306682,2.26418147391127,0,400,25,19.4255855537788,65.5613512440035,0.953339567962641,2.74085125789259,0.01375,0.011,0.01375,0.01375,0,0,0,0
02/11/2005,0.00804531124330516,0.1,17.853539423891,30.8085412944816,329.143659064006,0,5.610428337036,22.441713348144,1.63094973003563,0,400,25,14.961142232096,50.493855033324,0.686715675804474,1.97430756793786,0.01375,0.011,0.01375,0.01375,0,0,0,0
03/11/2005,0.000495578540520295,0.1,17.9911750785997,38.4942431973445,328.074651066735,0,7.7780131532199,31.1120526128796,2.33377907897925,0,400,25,20.7413684085864,70.0021183789791,0.982643822728106,2.8251009903433,0.01375,0.011,0.01375,0.01375,0,0,0,0
04/11/2005,0.00176015319812311,0.1,18.1288133456723,6.11984862520777,326.991781979106,0,0.882669126063437,3.53067650425375,0.130736215695591,0,400,25,2.35378433616917,7.94402213457093,0.0550468276613014,0.158259629526242,0.01375,0.011,0.01375,0.01375,0,0,0,0
05/11/2005,0.177896837619733,0.1,18.2664134812612,36.0739812608773,325.895372353347,0,7.4960602946527,29.9842411786108,2.38460105359737,0,400,25,19.9894941190739,67.4645426518743,1.0040425488831,2.88662232803892,0.01375,0.011,0.01375,0.01375,0,0,0,0
06/11/2005,0.0434205953743101,0.1,18.4039347528061,34.2642204875301,324.785746749974,0,6.81051411562965,27.2420564625186,2.05632864994483,0,400,25,18.1613709750124,61.2946270406669,0.865822589450456,2.48923994467006,0.01375,0.011,0.01375,0.01375,0,0,0,0
07/11/2005,0.000613316055200205,0.1,18.5413364510926,26.6574528315714,323.663233641712,0,5.17547523812593,20.7019009525037,1.51288448670333,0,400,25,13.8012673016692,46.5792771431334,0.637003994401401,1.83138648390403,0.01375,0.011,0.01375,0.01375,0,0,0,0
08/11/2005,0.39999427828582,0.1,18.678577902302,37.3151196237679,322.528165316262,0,7.56185418822385,30.2474167528954,2.43926020545637,0,400,25,20.1649445019303,68.0566876940146,1.02705692861321,2.95278866976297,0.01375,0.011,0.01375,0.01375,0,0,0,0
09/11/2005,0.0706334022175069,0.1,18.8156184800527,34.1364079035351,321.380877777935,0,6.66299056388282,26.6519622555313,2.02080076092888,0,400,25,17.7679748370208,59.9669150749454,0.850863478285842,2.4462325000718,0.01375,0.011,0.01375,0.01375,0,0,0,0
10/11/2005,0.000379762102470675,0.1,18.9524176174254,34.1364079035352,320.221710648189,0,6.66299056388279,26.6519622555312,2.02080076092891,0,400,25,17.7679748370208,59.9669150749451,0.850863478285857,2.44623250007184,0.01375,0.011,0.01375,0.01375,0,0,0,0
11/11/2005,3.78192833301066e-06,0.1,19.0889348189725,34.136407903535,319.05100706509,0,6.66299056388277,26.6519622555311,2.0208007609289,0,400,25,17.7679748370207,59.9669150749449,0.850863478285854,2.44623250007183,0.01375,0.011,0.01375,0.01375,0,0,0,0
12/11/2005,9.0650656432795e-08,0.1,19.2251296727055,0,317.869113581744,0,0,0,0,0,400,25,0,0,0,0,0.01375,0.011,0.01375,0.01375,0,0,0,0
13/11/2005,0,0.1,19.3609618620575,0,316.676380063702,0,0,0,0,0,400,25,0,0,0,0,0.01375,0.011,0.01375,0.01375,0,0,0,0
14/11/2005,0,0.1,19.496391177818,0,315.473159585395,0,0,0,0,0,400,25,0,0,0,0,0.01375,0.011,0.01375,0.01375,0,0,0,0
15/11/2005,0,0.1,19.6313775300357,0,314.259808325618,0,0,0,0,0,400,25,0,0,0,0,0.01375,0.011,0.01375,0.01375,0,0,0,0
16/11/2005,0.00784082798066425,0.1,19.7658809598859,29.9734135125313,313.036685462092,0,7.16575641738206,28.6630256695283,2.21801011428683,0,400,25,19.1086837796855,64.4918077564386,0.933898995489194,2.68495961203143,0.01375,0.011,0.01375,0.01375,0,0,0,0
17/11/2005,0.0023214088762734,0.1,19.899861651499,38.7120094286039,311.80415306514,0,7.98838837376635,31.9535534950654,2.40504260692404,0,400,25,21.3023689967103,71.8954953638972,1.01264951870486,2.91136736627647,0.01375,0.011,0.01375,0.01375,0,0,0,0
18/11/2005,2.33477702390957e-05,0.1,20.0332799437473,38.712009428604,310.562575990505,0,7.98838837376628,31.9535534950651,2.40504260692403,0,400,25,21.3023689967101,71.8954953638965,1.01264951870486,2.91136736627646,0.01375,0.011,0.01375,0.01375,0,0,0,0
19/11/2005,3.85218713891453e-07,0.1,20.166096341985,38.7120094286041,309.31232177135,0,7.98838837376628,31.9535534950651,2.40504260692404,0,400,25,21.3023689967101,71.8954953638965,1.01264951870486,2.91136736627647,0.01375,0.011,0.01375,0.01375,0,0,0,0
20/11/2005,1.41029122788743e-08,0.1,20.2982715297398,0,308.053760509454,0,0,0,0,0,400,25,0,0,0,0,0.01375,0.011,0.01375,0.01375,0,0,0,0
21/11/2005,0,0.1,20.4297663803513,0,306.787264765657,0,0,0,0,0,400,25,0,0,0,0,0.01375,0.011,0.01375,0.01375,0,0,0,0
22/11/2005,0,0.1,20.5605419685534,0,305.513209449576,0,0,0,0,0,400,25,0,0,0,0,0.01375,0.011,0.01375,0.01375,0,0,0,0
23/11/2005,0.00589514248960234,0.1,20.6905595819968,27.3066309731071,304.231971708621,0,6.793251919705,27.17300767882,2.09145279396636,0,400,25,18.1153384525467,61.139267277345,0.880611702722676,2.53175864532769,0.01375,0.011,0.01375,0.01375,0,0,0,0
24/11/2005,0.0014976292999728,0.1,20.8197807327088,38.5652462606204,302.94393081635,0,7.97045763206835,31.8818305282734,2.39954759599797,0,400,25,21.2545536855156,71.7341186886151,1.01033582989388,2.90471551094491,0.01375,0.011,0.01375,0.01375,0,0,0,0
25/11/2005,0.00421830137874425,0.1,20.9481671684868,27.2001544283069,301.649468060202,0,6.76875730119347,27.0750292047739,2.08089575017535,0,400,25,18.0500194698493,60.9188157107413,0.876166631652781,2.51897906600174,0.01375,0.011,0.01375,0.01375,0,0,0,0
26/11/2005,0.030480638767502,0.1,21.0756808842214,36.8165245643168,300.348966628621,0,8.09012317759479,32.3604927103792,2.52474363799322,0,400,25,21.5736618069195,72.8111085983532,1.06304995283925,3.05626861441285,0.01375,0.011,0.01375,0.01375,0,0,0,0
27/11/2005,0.0621520435050453,0.1,21.2022841331467,37.6880623239503,299.042811497628,0,8.17835792537611,32.7134317015044,2.54693821030456,0,400,25,21.8089544676696,73.605221328385,1.07239503591771,3.08313572826341,0.01375,0.011,0.01375,0.01375,0,0,0,0
28/11/2005,0.0443920514413897,0.1,21.3279394380145,37.622580600379,297.73138931686,0,8.15208491464889,32.6083396585956,2.53403365718471,0,400,25,21.7388931057304,73.36876423184,1.06696153986724,3.06751442711833,0.01375,0.011,0.01375,0.01375,0,0,0,0
29/11/2005,0.803963417792459,0.1,21.4526096021881,38.367263367629,296.41508829511,0,7.64147598006585,30.5659039202634,2.48242765773546,0,400,25,20.3772692801756,68.7732838205927,1.04523269799388,3.0050440067324,0.01375,0.011,0.01375,0.01375,0,0,0,0
30/11/2005,0.725737631417412,0.1,21.5762577206533,37.3005973181992,295.094298085414,0,7.33228860857858,29.3291544343143,2.35988065343848,0,400,25,19.5527696228762,65.9905974772072,0.99363395934252,2.85669763310974,0.01375,0.011,0.01375,0.01375,0,0,0,0
01/12/2005,0.149299091071691,0.1,21.6988471909432,31.6749202583459,293.769409669701,0,6.45085139269607,25.8034055707843,1.99423870513691,0,400,25,17.2022703805228,58.0576625342646,0.839679454794487,2.41407843253415,0.01375,0.011,0.01375,0.01375,0,0,0,0
02/12/2005,0.0861856049180787,0.1,21.8203417239731,31.8635469635324,292.440815243058,0,6.85014488197702,27.4005795279081,2.1319472276325,0,400,25,18.2670530186054,61.6513039377932,0.897661990582103,2.58077822292355,0.01375,0.011,0.01375,0.01375,0,0,0,0
03/12/2005,0.698177562620681,0.1,21.9407053547832,37.3672170922369,291.108908097629,0,7.48387938014324,29.935517520573,2.42446781298682,0,400,25,19.957011680382,67.3549144212892,1.02082855283656,2.9348820894051,0.01375,0.011,0.01375,0.01375,0,0,0,0
04/12/2005,0.159427762218635,0.1,22.0599024531845,33.0926211946083,289.774082506192,0,6.51407667772913,26.0563067109165,2.01912800517558,0,400,25,17.370871140611,58.6266900995622,0.850159160073929,2.44420758521255,0.01375,0.011,0.01375,0.01375,0,0,0,0
05/12/2005,0.000739197115046635,0.1,22.1778977343065,33.0926211946076,288.436733605447,0,6.51407667772903,26.0563067109161,2.01912800517564,0,400,25,17.3708711406108,58.6266900995613,0.850159160073955,2.44420758521262,0.01375,0.011,0.01375,0.01375,0,0,0,0
06/12/2005,0.00175279011147716,0.1,22.294656269042,6.101871247583,287.097257279049,0,0.878413553014555,3.51365421205822,0.129711872674388,0,400,25,2.34243614137215,7.905721977131,0.0546155253365844,0.15701963534268,0.01375,0.011,0.01375,0.01375,0,0,0,0
07/12/2005,1.86870678641444e-05,0.1,22.4101434943871,6.10187124758304,285.756050040415,0,0.878413553014553,3.51365421205821,0.129711872674387,0,400,25,2.34243614137214,7.90572197713098,0.054615525336584,0.157019635342679,0.01375,0.011,0.01375,0.01375,0,0,0,0
08/12/2005,3.20926769212234e-07,0.1,22.5243252236724,6.10187124758306,284.413508915348,0,0.878413553014553,3.51365421205821,0.129711872674387,0,400,25,2.34243614137214,7.90572197713098,0.0546155253365838,0.157019635342679,0.01375,0.011,0.01375,0.01375,0,0,0,0
09/12/2005,1.2153809163805e-08,0.1,22.637167656683,0,283.070031324511,0,0,0,0,0,400,25,0,0,0,0,0.01375,0.011,0.01375,0.01375,0,0,0,0
10/12/2005,0,0.1,22.7486373896641,0,281.726014965779,0,0,0,0,0,400,25,0,0,0,0,0.01375,0.011,0.01375,0.01375,0,0,0,0
11/12/2005,0,0.1,22.8587014252095,0,280.381857696517,0,0,0,0,0,400,25,0,0,0,0,0.01375,0.011,0.01375,0.01375,0,0,0,0
12/12/2005,0,0.1,22.9673271820289,0,279.037957415799,0,0,0,0,0,400,25,0,0,0,0,0.01375,0.011,0.01375,0.01375,0,0,0,0
13/12/2005,0,0.1,23.0744825045931,0,277.694711946626,0,0,0,0,0,400,25,0,0,0,0,0.01375,0.011,0.01375,0.01375,0,0,0,0
14/12/2005,0,0.1,23.180135672653,0,276.352518918163,0,0,0,0,0,400,25,0,0,0,0,0.01375,0.011,0.01375,0.01375,0,0,0,0
15/12/2005,0,0.1,23.2842554106286,0,275.011775648026,0,0,0,0,0,400,25,0,0,0,0,0.01375,0.011,0.01375,0.01375,0,0,0,0
16/12/2005,0,0.1,23.3868108968681,0,273.672879024676,0,0,0,0,0,400,25,0,0,0,0,0.01375,0.011,0.01375,0.01375,0,0,0,0
17/12/2005,0,0.1,23.4877717727713,0,272.336225389925,0,0,0,0,0,400,25,0,0,0,0,0.01375,0.011,0.01375,0.01375,0,0,0,0
18/12/2005,0,0.1,23.5871081517765,0,271.002210421614,0,0,0,0,0,400,25,0,0,0,0,0.01375,0.011,0.01375,0.01375,0,0,0,0
19/12/2005,0,0.1,23.6847906282074,0,269.671229016481,0,0,0,0,0,400,25,0,0,0,0,0.01375,0.011,0.01375,0.01375,0,0,0,0
20/12/2005,0,0.1,23.7807902859783,0,268.343675173266,0,0,0,0,0,400,25,0,0,0,0,0.01375,0.011,0.01375,0.01375,0,0,0,0
21/12/2005,0,0.1,23.8750787071532,0,267.019941876079,0,0,0,0,0,400,25,0,0,0,0,0.01375,0.011,0.01375,0.01375,0,0,0,0
22/12/2005,0,0.1,23.9676279803587,0,265.700420978066,0,0,0,0,0,400,25,0,0,0,0,0.01375,0.011,0.01375,0.01375,0,0,0,0
23/12/2005,0,0.1,24.0584107090458,0,264.385503085413,0,0,0,0,0,400,25,0,0,0,0,0.01375,0.011,0.01375,0.01375,0,0,0,0
24/12/2005,0,0.1,24.1474000196006,0,263.07557744172,0,0,0,0,0,400,25,0,0,0,0,0.01375,0.011,0.01375,0.01375,0,0,0,0
25/12/2005,0,0.1,24.2345695692986,0,261.771031812774,0,0,0,0,0,400,25,0,0,0,0,0.01375,0.011,0.01375,0.01375,0,0,0,0
26/12/2005,0,0.1,24.3198935541034,0,260.472252371766,0,0,0,0,0,400,25,0,0,0,0,0.01375,0.011,0.01375,0.01375,0,0,0,0
27/12/2005,0,0.1,24.4033467163048,0,259.17962358497,0,0,0,0,0,400,25,0,0,0,0,0.01375,0.011,0.01375,0.01375,0,0,0,0
28/12/2005,0,0.1,24.484904351996,0,257.893528097937,0,0,0,0,0,400,25,0,0,0,0,0.01375,0.011,0.01375,0.01375,0,0,0,0
29/12/2005,0,0.1,24.5645423183859,0,256.614346622224,0,0,0,0,0,400,25,0,0,0,0,0.01375,0.011,0.01375,0.01375,0,0,0,0
30/12/2005,0,0.1,24.6422370409468,0,255.342457822691,0,0,0,0,0,400,25,0,0,0,0,0.01375,0.011,0.01375,0.01375,0,0,0,0
31/12/2005,0,0.1,24.7179655203918,0,254.078238205414,0,0,0,0,0,400,25,0,0,0,0,0.01375,0.011,0.01375,0.01375,0,0,0,0
01/01/2006,0,0.1,24.8051371179797,0,252.59041410873,0,0,0,0,0,400,25,0,0,0,0,0.01375,0.011,0.01375,0.01375,0,0,0,0
02/01/2006,0.0130351800732328,0.1,24.8764918925008,32.3130989154375,251.344251726306,0,7.48861286870909,29.9544514748364,2.32678020499593,0,400,25,19.9696343165576,67.3975158183818,0.979696928419338,2.8166286692056,0.01375,0.011,0.01375,0.01375,0,0,0,0
03/01/2006,0.00263937316751614,0.1,24.9458110794992,38.9410552166904,250.106942079986,0,8.02088912783248,32.0835565113299,2.41620240012365,0,400,25,21.38903767422,72.1880021504924,1.01734837899943,2.92487658962336,0.01375,0.011,0.01375,0.01375,0,0,0,0
04/01/2006,2.58604456216571e-05,0.1,25.0130741590243,38.9410552166898,248.878851439682,0,8.02088912783244,32.0835565113298,2.41620240012365,0,400,25,21.3890376742198,72.188002150492,1.01734837899943,2.92487658962336,0.01375,0.011,0.01375,0.01375,0,0,0,0
05/01/2006,0.0133401862207328,0.1,25.0782612197774,27.9618332273821,247.660343346284,0,6.80398059948617,27.2159223979447,2.07042063083415,0,400,25,18.1439482652965,61.2358253953756,0.871756055088063,2.50629865837818,0.01375,0.011,0.01375,0.01375,0,0,0,0
06/01/2006,0.00218366960848039,0.1,25.1413529650052,38.4263499930644,246.451778504046,0,7.95253981301347,31.8101592520539,2.3935385311742,0,400,25,21.2067728347026,71.5728583171212,1.0078056973365,2.89744137984245,0.01375,0.011,0.01375,0.01375,0,0,0,0
07/01/2006,0.00488646994496869,0.1,25.2023307182122,34.9635627141828,245.253514673805,0,7.68121264747243,30.7248505898897,2.35095258209725,0,400,25,20.4832337265932,69.1309138272519,0.989874771409369,2.84588996780194,0.01375,0.011,0.01375,0.01375,0,0,0,0
08/01/2006,0.00195080843331797,0.1,25.2611764286895,38.8511096777687,244.065906567085,0,8.00188812262169,32.0075524904867,2.40825151738554,0,400,25,21.3383683269912,72.0169931035952,1.01400063889918,2.91525183683513,0.01375,0.011,0.01375,0.01375,0,0,0,0
09/01/2006,0.000836412546990023,0.1,25.317872676858,37.9192575456823,242.889305741087,0,7.88067251758577,31.5226900703431,2.36914757227798,0,400,25,21.015126713562,70.9260526582719,0.997535819906519,2.86791548223124,0.01375,0.011,0.01375,0.01375,0,0,0,0
10/01/2006,1.01516840143306e-05,0.1,25.3724026794253,37.9192575456821,241.724060494622,0,7.88067251758573,31.5226900703429,2.36914757227799,0,400,25,21.015126713562,70.9260526582716,0.997535819906524,2.86791548223125,0.01375,0.011,0.01375,0.01375,0,0,0,0
11/01/2006,2.02620235032005e-07,0.1,25.4247502943533,37.9192575456819,240.570515765012,0,7.88067251758572,31.5226900703429,2.36914757227799,0,400,25,21.0151267135619,70.9260526582715,0.997535819906523,2.86791548223125,0.01375,0.011,0.01375,0.01375,0,0,0,0
12/01/2006,0.0487475681380575,0.1,25.4749000256372,37.2007034275613,239.429013025974,0,8.16424406457244,32.6569762582898,2.55467820756826,0,400,25,21.7713175055265,73.4781965811519,1.075653982134,3.09250519863526,0.01375,0.011,0.01375,0.01375,0,0,0,0
13/01/2006,0.0445294186741702,0.1,25.5228370278924,35.5569864911364,238.299890186543,0,7.68885983969667,30.7554393587867,2.36602354583272,0,400,25,20.5036262391911,69.1997385572701,0.996220440350618,2.86413376600803,0.01375,0.011,0.01375,0.01375,0,0,0,0
14/01/2006,0.00199415629852433,0.1,25.5685471107489,38.619813696655,237.18348149104,0,7.98281726194532,31.9312690477813,2.40878236996003,0,400,25,21.2875126985208,71.8453553575078,1.01422415577264,2.91589444784635,0.01375,0.011,0.01375,0.01375,0,0,0,0
15/01/2006,0.00236076902006041,0.1,25.6120167430522,39.0109660790387,236.08011742013,0,8.01830793876929,32.0732317550772,2.41249098529597,0,400,25,21.3821545033848,72.1647714489236,1.01578567801936,2.92038382430565,0.01375,0.011,0.01375,0.01375,0,0,0,0
16/01/2006,2.37990925411864e-05,0.1,25.6532330568687,39.0109660790391,234.990124592991,0,8.01830793876928,32.0732317550771,2.41249098529595,0,400,25,21.3821545033847,72.1647714489235,1.01578567801935,2.92038382430563,0.01375,0.011,0.01375,0.01375,0,0,0,0
17/01/2006,0.54889854648101,0.1,25.6921838512949,37.673323692364,233.91382567063,0,7.63239723597149,30.5295889438859,2.45300869541026,0,400,25,20.353059295924,68.6915751237434,1.03284576648853,2.96943157865452,0.01375,0.011,0.01375,0.01375,0,0,0,0
18/01/2006,0.552052033077823,0.1,25.7288575960691,36.5766247561321,232.851539260369,0,7.24029089548644,28.9611635819457,2.30152176895481,0,400,25,19.3074423879638,65.1626180593779,0.969061797454658,2.78605266768214,0.01375,0.011,0.01375,0.01375,0,0,0,0
19/01/2006,0.574569593514027,0.1,25.7632434349846,36.0750714893307,231.803579821526,0,7.22439008566468,28.8975603426587,2.31761432604196,0,400,25,19.2650402284392,65.0195107709821,0.975837610965036,2.80553313152448,0.01375,0.011,0.01375,0.01375,0,0,0,0
20/01/2006,0.203993133291815,0.1,25.7953311891033,31.6378352109301,230.770257572335,0,6.4446206747516,25.7784826990064,1.99306361453033,0,400,25,17.1856551326709,58.0015860727644,0.839184679802246,2.41265595443146,0.01375,0.011,0.01375,0.01375,0,0,0,0
21/01/2006,0.00990016156010736,0.1,25.8251113597692,17.8307770572295,229.751878398107,0,3.06554204705866,12.2621681882347,0.821792751723169,0,400,25,8.17477879215643,27.589878423528,0.346018000725545,0.994801752085942,0.01375,0.011,0.01375,0.01375,0,0,0,0
22/01/2006,0.00108173354480388,0.1,25.8525751314198,6.82085377459226,228.74874376069,0,1.0103680258769,4.0414721035076,0.171094017878529,0,400,25,2.69431473567173,9.09331223289211,0.0720395864751701,0.207113811116114,0.01375,0.011,0.01375,0.01375,0,0,0,0
23/01/2006,0.00039748591157956,0.1,25.8777143741959,6.02565862292191,227.761150609223,0,0.861932439585414,3.44772975834166,0.124097098366175,0,400,25,2.2984865055611,7.75739195626873,0.0522514098383893,0.150222803285369,0.01375,0.011,0.01375,0.01375,0,0,0,0
24/01/2006,0.00261785948080444,0.1,25.9005216463481,6.00005472985963,226.789391292236,0,0.857153073325368,3.42861229330147,0.122583879756977,0,400,25,2.28574152886765,7.71437765992831,0.0516142651608325,0.148391012337393,0.01375,0.011,0.01375,0.01375,0,0,0,0
25/01/2006,0.0137029292691156,0.1,25.9209901964399,6.00000010457778,225.833753471109,0,2.75249940051022,11.0099976020409,0.53960202666019,0,400,25,7.3399984013606,24.772494604592,0.227200853330606,0.653202453325492,0.01375,0.011,0.01375,0.01375,0,0,0,0
26/01/2006,0.00406182750893853,0.1,25.9391139653462,18.6995984734138,224.894520034914,0,4.9791758966318,19.9167035865272,1.48300585874454,0,400,25,13.2778023910181,44.8125830696862,0.624423519471385,1.79521761848023,0.01375,0.011,0.01375,0.01375,0,0,0,0
27/01/2006,0.000816839907809315,0.1,25.9548875880467,36.3770537745392,223.971969016682,0,7.66448668656621,30.6579467462648,2.30231905278663,0,400,25,20.4386311641766,68.9803801790959,0.969397495910159,2.78701780074171,0.01375,0.011,0.01375,0.01375,0,0,0,0
28/01/2006,9.89729163077056e-06,0.1,25.9683063952143,36.3770537745391,223.066373511089,0,7.66448668656613,30.6579467462645,2.30231905278661,0,400,25,20.4386311641763,68.9803801790952,0.96939749591015,2.78701780074168,0.01375,0.011,0.01375,0.01375,0,0,0,0
29/01/2006,1.98474507586642e-07,0.1,25.9793664145975,36.3770537745391,222.178001593623,0,7.66448668656617,30.6579467462647,2.3023190527866,0,400,25,20.4386311641765,68.9803801790956,0.969397495910149,2.78701780074168,0.01375,0.011,0.01375,0.01375,0,0,0,0
30/01/2006,0,0.1,25.9880643721958,0,221.307116241223,0,0,0,0,0,400,25,0,0,0,0,0.01375,0.011,0.01375,0.01375,0,0,0,0
31/01/2006,0,0.1,25.9943976932292,0,220.453975254433,0,0,0,0,0,400,25,0,0,0,0,0.01375,0.011,0.01375,0.01375,0,0,0,0
01/02/2006,0,0.1,25.9983645029001,0,219.618831181091,0,0,0,0,0,400,25,0,0,0,0,0.01375,0.011,0.01375,0.01375,0,0,0,0
02/02/2006,0,0.1,25.9999636269489,0,218.801931241564,0,0,0,0,0,400,25,0,0,0,0,0.01375,0.011,0.01375,0.01375,0,0,0,0
03/02/2006,0,0.1,25.9991945920008,0,218.00351725557,0,0,0,0,0,400,25,0,0,0,0,0.01375,0.011,0.01375,0.01375,0,0,0,0
04/02/2006,0,0.1,25.9960576257065,0,217.22382557059,0,0,0,0,0,400,25,0,0,0,0,0.01375,0.011,0.01375,0.01375,0,0,0,0
05/02/2006,0,0.1,25.9905536566747,0,216.463086991908,0,0,0,0,0,400,25,0,0,0,0,0.01375,0.011,0.01375,0.01375,0,0,0,0
06/02/2006,0,0.1,25.9826843141968,0,215.721526714289,0,0,0,0,0,400,25,0,0,0,0,0.01375,0.011,0.01375,0.01375,0,0,0,0
07/02/2006,0,0.1,25.9724519277653,0,214.999364255309,0,0,0,0,0,400,25,0,0,0,0,0.01375,0.011,0.01375,0.01375,0,0,0,0
08/02/2006,0,0.1,25.9598595263838,0,214.296813390382,0,0,0,0,0,400,25,0,0,0,0,0.01375,0.011,0.01375,0.01375,0,0,0,0
09/02/2006,0,0.1,25.9449108376702,0,213.614082089472,0,0,0,0,0,400,25,0,0,0,0,0.01375,0.011,0.01375,0.01375,0,0,0,0
10/02/2006,0,0.1,25.9276102867536,0,212.951372455532,0,0,0,0,0,400,25,0,0,0,0,0.01375,0.011,0.01375,0.01375,0,0,0,0
11/02/2006,0,0.1,25.9079629949642,0,212.308880664676,0,0,0,0,0,400,25,0,0,0,0,0.01375,0.011,0.01375,0.01375,0,0,0,0
12/02/2006,0,0.1,25.8859747783173,0,211.686796908109,0,0,0,0,0,400,25,0,0,0,0,0.01375,0.011,0.01375,0.01375,0,0,0,0
13/02/2006,0,0.1,25.8616521457917,0,211.085305335824,0,0,0,0,0,400,25,0,0,0,0,0.01375,0.011,0.01375,0.01375,0,0,0,0
14/02/2006,0,0.1,25.8350022974027,0,210.50458400209,0,0,0,0,0,400,25,0,0,0,0,0.01375,0.011,0.01375,0.01375,0,0,0,0
15/02/2006,0.00212154868388357,0.1,25.8060331220709,25.4239728450593,209.944804812745,0,6.45684253459908,25.8273701383963,1.96010030445279,0,400,25,17.2182467589309,58.1115828113917,0.825305391348544,2.37275300012706,0.01375,0.011,0.01375,0.01375,0,0,0,0
16/02/2006,0.000370376858956114,0.1,25.774753195287,36.6575883474769,209.406133474307,0,7.73050299654872,30.9220119861949,2.32418256031189,0,400,25,20.6146746574633,69.5745269689385,0.978603183289216,2.8134841519565,0.01375,0.011,0.01375,0.01375,0,0,0,0
17/02/2006,0.000170953476728724,0.1,25.7411717765731,38.0167349138782,208.888729444924,0,7.89313802259948,31.5725520903979,2.37311545006769,0,400,25,21.0483680602653,71.0382422033953,0.999206505291658,2.87271870271352,0.01375,0.011,0.01375,0.01375,0,0,0,0
18/02/2006,0.00327441916788862,0.1,25.7052988067417,39.3170866719288,208.392745887169,0,8.05677586473674,32.2271034589469,2.42452975698795,0,400,25,21.484735639298,72.5109827826306,1.02085463452124,2.93495707424858,0.01375,0.011,0.01375,0.01375,0,0,0,0
19/02/2006,3.11547459114141e-05,0.1,25.6671449049533,39.3170866719288,207.918329622699,0,8.05677586473682,32.2271034589473,2.42452975698795,0,400,25,21.4847356392982,72.5109827826314,1.02085463452124,2.93495707424857,0.01375,0.011,0.01375,0.01375,0,0,0,0
20/02/2006,0.00260411877596205,0.1,25.6267213655722,39.0822044624997,207.465621088795,0,8.02716862977175,32.108674519087,2.41521456030319,0,400,25,21.4057830127247,72.2445176679458,1.01693244644345,2.92368078352491,0.01375,0.011,0.01375,0.01375,0,0,0,0
21/02/2006,2.58454078623188e-05,0.1,25.5840401548241,39.0822044624999,207.034754296791,0,8.02716862977175,32.108674519087,2.41521456030319,0,400,25,21.4057830127247,72.2445176679458,1.01693244644345,2.92368078352492,0.01375,0.011,0.01375,0.01375,0,0,0,0
22/02/2006,4.18693891417082e-07,0.1,25.5391139072529,39.0822044625,206.625856792401,0,8.02716862977171,32.1086745190868,2.4152145603032,0,400,25,21.4057830127246,72.2445176679454,1.01693244644345,2.92368078352493,0.01375,0.011,0.01375,0.01375,0,0,0,0
23/02/2006,1.50934121019705e-08,0.1,25.4919559219814,0,206.239049617962,0,0,0,0,0,400,25,0,0,0,0,0.01375,0.011,0.01375,0.01375,0,0,0,0
24/02/2006,0,0.1,25.4425801587739,0,205.874447276606,0,0,0,0,0,400,25,0,0,0,0,0.01375,0.011,0.01375,0.01375,0,0,0,0
25/02/2006,0,0.1,25.391001233904,0,205.532157698364,0,0,0,0,0,400,25,0,0,0,0,0.01375,0.011,0.01375,0.01375,0,0,0,0
26/02/2006,0,0.1,25.3372344158281,0,205.212282208215,0,0,0,0,0,400,25,0,0,0,0,0.01375,0.011,0.01375,0.01375,0,0,0,0
27/02/2006,0.112859857447603,0.1,25.2812956206654,36.1263456274189,204.91491549609,0,7.80688661180741,31.2275464472296,2.44721650025591,0,400,25,20.8183642981531,70.2619795062667,1.03040694747617,2.96241997399399,0.01375,0.011,0.01375,0.01375,0,0,0,0
28/02/2006,0.0270827276252025,0.1,25.2232014074861,37.479631034655,204.640145588848,0,7.97807206317552,31.9122882527021,2.44041746084988,0,400,25,21.2748588351347,71.8026485685797,1.02754419404205,2.9541895578709,0.01375,0.011,0.01375,0.01375,0,0,0,0
01/03/2006,0.000173788903419836,0.1,25.1629689734102,37.4796310346556,204.388053824211,0,7.97807206317543,31.9122882527017,2.44041746084988,0,400,25,21.2748588351345,71.8026485685789,1.02754419404205,2.9541895578709,0.01375,0.011,0.01375,0.01375,0,0,0,0
02/03/2006,1.99476612801745e-06,0.1,25.1006161485163,37.479631034656,204.158714826692,0,7.97807206317549,31.912288252702,2.44041746084988,0,400,25,21.2748588351346,71.8026485685794,1.02754419404206,2.95418955787091,0.01375,0.011,0.01375,0.01375,0,0,0,0
03/03/2006,5.38349163179499e-08,0.1,25.0361613905638,0,203.952196485501,0,0,0,0,0,400,25,0,0,0,0,0.01375,0.011,0.01375,0.01375,0,0,0,0
04/03/2006,0,0.1,24.9696237795288,0,203.768559934448,0,0,0,0,0,400,25,0,0,0,0,0.01375,0.011,0.01375,0.01375,0,0,0,0
05/03/2006,0,0.1,24.9010230119562,0,203.60785953385,0,0,0,0,0,400,25,0,0,0,0,0.01375,0.011,0.01375,0.01375,0,0,0,0
06/03/2006,0,0.1,24.8303793951287,0,203.470142854435,0,0,0,0,0,400,25,0,0,0,0,0.01375,0.011,0.01375,0.01375,0,0,0,0
07/03/2006,0,0.1,24.7577138410562,0,203.355450663264,0,0,0,0,0,400,25,0,0,0,0,0.01375,0.011,0.01375,0.01375,0,0,0,0
08/03/2006,0,0.1,24.6830478602847,0,203.263816911658,0,0,0,0,0,400,25,0,0,0,0,0.01375,0.011,0.01375,0.01375,0,0,0,0
09/03/2006,0,0.1,24.6064035555288,0,203.195268725153,0,0,0,0,0,400,25,0,0,0,0,0.01375,0.011,0.01375,0.01375,0,0,0,0
10/03/2006,0,0.1,24.5278036151292,0,203.149826395466,0,0,0,0,0,400,25,0,0,0,0,0.01375,0.011,0.01375,0.01375,0,0,0,0
11/03/2006,0,0.1,24.4472713063363,0,203.127503374491,0,0,0,0,0,400,25,0,0,0,0,0.01375,0.011,0.01375,0.01375,0,0,0,0
12/03/2006,0,0.1,24.3648304684224,0,203.128306270316,0,0,0,0,0,400,25,0,0,0,0,0.01375,0.011,0.01375,0.01375,0,0,0,0
13/03/2006,0,0.1,24.2805055056248,0,203.152234845267,0,0,0,0,0,400,25,0,0,0,0,0.01375,0.011,0.01375,0.01375,0,0,0,0
14/03/2006,0,0.1,24.1943213799221,0,203.199282015978,0,0,0,0,0,400,25,0,0,0,0,0.01375,0.011,0.01375,0.01375,0,0,0,0
15/03/2006,0,0.1,24.1063036036443,0,203.269433855488,0,0,0,0,0,400,25,0,0,0,0,0.01375,0.011,0.01375,0.01375,0,0,0,0
16/03/2006,0.00275399230780496,0.1,24.016478231921,32.369044808205,203.362669597364,0,7.33282014330686,29.3312805732274,2.23584474316623,0,400,25,19.5541870488183,65.9953812897617,0.941408312912095,2.70654889962227,0.01375,0.011,0.01375,0.01375,0,0,0,0
17/03/2006,0.000168692891223914,0.1,23.9248718549683,37.3294017720535,203.478961641847,0,7.83059556835781,31.3223822734313,2.35964093682257,0,400,25,20.8815881822875,70.4753601152203,0.993533026030554,2.85640744983784,0.01375,0.011,0.01375,0.01375,0,0,0,0
18/03/2006,0.000341676594711655,0.1,23.8315115902177,36.9345327010974,203.618275564026,0,7.75664368879506,31.0265747551802,2.33014992067043,0,400,25,20.6843831701201,69.8097931991555,0.981115756071759,2.82070779870631,0.01375,0.011,0.01375,0.01375,0,0,0,0
19/03/2006,4.90824221972748e-06,0.1,23.7364250742888,36.9345327010975,203.780570124022,0,7.75664368879504,31.0265747551802,2.33014992067042,0,400,25,20.6843831701201,69.8097931991554,0.981115756071755,2.8207077987063,0.01375,0.011,0.01375,0.01375,0,0,0,0
20/03/2006,1.12096379013155e-07,0.1,23.6396404548081,0,203.965797279202,0,0,0,0,0,400,25,0,0,0,0,0.01375,0.011,0.01375,0.01375,0,0,0,0
21/03/2006,0,0.1,23.5411863820767,0,204.173902198397,0,0,0,0,0,400,25,0,0,0,0,0.01375,0.011,0.01375,0.01375,0,0,0,0
22/03/2006,3.03107003828067e-05,0.1,23.4410920005895,36.0820853475786,204.404823278136,0,7.6490023547368,30.5960094189472,2.29623450429676,0,400,25,20.3973396126315,68.8410211926312,0.966835580756531,2.77965229467503,0.01375,0.011,0.01375,0.01375,0,0,0,0
23/03/2006,4.16036539427387e-05,0.1,23.3393869404073,36.5736843936865,204.658492160877,0,7.71096862105292,30.8438744842117,2.31573055754848,0,400,25,20.5625829894745,69.3987175894763,0.97504444528357,2.80325278019026,0.01375,0.011,0.01375,0.01375,0,0,0,0
24/03/2006,0.000992775770152631,0.1,23.2361013083863,38.749148577907,204.93483375525,0,7.9851867955345,31.940747182138,2.40200608212193,0,400,25,21.2938314547587,71.8666811598105,1.01137098194608,2.90769157309497,0.01375,0.011,0.01375,0.01375,0,0,0,0
25/03/2006,0.00148061026129951,0.1,23.1312656792653,38.9935124176437,205.233766258277,0,8.01598896020719,32.0639558408288,2.41169717178132,0,400,25,21.3759705605525,72.1439006418647,1.01545144075003,2.91942289215633,0.01375,0.011,0.01375,0.01375,0,0,0,0
26/03/2006,0.000102080499967351,0.1,23.0249110866152,37.9576274565274,205.555201179595,0,7.88541522561271,31.5416609024508,2.37061558603686,0,400,25,21.0277739349672,70.9687370305144,0.998153930962887,2.8696925515183,0.01375,0.011,0.01375,0.01375,0,0,0,0
27/03/2006,1.74824537661558e-06,0.1,22.9170690136522,37.9576274565277,205.899043367646,0,7.88541522561275,31.541660902451,2.37061558603685,0,400,25,21.0277739349673,70.9687370305148,0.998153930962883,2.86969255151829,0.01375,0.011,0.01375,0.01375,0,0,0,0
28/03/2006,4.83500931648152e-08,0.1,22.8077713839186,0,206.265191037846,0,0,0,0,0,400,25,0,0,0,0,0.01375,0.011,0.01375,0.01375,0,0,0,0
29/03/2006,0,0.1,22.6970505518319,0,206.653535802714,0,0,0,0,0,400,25,0,0,0,0,0.01375,0.011,0.01375,0.01375,0,0,0,0
30/03/2006,0,0.1,22.5849392931081,0,207.063962703959,0,0,0,0,0,400,25,0,0,0,0,0.01375,0.011,0.01375,0.01375,0,0,0,0
31/03/2006,0.0114766322154846,0.1,22.4714707950588,35.5100444239253,207.496350246509,0,7.92665154755805,31.7066061902322,2.47362326417719,0,400,25,21.1377374601548,71.3398639280225,1.04152558491671,2.99438605663554,0.01375,0.011,0.01375,0.01375,0,0,0,0
01/04/2006,0.00431419518304829,0.1,22.3566786467673,39.5102185866487,207.950570434476,0,8.08818273899257,32.3527309559703,2.43622913070829,0,400,25,21.5684873039802,72.7936446509331,1.02578068661402,2.94911947401529,0.01375,0.011,0.01375,0.01375,0,0,0,0
02/04/2006,3.88076913318167e-05,0.1,22.2405968291455,39.5102185866488,208.426488809045,0,8.08818273899251,32.35273095597,2.43622913070828,0,400,25,21.56848730398,72.7936446509326,1.02578068661401,2.94911947401529,0.01375,0.011,0.01375,0.01375,0,0,0,0
03/04/2006,5.84258164544699e-07,0.1,22.1232597048746,39.5102185866487,208.923964488279,0,8.08818273899249,32.35273095597,2.43622913070826,0,400,25,21.56848730398,72.7936446509324,1.025780686614,2.94911947401526,0.01375,0.011,0.01375,0.01375,0,0,0,0
04/04/2006,1.97998699071655e-08,0.1,22.0047020082334,0,209.442850208819,0,0,0,0,0,400,25,0,0,0,0,0.01375,0.011,0.01375,0.01375,0,0,0,0
05/04/2006,2.50972725112385e-24,0.1,21.8849588348159,0,209.982992369482,0,0,0,0,0,400,25,0,0,0,0,0.01375,0.011,0.01375,0.01375,0,0,0,0
06/04/2006,0,0.1,21.7640656311426,0,210.544231076725,0,0,0,0,0,400,25,0,0,0,0,0.01375,0.011,0.01375,0.01375,0,0,0,0
07/04/2006,0,0.1,21.642058184167,0,211.126400191981,0,0,0,0,0,400,25,0,0,0,0,0.01375,0.011,0.01375,0.01375,0,0,0,0
08/04/2006,0,0.1,21.5189726106826,0,211.72932738084,0,0,0,0,0,400,25,0,0,0,0,0.01375,0.011,0.01375,0.01375,0,0,0,0
09/04/2006,0,0.1,21.3948453466311,0,212.352834164057,0,0,0,0,0,400,25,0,0,0,0,0.01375,0.011,0.01375,0.01375,0,0,0,0
10/04/2006,0,0.1,21.2697131363166,0,212.996735970394,0,0,0,0,0,400,25,0,0,0,0,0.01375,0.011,0.01375,0.01375,0,0,0,0
11/04/2006,0,0.1,21.1436130215288,0,213.660842191253,0,0,0,0,0,400,25,0,0,0,0,0.01375,0.011,0.01375,0.01375,0,0,0,0
12/04/2006,0,0.1,21.0165823305776,0,214.3449562371,0,0,0,0,0,400,25,0,0,0,0,0.01375,0.011,0.01375,0.01375,0,0,0,0
13/04/2006,0,0.1,20.8886586672431,0,215.04887559566,0,0,0,0,0,400,25,0,0,0,0,0.01375,0.011,0.01375,0.01375,0,0,0,0
14/04/2006,0,0.1,20.7598798996444,0,215.772391891864,0,0,0,0,0,400,25,0,0,0,0,0.01375,0.011,0.01375,0.01375,0,0,0,0
15/04/2006,0.00150342217786221,0.1,20.6302841490292,39.2378282928463,216.515290949537,0,8.0467850789302,32.1871403157208,2.42138635924191,0,400,25,21.4580935438139,72.4210657103718,1.01953109862817,2.931151908556,0.01375,0.011,0.01375,0.01375,0,0,0,0
16/04/2006,1.65034108893477e-05,0.1,20.49990977849,39.2378282928466,217.277352854791,0,8.04678507893025,32.187140315721,2.42138635924192,0,400,25,21.458093543814,72.4210657103723,1.01953109862818,2.931151908556,0.01375,0.011,0.01375,0.01375,0,0,0,0
17/04/2006,3.01015197009821e-07,0.1,20.3687953816071,39.2378282928466,218.058352021133,0,8.0467850789302,32.1871403157208,2.4213863592419,0,400,25,21.4580935438139,72.4210657103718,1.01953109862817,2.93115190855599,0.01375,0.011,0.01375,0.01375,0,0,0,0
18/04/2006,0,0.1,20.2369797710241,0,218.858057256235,0,0,0,0,0,400,25,0,0,0,0,0.01375,0.011,0.01375,0.01375,0,0,0,0
19/04/2006,0,0.1,20.104501966959,0,219.676231830379,0,0,0,0,0,400,25,0,0,0,0,0.01375,0.011,0.01375,0.01375,0,0,0,0
20/04/2006,0,0.1,19.9714011856532,0,220.512633546526,0,0,0,0,0,400,25,0,0,0,0,0.01375,0.011,0.01375,0.01375,0,0,0,0
21/04/2006,0,0.1,19.8377168277622,0,221.367014812022,0,0,0,0,0,400,25,0,0,0,0,0.01375,0.011,0.01375,0.01375,0,0,0,0
22/04/2006,0,0.1,19.703488466693,0,222.239122711881,0,0,0,0,0,400,25,0,0,0,0,0.01375,0.011,0.01375,0.01375,0,0,0,0
23/04/2006,0,0.1,19.5687558368887,0,223.128699083657,0,0,0,0,0,400,25,0,0,0,0,0.01375,0.011,0.01375,0.01375,0,0,0,0
24/04/2006,0,0.1,19.4335588220669,0,224.035480593869,0,0,0,0,0,400,25,0,0,0,0,0.01375,0.011,0.01375,0.01375,0,0,0,0
25/04/2006,0,0.1,19.2979374434129,0,224.959198815945,0,0,0,0,0,400,25,0,0,0,0,0.01375,0.011,0.01375,0.01375,0,0,0,0
26/04/2006,0,0.1,19.1619318477328,0,225.899580309692,0,0,0,0,0,400,25,0,0,0,0,0.01375,0.011,0.01375,0.01375,0,0,0,0
27/04/2006,0,0.1,19.025582295569,0,226.856346702231,0,0,0,0,0,400,25,0,0,0,0,0.01375,0.011,0.01375,0.01375,0,0,0,0
28/04/2006,0,0.1,18.8889291492823,0,227.829214770406,0,0,0,0,0,400,25,0,0,0,0,0.01375,0.011,0.01375,0.01375,0,0,0,0
29/04/2006,0,0.1,18.7520128611039,0,228.817896524626,0,0,0,0,0,400,25,0,0,0,0,0.01375,0.011,0.01375,0.01375,0,0,0,0
30/04/2006,0,0.1,18.6148739611606,0,229.82209929411,0,0,0,0,0,400,25,0,0,0,0,0.01375,0.011,0.01375,0.01375,0,0,0,0
01/05/2006,0,0.1,18.4775530454767,0,230.84152581353,0,0,0,0,0,400,25,0,0,0,0,0.01375,0.011,0.01375,0.01375,0,0,0,0
02/05/2006,0,0.1,18.3400907639575,0,231.875874311002,0,0,0,0,0,400,25,0,0,0,0,0.01375,0.011,0.01375,0.01375,0,0,0,0
03/05/2006,0,0.1,18.2025278083553,0,232.924838597422,0,0,0,0,0,400,25,0,0,0,0,0.01375,0.011,0.01375,0.01375,0,0,0,0
04/05/2006,0,0.1,18.0649049002241,0,233.988108157101,0,0,0,0,0,400,25,0,0,0,0,0.01375,0.011,0.01375,0.01375,0,0,0,0
05/05/2006,0,0.1,17.927262778865,0,235.065368239687,0,0,0,0,0,400,25,0,0,0,0,0.01375,0.011,0.01375,0.01375,0,0,0,0
06/05/2006,0,0.1,17.789642189267,0,236.156299953336,0,0,0,0,0,400,25,0,0,0,0,0.01375,0.011,0.01375,0.01375,0,0,0,0
07/05/2006,0,0.1,17.6520838700448,0,237.260580359109,0,0,0,0,0,400,25,0,0,0,0,0.01375,0.011,0.01375,0.01375,0,0,0,0
08/05/2006,0,0.1,17.5146285413801,0,238.377882566574,0,0,0,0,0,400,25,0,0,0,0,0.01375,0.011,0.01375,0.01375,0,0,0,0
09/05/2006,0,0.1,17.3773168929669,0,239.507875830567,0,0,0,0,0,400,25,0,0,0,0,0.01375,0.011,0.01375,0.01375,0,0,0,0
10/05/2006,0,0.1,17.2401895719671,0,240.650225649104,0,0,0,0,0,400,25,0,0,0,0,0.01375,0.011,0.01375,0.01375,0,0,0,0
11/05/2006,0,0.1,17.1032871709775,0,241.804593862396,0,0,0,0,0,400,25,0,0,0,0,0.01375,0.011,0.01375,0.01375,0,0,0,0
12/05/2006,0,0.1,16.966650216014,0,242.970638752956,0,0,0,0,0,400,25,0,0,0,0,0.01375,0.011,0.01375,0.01375,0,0,0,0
13/05/2006,0,0.1,16.8303191545148,0,244.148015146753,0,0,0,0,0,400,25,0,0,0,0,0.01375,0.011,0.01375,0.01375,0,0,0,0
14/05/2006,0,0.1,16.6943343433671,0,245.33637451539,0,0,0,0,0,400,25,0,0,0,0,0.01375,0.011,0.01375,0.01375,0,0,0,0
15/05/2006,0.00277834095836503,0.1,16.5587360369606,24.6893178710349,246.535365079275,0,6.44031446124914,25.7612578449965,1.9744834863818,0,400,25,17.1741718966644,57.9628301512422,0.831361467950233,2.39016422035692,0.01375,0.011,0.01375,0.01375,0,0,0,0
16/05/2006,0.000556323495298111,0.1,16.4235643752715,37.7360634821645,247.744631911759,0,7.86866143131082,31.4746457252433,2.36822096258221,0,400,25,20.9830971501622,70.8179528817974,0.997145668455666,2.86679379681004,0.01375,0.011,0.01375,0.01375,0,0,0,0
17/05/2006,7.22354988062196e-06,0.1,16.2888593719801,37.7360634821644,248.963817044198,0,7.86866143131076,31.474645725243,2.36822096258222,0,400,25,20.983097150162,70.8179528817969,0.997145668455672,2.86679379681006,0.01375,0.011,0.01375,0.01375,0,0,0,0
18/05/2006,1.53567075556132e-07,0.1,16.1546609026259,37.7360634821644,250.192559571921,0,7.86866143131075,31.474645725243,2.36822096258222,0,400,25,20.983097150162,70.8179528817967,0.997145668455672,2.86679379681006,0.01375,0.011,0.01375,0.01375,0,0,0,0
19/05/2006,0,0.1,16.0210086928035,0,251.430495761065,0,0,0,0,0,400,25,0,0,0,0,0.01375,0.011,0.01375,0.01375,0,0,0,0
20/05/2006,0,0.1,15.8879423064033,0,252.677259156249,0,0,0,0,0,400,25,0,0,0,0,0.01375,0.011,0.01375,0.01375,0,0,0,0
21/05/2006,0,0.1,15.7555011338993,0,253.932480689051,0,0,0,0,0,400,25,0,0,0,0,0.01375,0.011,0.01375,0.01375,0,0,0,0
22/05/2006,0,0.1,15.623724380689,0,255.19578878726,0,0,0,0,0,400,25,0,0,0,0,0.01375,0.011,0.01375,0.01375,0,0,0,0
23/05/2006,0.02698889967617,0.1,15.4926510554879,35.8889463700528,256.466809484872,0,7.92483200494884,31.6993280197954,2.47356411422235,0,400,25,21.1328853465302,71.3234880445396,1.04150067967257,2.99431445405863,0.01375,0.011,0.01375,0.01375,0,0,0,0
24/05/2006,0.0092664585177296,0.1,15.3623199587815,37.1797824070379,257.745166532788,0,7.94861589787042,31.7944635914817,2.43225917076194,0,400,25,21.1963090609878,71.5375430808338,1.02410912453134,2.94431373302762,0.01375,0.011,0.01375,0.01375,0,0,0,0
25/05/2006,0.000698755293432547,0.1,15.2327696713403,38.5944199523779,259.030481510195,0,7.98242751728997,31.9297100691599,2.40547429646631,0,400,25,21.2864733794399,71.8418476556098,1.01283128272266,2.91188993782764,0.01375,0.011,0.01375,0.01375,0,0,0,0
26/05/2006,8.56418763097654e-06,0.1,15.1040385427983,38.5944199523779,260.322373936585,0,7.98242751728995,31.9297100691598,2.40547429646631,0,400,25,21.2864733794399,71.8418476556096,1.01283128272266,2.91188993782764,0.01375,0.011,0.01375,0.01375,0,0,0,0
27/05/2006,1.76410524956969e-07,0.1,14.9761646803015,38.5944199523779,261.620461384384,0,7.98242751728996,31.9297100691598,2.4054742964663,0,400,25,21.2864733794399,71.8418476556096,1.01283128272265,2.91188993782762,0.01375,0.011,0.01375,0.01375,0,0,0,0
28/05/2006,0,0.1,14.8491859372266,0,262.924359592162,0,0,0,0,0,400,25,0,0,0,0,0.01375,0.011,0.01375,0.01375,0,0,0,0
29/05/2006,0,0.1,14.7231399019762,0,264.23368257838,0,0,0,0,0,400,25,0,0,0,0,0.01375,0.011,0.01375,0.01375,0,0,0,0
30/05/2006,0,0.1,14.5980638868514,0,265.54804275565,0,0,0,0,0,400,25,0,0,0,0,0.01375,0.011,0.01375,0.01375,0,0,0,0
31/05/2006,0.0172688829289621,0.1,14.4739949170069,35.584403280374,266.867051045467,0,7.94124191375326,31.764967655013,2.47955679855488,0,400,25,21.176645103342,71.4711772237793,1.044023915181,3.00156875614538,0.01375,0.011,0.01375,0.01375,0,0,0,0
01/06/2006,0.00356387305839498,0.1,14.3509697194906,39.5379675205479,268.190316993389,0,8.09671637438679,32.3868654975472,2.44021034483953,0,400,25,21.5912436650314,72.8704473694811,1.02745698730086,2.95393883848996,0.01375,0.011,0.01375,0.01375,0,0,0,0
02/06/2006,3.30705888436032e-05,0.1,14.2290247123716,39.5379675205482,269.517448884614,0,8.09671637438676,32.386865497547,2.44021034483954,0,400,25,21.5912436650314,72.8704473694809,1.02745698730086,2.95393883848997,0.01375,0.011,0.01375,0.01375,0,0,0,0
03/06/2006,0.0148888942067673,0.1,14.1081959939597,36.11640981649,270.848053859939,0,8.01324545499113,32.0529818199645,2.50348346989756,0,400,25,21.368654546643,72.1192090949202,1.05409830311476,3.03053262145494,0.01375,0.011,0.01375,0.01375,0,0,0,0
04/06/2006,0.00403398601306689,0.1,13.9885193321197,39.6275293035653,272.181738032057,0,8.1055137444348,32.4220549777392,2.44233673446802,0,400,25,21.6147033184928,72.9496236999132,1.02835230924969,2.95651288909286,0.01375,0.011,0.01375,0.01375,0,0,0,0
05/06/2006,0.000718946652217648,0.1,13.870030153683,20.9449157270219,273.51810660215,0,5.90814317498026,23.632572699921,1.79155630022513,0,400,25,15.755048466614,53.1732885748223,0.754339494831632,2.16872604764094,0.01375,0.011,0.01375,0.01375,0,0,0,0
06/06/2006,0.032634231624825,0.1,13.7527635339609,36.2827143192498,274.856763976763,0,7.95030766043596,31.8012306417438,2.48328350105038,0,400,25,21.2008204278292,71.5527689439237,1.04559305307384,3.0060800275873,0.01375,0.011,0.01375,0.01375,0,0,0,0
07/06/2006,0.0155913410432385,0.1,13.6367541863612,35.566451465855,276.197313884907,0,7.67842341881506,30.7136936752602,2.35439247514875,0,400,25,20.4757957835068,69.1058107693355,0.991323147431054,2.85005404886428,0.01375,0.011,0.01375,0.01375,0,0,0,0
08/06/2006,0.000110985057008044,0.1,13.5220364521127,35.5664514658548,277.539359495362,0,7.67842341881507,30.7136936752603,2.35439247514874,0,400,25,20.4757957835069,69.1058107693357,0.99132314743105,2.85005404886427,0.01375,0.011,0.01375,0.01375,0,0,0,0
09/06/2006,1.38179100035893e-06,0.1,13.408644290099,35.5664514658549,278.882503534148,0,7.6784234188151,30.7136936752604,2.35439247514873,0,400,25,20.4757957835069,69.1058107693359,0.991323147431046,2.85005404886426,0.01375,0.011,0.01375,0.01375,0,0,0,0
10/06/2006,0.0085060053135871,0.1,13.2966112668063,33.2684540460422,280.226348402127,0,7.62118589059071,30.4847435623628,2.37161860083621,0,400,25,20.3231623749086,68.5906730153164,0.998576252983667,2.87090672732804,0.01375,0.011,0.01375,0.01375,0,0,0,0
11/06/2006,0.0463315197772272,0.1,13.1859705463869,36.3144287191141,281.570496292702,0,7.86404011158691,31.4561604463476,2.4559756210794,0,400,25,20.9707736308984,70.7763610042822,1.03409499834922,2.97302312025401,0.01375,0.011,0.01375,0.01375,0,0,0,0
12/06/2006,0.0136786222897528,0.1,13.076754880842,35.0514105499724,282.914549309573,0,7.16815454324438,28.6726181729775,2.16760684498645,0,400,25,19.115078781985,64.5133908891994,0.912676566310084,2.62394512814149,0.01375,0.011,0.01375,0.01375,0,0,0,0
13/06/2006,9.95493885132955e-05,0.1,12.9689966003261,35.0514105499731,284.258109584525,0,7.16815454324447,28.6726181729779,2.16760684498642,0,400,25,19.1150787819853,64.5133908892003,0.912676566310072,2.62394512814146,0.01375,0.011,0.01375,0.01375,0,0,0,0
14/06/2006,1.26406653243692e-06,0.1,12.8627276035769,35.0514105499733,285.600779395208,0,7.16815454324449,28.672618172978,2.16760684498641,0,400,25,19.1150787819853,64.5133908892004,0.912676566310068,2.62394512814144,0.01375,0.011,0.01375,0.01375,0,0,0,0
15/06/2006,3.7126046732803e-08,0.1,12.7579793484726,0,286.942161282863,0,0,0,0,0,400,25,0,0,0,0,0.01375,0.011,0.01375,0.01375,0,0,0,0
16/06/2006,0,0.1,12.6547828427194,0,288.281858169988,0,0,0,0,0,400,25,0,0,0,0,0.01375,0.011,0.01375,0.01375,0,0,0,0
17/06/2006,0,0.1,12.5531686346731,0,289.619473477875,0,0,0,0,0,400,25,0,0,0,0,0.01375,0.011,0.01375,0.01375,0,0,0,0
18/06/2006,0,0.1,12.4531668042954,0,290.954611244008,0,0,0,0,0,400,25,0,0,0,0,0.01375,0.011,0.01375,0.01375,0,0,0,0
19/06/2006,0,0.1,12.3548069542502,0,292.286876239276,0,0,0,0,0,400,25,0,0,0,0,0.01375,0.011,0.01375,0.01375,0,0,0,0
20/06/2006,0,0.1,12.2581182011404,0,293.61587408497,0,0,0,0,0,400,25,0,0,0,0,0.01375,0.011,0.01375,0.01375,0,0,0,0
21/06/2006,0.0372931727023973,0.1,12.1631291668888,35.2313448040098,294.941211369524,0,7.71355102061688,30.8542040824675,2.40641501761373,0,400,25,20.5694693883117,69.421959185552,1.01322737583736,2.91302870553241,0.01375,0.011,0.01375,0.01375,0,0,0,0
22/06/2006,0.0434501173366997,0.1,12.0698679702651,34.0459027584997,296.262495764978,0,7.31655615221405,29.2662246088562,2.24930915304427,0,400,25,19.5108164059041,65.8490053699264,0.947077538123902,2.72284792210622,0.01375,0.011,0.01375,0.01375,0,0,0,0
23/06/2006,0.00888186963886803,0.1,11.9783622185626,33.6658983260839,297.579336143113,0,7.56510597733426,30.2604239093371,2.32887949750834,0,400,25,20.173615939558,68.0859537960084,0.980580841056145,2.81916991803642,0.01375,0.011,0.01375,0.01375,0,0,0,0
24/06/2006,0.0170815618610604,0.1,11.8886389994256,35.9368996716588,298.891342691233,0,7.97385557275222,31.8954222910089,2.48678467973305,0,400,25,21.2636148606726,71.76470015477,1.04706723357181,3.01031829651896,0.01375,0.011,0.01375,0.01375,0,0,0,0
25/06/2006,0.00723786152291093,0.1,11.8007248728309,33.8045112443011,300.198127027558,0,7.03001003033563,28.1200401213425,2.11900053127134,0,400,25,18.7466934142284,63.2700902730207,0.892210750008987,2.56510590627584,0.01375,0.011,0.01375,0.01375,0,0,0,0
26/06/2006,0.000787632743599614,0.1,11.7146458632257,8.09641901781771,301.499302316194,0,1.32256791074802,5.29027164299207,0.273107751356994,0,400,25,3.52684776199471,11.9031111967321,0.114992737413471,0.33060412006373,0.01375,0.011,0.01375,0.01375,0,0,0,0
27/06/2006,3.95982837740515e-05,0.1,11.6304274518233,6.50405808135492,302.794483381644,0,0.969048567566595,3.87619427026638,0.158773030221743,0,400,25,2.58412951351092,8.72143710809936,0.0668518021986286,0.192198931321057,0.01375,0.011,0.01375,0.01375,0,0,0,0
28/06/2006,7.85753186416192e-07,0.1,11.5480945690608,6.50405808135492,304.083286822828,0,0.969048567566596,3.87619427026638,0.158773030221743,0,400,25,2.58412951351092,8.72143710809937,0.0668518021986285,0.192198931321057,0.01375,0.011,0.01375,0.01375,0,0,0,0
29/06/2006,2.52047568401555e-08,0.1,11.4676715872185,0,305.365331126578,0,0,0,0,0,400,25,0,0,0,0,0.01375,0.011,0.01375,0.01375,0,0,0,0
30/06/2006,0.0102283111077221,0.1,11.3891823132057,6,306.640236780576,0,3.32980016840903,13.3192006736361,0.689722532658973,0,400,25,8.87946711575742,29.9682015156813,0.290409487435357,0.834927276376652,0.01375,0.011,0.01375,0.01375,0,0,0,0
01/07/2006,7.89687879527853e-05,0.1,11.3126499815131,5.99999999999998,307.907626385693,0,3.32980016840905,13.3192006736362,0.68972253265897,0,400,25,8.87946711575748,29.9682015156815,0.290409487435356,0.834927276376648,0.01375,0.011,0.01375,0.01375,0,0,0,0
02/07/2006,0.000423019461236616,0.1,11.238097247335,38.4726832392725,309.167124767712,0,7.94901375347071,31.7960550138828,2.39000334522463,0,400,25,21.1973700092552,71.5411237812364,1.00631719798932,2.89316194421929,0.01375,0.011,0.01375,0.01375,0,0,0,0
03/07/2006,5.85288200446912e-06,0.1,11.1655461798626,38.4726832392723,310.418359088383,0,7.94901375347074,31.796055013883,2.39000334522462,0,400,25,21.1973700092553,71.5411237812367,1.00631719798932,2.89316194421928,0.01375,0.011,0.01375,0.01375,0,0,0,0
04/07/2006,0.0011986501110014,0.1,11.0950182557516,22.8473545127689,311.660958955797,0,6.16107460701224,24.644298428049,1.87451394098331,0,400,25,16.429532285366,55.4496714631102,0.789269027782447,2.26914845487454,0.01375,0.011,0.01375,0.01375,0,0,0,0
05/07/2006,0.00592561900776583,0.1,11.026534352764,31.4869020274121,312.894556534024,0,7.34593051785489,29.3837220714195,2.27196804948194,0,400,25,19.589148047613,66.113374660694,0.956618126097658,2.75027711253077,0.01375,0.011,0.01375,0.01375,0,0,0,0
06/07/2006,0.00116058210477231,0.1,10.9601147435886,39.0408697938938,314.118786652004,0,8.03402299431245,32.1360919772498,2.42047677142605,0,400,25,21.4240613181665,72.3062069488121,1.01914811428465,2.93005082856838,0.01375,0.011,0.01375,0.01375,0,0,0,0
07/07/2006,1.31925127837862e-05,0.1,10.8957790898389,39.0408697938936,315.333286911643,0,8.03402299431249,32.13609197725,2.42047677142607,0,400,25,21.4240613181666,72.3062069488124,1.01914811428466,2.9300508285684,0.01375,0.011,0.01375,0.01375,0,0,0,0
08/07/2006,2.50826547937317e-07,0.1,10.8335464362339,39.0408697938938,316.53769779509,0,8.0340229943125,32.13609197725,2.42047677142606,0,400,25,21.4240613181667,72.3062069488126,1.01914811428466,2.93005082856839,0.01375,0.011,0.01375,0.01375,0,0,0,0
09/07/2006,0,0.1,10.7734352049594,0,317.731662771168,0,0,0,0,0,400,25,0,0,0,0,0.01375,0.011,0.01375,0.01375,0,0,0,0
10/07/2006,0,0.1,10.7154631902157,0,318.914828400906,0,0,0,0,0,400,25,0,0,0,0,0.01375,0.011,0.01375,0.01375,0,0,0,0
11/07/2006,0,0.1,10.6596475529492,0,320.086844442171,0,0,0,0,0,400,25,0,0,0,0,0.01375,0.011,0.01375,0.01375,0,0,0,0
12/07/2006,0,0.1,10.6060048157731,0,321.247363953343,0,0,0,0,0,400,25,0,0,0,0,0.01375,0.011,0.01375,0.01375,0,0,0,0
13/07/2006,0,0.1,10.5545508580758,0,322.396043396021,0,0,0,0,0,400,25,0,0,0,0,0.01375,0.011,0.01375,0.01375,0,0,0,0
14/07/2006,0,0.1,10.5053009113207,0,323.532542736714,0,0,0,0,0,400,25,0,0,0,0,0.01375,0.011,0.01375,0.01375,0,0,0,0
15/07/2006,0.00859540553986897,0.1,10.4582695545372,31.4039610703922,324.656525547499,0,7.33360302672741,29.3344121069096,2.26812650954436,0,400,25,19.5562747379398,66.0024272405467,0.955000635597624,2.74562682734317,0.01375,0.011,0.01375,0.01375,0,0,0,0
16/07/2006,0.0187042011826447,0.1,10.4134707100049,36.0141055122322,325.767659105614,0,7.96506002403005,31.8602400961202,2.47924079700429,0,400,25,21.2401600640801,71.6855402162705,1.04389086189654,3.00118622795256,0.01375,0.011,0.01375,0.01375,0,0,0,0
17/07/2006,0.00358726896752986,0.1,10.3709176391324,37.5366499232464,326.865614491947,0,7.89524100038278,31.5809640015311,2.38989622324934,0,400,25,21.0539760010207,71.057169003445,1.00627209399972,2.8930322702492,0.01375,0.011,0.01375,0.01375,0,0,0,0
18/07/2006,3.322850666024e-05,0.1,10.3306229385318,37.5366499232459,327.950066688404,0,7.89524100038284,31.5809640015314,2.38989622324932,0,400,25,21.0539760010209,71.0571690034456,1.00627209399971,2.89303227024918,0.01375,0.011,0.01375,0.01375,0,0,0,0
19/07/2006,0.000862167694157123,0.1,10.2925985362894,39.3174919491886,329.020694674121,0,8.05686507038657,32.2274602815463,2.42456763613591,0,400,25,21.4849735210308,72.5117856334791,1.02087058363617,2.935002927954,0.01375,0.011,0.01375,0.01375,0,0,0,0
20/07/2006,1.04773018456743e-05,0.1,10.2568556884352,39.3174919491883,330.077181520497,0,8.05686507038656,32.2274602815463,2.42456763613589,0,400,25,21.4849735210308,72.5117856334791,1.02087058363617,2.93500292795397,0.01375,0.011,0.01375,0.01375,0,0,0,0
21/07/2006,0.00405455447554483,0.1,10.2234049756106,30.5201544825071,331.119214485005,0,7.24262189398456,28.9704875759383,2.24423992154777,0,400,25,19.3136583839588,65.1835970458611,0.94494312486222,2.71671148397888,0.01375,0.011,0.01375,0.01375,0,0,0,0
22/07/2006,0.00122474845402384,0.1,10.1922562999366,39.1680493162714,332.146485103776,0,8.04695399524741,32.1878159809896,2.42374716216132,0,400,25,21.4585439873264,72.4225859572267,1.02052512091003,2.93400972261633,0.01375,0.011,0.01375,0.01375,0,0,0,0
23/07/2006,6.68997415106408e-05,0.1,10.1634188820821,37.6499030982925,333.158689282906,0,7.84848089675676,31.393923587027,2.35947254527792,0,400,25,20.9292823913514,70.6363280708108,0.993462124327547,2.8562036074417,0.01375,0.011,0.01375,0.01375,0,0,0,0
24/07/2006,0.000118347259734778,0.1,10.1369012585347,38.6806662413647,334.155527388481,0,7.97657389654998,31.9062955861999,2.39930123583668,0,400,25,21.2708637241333,71.7891650689499,1.01023209929966,2.90441728548651,0.01375,0.011,0.01375,0.01375,0,0,0,0
25/07/2006,0.117437740563478,0.1,10.1127112790737,36.7798802783234,335.136704335266,0,7.73736308530236,30.9494523412095,2.4416834879913,0,400,25,20.632968227473,69.6362677677213,1.0280772581016,2.9557221170421,0.01375,0.011,0.01375,0.01375,0,0,0,0
26/07/2006,0.0597358844506113,0.1,10.0908561044464,33.2759028924522,336.101929674065,0,6.88096415563366,27.5238566225347,2.08497821695052,0,400,25,18.3492377483564,61.928677400703,0.877885565031799,2.52392099946642,0.01375,0.011,0.01375,0.01375,0,0,0,0
27/07/2006,0.000678821826244851,0.1,10.0713422042482,19.9796646727052,337.050917677694,0,3.8528422876159,15.4113691504636,1.09488372922291,0,400,25,10.2742461003091,34.6755805885431,0.46100367546228,1.32538556695406,0.01375,0.011,0.01375,0.01375,0,0,0,0
28/07/2006,0.000340199529540682,0.1,10.0541753550077,6.30604017048073,337.983387425568,0,0.922724141520947,3.69089656608379,0.143866120068721,0,400,25,2.46059771072253,8.30451727368852,0.0605752084499877,0.174153724293715,0.01375,0.011,0.01375,0.01375,0,0,0,0
29/07/2006,4.87114519661113e-06,0.1,10.0393606384765,6.30604017048079,338.899062886852,0,0.922724141520945,3.69089656608378,0.143866120068721,0,400,25,2.46059771072252,8.30451727368851,0.0605752084499878,0.174153724293715,0.01375,0.011,0.01375,0.01375,0,0,0,0
30/07/2006,1.11405753003813e-07,0.1,10.0269024401251,0,339.797673002179,0,0,0,0,0,400,25,0,0,0,0,0.01375,0.011,0.01375,0.01375,0,0,0,0
31/07/2006,0,0.1,10.0168044478446,0,340.678951763886,0,0,0,0,0,400,25,0,0,0,0,0.01375,0.011,0.01375,0.01375,0,0,0,0
01/08/2006,0,0.1,10.0090696508551,0,341.542638294759,0,0,0,0,0,400,25,0,0,0,0,0.01375,0.011,0.01375,0.01375,0,0,0,0
02/08/2006,0,0.1,10.0037003388204,0,342.388476925256,0,0,0,0,0,400,25,0,0,0,0,0.01375,0.011,0.01375,0.01375,0,0,0,0
03/08/2006,0,0.1,10.000698101171,0,343.216217269194,0,0,0,0,0,400,25,0,0,0,0,0.01375,0.011,0.01375,0.01375,0,0,0,0
04/08/2006,0,0.1,10.0000638266329,0,344.025614297865,0,0,0,0,0,400,25,0,0,0,0,0.01375,0.011,0.01375,0.01375,0,0,0,0
05/08/2006,0.010851267931418,0.1,10.0017977029648,25.5954556968261,344.816428412574,0,6.37069853515895,25.4827941406358,1.89066283025575,0,400,25,16.9885294270905,57.3362868164305,0.796068560107683,2.28869711030959,0.01375,0.011,0.01375,0.01375,0,0,0,0
06/08/2006,0.0017958628267701,0.1,10.0058992169025,36.1872569430195,345.588425515561,0,7.7616256175293,31.0465024701172,2.35657184913041,0,400,25,20.6976683134115,69.8546305577637,0.992240778581224,2.85269223842102,0.01375,0.011,0.01375,0.01375,0,0,0,0
07/08/2006,0.000891311269674542,0.1,10.0123671543109,39.3943383891056,346.341377079302,0,8.06862403142201,32.2744961256881,2.42878642074663,0,400,25,21.5163307504587,72.6176162827981,1.02264691399858,2.94010987774592,0.01375,0.011,0.01375,0.01375,0,0,0,0
08/08/2006,1.07024385364036e-05,0.1,10.0211996005432,39.3943383891057,347.075060214155,0,8.0686240314221,32.2744961256884,2.42878642074664,0,400,25,21.5163307504589,72.6176162827989,1.02264691399858,2.94010987774593,0.01375,0.011,0.01375,0.01375,0,0,0,0
09/08/2006,2.11530542079042e-07,0.1,10.032393941008,39.3943383891056,347.789257734344,0,8.0686240314221,32.2744961256884,2.42878642074662,0,400,25,21.5163307504589,72.6176162827989,1.02264691399858,2.94010987774591,0.01375,0.011,0.01375,0.01375,0,0,0,0
10/08/2006,0,0.1,10.0459468619428,0,348.483758222246,0,0,0,0,0,400,25,0,0,0,0,0.01375,0.011,0.01375,0.01375,0,0,0,0
11/08/2006,0,0.1,10.0618543513956,0,349.15835609098,0,0,0,0,0,400,25,0,0,0,0,0.01375,0.011,0.01375,0.01375,0,0,0,0
12/08/2006,0,0.1,10.0801117004118,0,349.812851645262,0,0,0,0,0,400,25,0,0,0,0,0.01375,0.011,0.01375,0.01375,0,0,0,0
13/08/2006,0,0.1,10.1007135044287,0,350.447051140518,0,0,0,0,0,400,25,0,0,0,0,0.01375,0.011,0.01375,0.01375,0,0,0,0
14/08/2006,0,0.1,10.1236536648752,0,351.06076684024,0,0,0,0,0,400,25,0,0,0,0,0.01375,0.011,0.01375,0.01375,0,0,0,0
15/08/2006,0,0.1,10.1489253909769,0,351.653817071558,0,0,0,0,0,400,25,0,0,0,0,0.01375,0.011,0.01375,0.01375,0,0,0,0
16/08/2006,0,0.1,10.1765212017667,0,352.226026279017,0,0,0,0,0,400,25,0,0,0,0,0.01375,0.011,0.01375,0.01375,0,0,0,0
17/08/2006,0.000509320541549195,0.1,10.206432928299,39.4612609969987,352.777225076551,0,8.07494886516791,32.2997954606716,2.4302473526324,0,400,25,21.5331969737811,72.6745397865111,1.02326204321364,2.94187837423922,0.01375,0.011,0.01375,0.01375,0,0,0,0
18/08/2006,6.81654159863827e-06,0.1,10.2386517160679,39.4612609969989,353.307250297619,0,8.07494886516796,32.2997954606719,2.43024735263241,0,400,25,21.5331969737812,72.6745397865117,1.02326204321364,2.94187837423923,0.01375,0.011,0.01375,0.01375,0,0,0,0
19/08/2006,1.46481112661722e-07,0.1,10.2731680276286,39.4612609969987,353.815945043506,0,8.074948865168,32.299795460672,2.4302473526324,0,400,25,21.5331969737813,72.674539786512,1.02326204321364,2.94187837423922,0.01375,0.011,0.01375,0.01375,0,0,0,0
20/08/2006,0,0.1,10.3099716454204,0,354.303158729775,0,0,0,0,0,400,25,0,0,0,0,0.01375,0.011,0.01375,0.01375,0,0,0,0
21/08/2006,0,0.1,10.3490516747915,0,354.768747130835,0,0,0,0,0,400,25,0,0,0,0,0.01375,0.011,0.01375,0.01375,0,0,0,0
22/08/2006,0,0.1,10.3903965472238,0,355.212572422639,0,0,0,0,0,400,25,0,0,0,0,0.01375,0.011,0.01375,0.01375,0,0,0,0
23/08/2006,0,0.1,10.4339940237578,0,355.634503223483,0,0,0,0,0,400,25,0,0,0,0,0.01375,0.011,0.01375,0.01375,0,0,0,0
24/08/2006,0,0.1,10.4798311986152,0,356.034414632895,0,0,0,0,0,400,25,0,0,0,0,0.01375,0.011,0.01375,0.01375,0,0,0,0
25/08/2006,0,0.1,10.5278945030197,0,356.412188268613,0,0,0,0,0,400,25,0,0,0,0,0.01375,0.011,0.01375,0.01375,0,0,0,0
26/08/2006,0,0.1,10.5781697092131,0,356.767712301624,0,0,0,0,0,400,25,0,0,0,0,0.01375,0.011,0.01375,0.01375,0,0,0,0
27/08/2006,0.000352309430361112,0.1,10.6306419346675,39.2430675996101,357.10088148927,0,8.04744549574918,32.1897819829967,2.42159414199592,0,400,25,21.4598546553311,72.4270094617426,1.01961858610355,2.9314034350477,0.01375,0.011,0.01375,0.01375,0,0,0,0
28/08/2006,5.04393180680157e-06,0.1,10.6852956464909,39.24306759961,357.4115972064,0,8.04744549574917,32.1897819829967,2.42159414199593,0,400,25,21.4598546553311,72.4270094617426,1.01961858610355,2.93140343504771,0.01375,0.011,0.01375,0.01375,0,0,0,0
29/08/2006,1.14614303912573e-07,0.1,10.7421146660246,0,357.69976747457,0,0,0,0,0,400,25,0,0,0,0,0.01375,0.011,0.01375,0.01375,0,0,0,0
30/08/2006,0.0025296762548943,0.1,10.8010821736331,30.622976573921,357.965306989265,0,7.25680614644146,29.0272245857658,2.24901757153669,0,400,25,19.3514830571772,65.3112553179732,0.946954766962818,2.7224949550181,0.01375,0.011,0.01375,0.01375,0,0,0,0
31/08/2006,0.00253797003789459,0.1,10.862180713683,36.534014838716,358.208137145153,0,7.88151405828005,31.5260562331202,2.41457707342337,0,400,25,21.0173708220801,70.9336265245205,1.0166640309151,2.92290908888092,0.01375,0.011,0.01375,0.01375,0,0,0,0
01/09/2006,0.00101955127206727,0.1,10.9253921997097,39.5900377793901,358.428186059355,0,8.09554776336841,32.3821910534736,2.43785228280055,0,400,25,21.5881273689824,72.8599298703157,1.02646411907392,2.95108434233751,0.01375,0.011,0.01375,0.01375,0,0,0,0
02/09/2006,1.19321603637202e-05,0.1,10.9906979197721,39.5900377793901,358.625388592724,0,8.09554776336835,32.3821910534734,2.43785228280054,0,400,25,21.5881273689823,72.8599298703152,1.02646411907391,2.95108434233749,0.01375,0.011,0.01375,0.01375,0,0,0,0
03/09/2006,2.31127113193201e-07,0.1,11.0580785419912,39.5900377793901,358.799686369124,0,8.09554776336837,32.3821910534735,2.43785228280053,0,400,25,21.5881273689823,72.8599298703153,1.02646411907391,2.95108434233748,0.01375,0.011,0.01375,0.01375,0,0,0,0
04/09/2006,0,0.1,11.1275141202729,0,358.951027792715,0,0,0,0,0,400,25,0,0,0,0,0.01375,0.011,0.01375,0.01375,0,0,0,0
05/09/2006,0,0.1,11.1989841002127,0,359.079368063225,0,0,0,0,0,400,25,0,0,0,0,0.01375,0.011,0.01375,0.01375,0,0,0,0
06/09/2006,0,0.1,11.2724673251798,0,359.184669189209,0,0,0,0,0,400,25,0,0,0,0,0.01375,0.011,0.01375,0.01375,0,0,0,0
07/09/2006,0.165427877680901,0.1,11.3479420425803,38.5635531446229,359.2668999993,0,8.10785208900126,32.431408356005,2.57011009847884,0,400,25,21.6209389040033,72.9706688010113,1.08215162041214,3.11118590868491,0.01375,0.011,0.01375,0.01375,0,0,0,0
08/09/2006,0.0684427914757146,0.1,11.4253859102962,37.4640068909273,359.326036151433,0,7.52468901664226,30.0987560665691,2.29514578536247,0,400,25,20.0658373777127,67.7222011497804,0.966377172784199,2.77833437175457,0.01375,0.011,0.01375,0.01375,0,0,0,0
09/09/2006,0.000725242186797968,0.1,11.5047760032994,22.6340511371561,359.362060140052,0,4.3021899881894,17.2087599527576,1.24184016235515,0,400,25,11.4725066351717,38.7197098937046,0.522880068360063,1.50328019653518,0.01375,0.011,0.01375,0.01375,0,0,0,0
10/09/2006,0.0392822115098622,0.1,11.5860888204375,35.1152799121592,359.374961301293,0,7.60741661241997,30.4296664496799,2.37220257161567,0,400,25,20.2864442997866,68.4667495117798,0.998822135417125,2.87161363932423,0.01375,0.011,0.01375,0.01375,0,0,0,0
11/09/2006,0.148344755088744,0.1,11.6693002913912,35.9132695710723,359.364735816136,0,7.41950228092992,29.6780091237197,2.34262961805597,0,400,25,19.7853394158131,66.7755205283693,0.986370365497249,2.83581480080459,0.01375,0.011,0.01375,0.01375,0,0,0,0
12/09/2006,0.0755083156805808,0.1,11.7543857837993,32.0821882297165,359.331386711544,0,6.61146777863935,26.4458711145574,2.01865034760136,0,400,25,17.6305807430383,59.5032100077541,0.849958041095309,2.44362936814901,0.01375,0.011,0.01375,0.01375,0,0,0,0
13/09/2006,0.00405965825048779,0.1,11.8413201105505,22.2730193550101,359.274923859559,0,3.98221961912164,15.9288784764866,1.11264316498679,0,400,25,10.6192523176577,35.8399765720948,0.468481332626016,1.3468838312998,0.01375,0.011,0.01375,0.01375,0,0,0,0
14/09/2006,0.000749279851819036,0.1,11.9300775372393,6.78635265277955,359.195363974383,0,1.00815431655989,4.03261726623956,0.170422921502138,0,400,25,2.68841151082637,9.07338884903901,0.0717570195798476,0.206301431292062,0.01375,0.011,0.01375,0.01375,0,0,0,0
15/09/2006,0.000434006702567486,0.1,12.0206317897838,6.01680075643574,359.09273060743,0,0.860369280732456,3.44147712292982,0.123602815594992,0,400,25,2.29431808195322,7.74332352659211,0.0520432907768387,0.149624460983411,0.01375,0.011,0.01375,0.01375,0,0,0,0
16/09/2006,5.94461768597207e-06,0.1,12.1129560622039,6.01680075643576,358.967054140356,0,0.860369280732458,3.44147712292983,0.123602815594991,0,400,25,2.29431808195322,7.74332352659212,0.0520432907768385,0.149624460983411,0.01375,0.011,0.01375,0.01375,0,0,0,0
17/09/2006,1.31027631972891e-07,0.1,12.2070230245555,6.01680075643577,358.818371776061,0,0.86036928073246,3.44147712292984,0.123602815594991,0,400,25,2.29431808195323,7.74332352659215,0.0520432907768385,0.149624460983411,0.01375,0.011,0.01375,0.01375,0,0,0,0
18/09/2006,0,0.1,12.3028048310218,0,358.646727527679,0,0,0,0,0,400,25,0,0,0,0,0.01375,0.011,0.01375,0.01375,0,0,0,0
19/09/2006,0,0.1,12.4002731281556,0,358.452172205552,0,0,0,0,0,400,25,0,0,0,0,0.01375,0.011,0.01375,0.01375,0,0,0,0
20/09/2006,0,0.1,12.4993990632724,0,358.234763402183,0,0,0,0,0,400,25,0,0,0,0,0.01375,0.011,0.01375,0.01375,0,0,0,0
21/09/2006,0,0.1,12.600153292992,0,357.994565475191,0,0,0,0,0,400,25,0,0,0,0,0.01375,0.011,0.01375,0.01375,0,0,0,0
22/09/2006,0,0.1,12.7025059919243,0,357.73164952826,0,0,0,0,0,400,25,0,0,0,0,0.01375,0.011,0.01375,0.01375,0,0,0,0
23/09/2006,0,0.1,12.8064268614986,0,357.446093390089,0,0,0,0,0,400,25,0,0,0,0,0.01375,0.011,0.01375,0.01375,0,0,0,0
24/09/2006,0,0.1,12.9118851389321,0,357.137981591355,0,0,0,0,0,400,25,0,0,0,0,0.01375,0.011,0.01375,0.01375,0,0,0,0
25/09/2006,0,0.1,13.0188496063369,0,356.807405339689,0,0,0,0,0,400,25,0,0,0,0,0.01375,0.011,0.01375,0.01375,0,0,0,0
26/09/2006,0,0.1,13.1272885999607,0,356.454462492675,0,0,0,0,0,400,25,0,0,0,0,0.01375,0.011,0.01375,0.01375,0,0,0,0
27/09/2006,0,0.1,13.2371700195604,0,356.079257528887,0,0,0,0,0,400,25,0,0,0,0,0.01375,0.011,0.01375,0.01375,0,0,0,0
28/09/2006,0,0.1,13.3484613379039,0,355.681901516956,0,0,0,0,0,400,25,0,0,0,0,0.01375,0.011,0.01375,0.01375,0,0,0,0
29/09/2006,0,0.1,13.4611296103994,0,355.262512082693,0,0,0,0,0,400,25,0,0,0,0,0.01375,0.011,0.01375,0.01375,0,0,0,0
30/09/2006,0,0.1,13.5751414848473,0,354.82121337427,0,0,0,0,0,400,25,0,0,0,0,0.01375,0.011,0.01375,0.01375,0,0,0,0
01/10/2006,0,0.1,13.6904632113135,0,354.35813602547,0,0,0,0,0,400,25,0,0,0,0,0.01375,0.011,0.01375,0.01375,0,0,0,0
02/10/2006,0,0.1,13.8070606521197,0,353.873417117015,0,0,0,0,0,400,25,0,0,0,0,0.01375,0.011,0.01375,0.01375,0,0,0,0
03/10/2006,0,0.1,13.9248992919492,0,353.367200135988,0,0,0,0,0,400,25,0,0,0,0,0.01375,0.011,0.01375,0.01375,0,0,0,0
04/10/2006,0,0.1,14.0439442480639,0,352.839634933357,0,0,0,0,0,400,25,0,0,0,0,0.01375,0.011,0.01375,0.01375,0,0,0,0
05/10/2006,0,0.1,14.1641602806307,0,352.290877679617,0,0,0,0,0,400,25,0,0,0,0,0.01375,0.011,0.01375,0.01375,0,0,0,0
06/10/2006,0,0.1,14.2855118031529,0,351.721090818561,0,0,0,0,0,400,25,0,0,0,0,0.01375,0.011,0.01375,0.01375,0,0,0,0
07/10/2006,0,0.1,14.4079628930047,0,351.13044301919,0,0,0,0,0,400,25,0,0,0,0,0.01375,0.011,0.01375,0.01375,0,0,0,0
08/10/2006,0,0.1,14.5314773020651,0,350.519109125787,0,0,0,0,0,400,25,0,0,0,0,0.01375,0.011,0.01375,0.01375,0,0,0,0
09/10/2006,0,0.1,14.6560184674478,0,349.887270106158,0,0,0,0,0,400,25,0,0,0,0,0.01375,0.011,0.01375,0.01375,0,0,0,0
10/10/2006,0,0.1,14.7815495223251,0,349.235112998059,0,0,0,0,0,400,25,0,0,0,0,0.01375,0.011,0.01375,0.01375,0,0,0,0
11/10/2006,0,0.1,14.908033306841,0,348.562830853834,0,0,0,0,0,400,25,0,0,0,0,0.01375,0.011,0.01375,0.01375,0,0,0,0
12/10/2006,0,0.1,15.0354323791111,0,347.870622683264,0,0,0,0,0,400,25,0,0,0,0,0.01375,0.011,0.01375,0.01375,0,0,0,0
13/10/2006,0,0.1,15.1637090263067,0,347.158693394657,0,0,0,0,0,400,25,0,0,0,0,0.01375,0.011,0.01375,0.01375,0,0,0,0
14/10/2006,0,0.1,15.292825275818,0,346.427253734189,0,0,0,0,0,400,25,0,0,0,0,0.01375,0.011,0.01375,0.01375,0,0,0,0
15/10/2006,0,0.1,15.4227429064953,0,345.676520223521,0,0,0,0,0,400,25,0,0,0,0,0.01375,0.011,0.01375,0.01375,0,0,0,0
16/10/2006,0.000862521738307136,0.1,15.553423459963,28.620560537016,344.906715095704,0,6.9910363640081,27.9641454560324,2.16195985582543,0,400,25,18.6427636373549,62.919327276073,0.91029888666334,2.6171092991571,0.01375,0.011,0.01375,0.01375,0,0,0,0
17/10/2006,0.0216888464573064,0.1,15.6848282520041,30.8255965664711,344.11806622939,0,7.06598887729771,28.2639555091909,2.153344169205,0,400,25,18.8426370061272,63.5938998956794,0.906671229138946,2.60667978377447,0.01375,0.011,0.01375,0.01375,0,0,0,0
18/10/2006,0.00144060434025155,0.1,15.8169183840117,38.9197789889399,343.310807081381,0,8.01475859776291,32.0590343910516,2.41541846061045,0,400,25,21.3726895940344,72.1328273798662,1.0170182992044,2.92392761021265,0.01375,0.011,0.01375,0.01375,0,0,0,0
19/10/2006,1.54773974665099e-05,0.1,15.9496547545038,38.9197789889404,342.485176617513,0,8.01475859776285,32.0590343910514,2.41541846061045,0,400,25,21.3726895940343,72.1328273798657,1.0170182992044,2.92392761021265,0.01375,0.011,0.01375,0.01375,0,0,0,0
20/10/2006,2.8568098407796e-07,0.1,16.0829980706979,38.9197789889403,341.641419241926,0,8.01475859776285,32.0590343910514,2.41541846061045,0,400,25,21.3726895940343,72.1328273798656,1.0170182992044,2.92392761021265,0.01375,0.011,0.01375,0.01375,0,0,0,0
21/10/2006,0,0.1,16.2169088601428,0,340.779784724706,0,0,0,0,0,400,25,0,0,0,0,0.01375,0.011,0.01375,0.01375,0,0,0,0
22/10/2006,0,0.1,16.3513474824032,0,339.900528127956,0,0,0,0,0,400,25,0,0,0,0,0.01375,0.011,0.01375,0.01375,0,0,0,0
23/10/2006,0,0.1,16.486274140794,0,339.003909730285,0,0,0,0,0,400,25,0,0,0,0,0.01375,0.011,0.01375,0.01375,0,0,0,0
24/10/2006,0,0.1,16.6216488941613,0,338.090194949768,0,0,0,0,0,400,25,0,0,0,0,0.01375,0.011,0.01375,0.01375,0,0,0,0
25/10/2006,0,0.1,16.7574316687051,0,337.159654265367,0,0,0,0,0,400,25,0,0,0,0,0.01375,0.011,0.01375,0.01375,0,0,0,0
26/10/2006,0,0.1,16.893582269843,0,336.212563136873,0,0,0,0,0,400,25,0,0,0,0,0.01375,0.011,0.01375,0.01375,0,0,0,0
27/10/2006,0,0.1,17.0300603941077,0,335.249201923357,0,0,0,0,0,400,25,0,0,0,0,0.01375,0.011,0.01375,0.01375,0,0,0,0
28/10/2006,0,0.1,17.1668256410784,0,334.269855800181,0,0,0,0,0,400,25,0,0,0,0,0.01375,0.011,0.01375,0.01375,0,0,0,0
29/10/2006,0,0.1,17.3038375253397,0,333.27481467458,0,0,0,0,0,400,25,0,0,0,0,0.01375,0.011,0.01375,0.01375,0,0,0,0
30/10/2006,0,0.1,17.4410554884664,0,332.264373099842,0,0,0,0,0,400,25,0,0,0,0,0.01375,0.011,0.01375,0.01375,0,0,0,0
31/10/2006,0,0.1,17.5784389110296,0,331.238830188116,0,0,0,0,0,400,25,0,0,0,0,0.01375,0.011,0.01375,0.01375,0,0,0,0
01/11/2006,0,0.1,17.7159471246209,0,330.198489521866,0,0,0,0,0,400,25,0,0,0,0,0.01375,0.011,0.01375,0.01375,0,0,0,0
02/11/2006,0,0.1,17.853539423891,0,329.143659064006,0,0,0,0,0,400,25,0,0,0,0,0.01375,0.011,0.01375,0.01375,0,0,0,0
03/11/2006,0.00305686502803831,0.1,17.9911750785997,35.4602123286619,328.074651066735,0,7.91240211068118,31.6496084427247,2.46708891615414,0,400,25,21.0997389618165,71.2116189961306,1.03877428048596,2.98647605639712,0.01375,0.011,0.01375,0.01375,0,0,0,0
04/11/2006,0.0230413682536603,0.1,18.1288133456723,35.3958627881715,326.991781979106,0,7.77981966869407,31.1192786747763,2.41094072695968,0,400,25,20.7461857831842,70.0183770182466,1.01513293766723,2.91850719579329,0.01375,0.011,0.01375,0.01375,0,0,0,0
05/11/2006,0.00252854375156986,0.1,18.2664134812612,39.6189166755649,325.895372353347,0,8.10801216343541,32.4320486537416,2.44511409538904,0,400,25,21.6213657691611,72.9721094709187,1.02952172437433,2.95987495757621,0.01375,0.011,0.01375,0.01375,0,0,0,0
06/11/2006,0.0182655645525608,0.1,18.4039347528061,37.5057707495017,324.785746749974,0,8.17351167874148,32.6940467149659,2.55008237767814,0,400,25,21.7960311433106,73.5616051086733,1.07371889586448,3.08694182561038,0.01375,0.011,0.01375,0.01375,0,0,0,0
07/11/2006,0.00411363293895936,0.1,18.5413364510926,39.8597387025122,323.663233641712,0,8.13584066193489,32.5433626477396,2.45215039266165,0,400,25,21.695575098493,73.222565957414,1.03248437585754,2.96839258059041,0.01375,0.011,0.01375,0.01375,0,0,0,0
08/11/2006,3.72140759279265e-05,0.1,18.678577902302,39.859738702512,322.528165316262,0,8.13584066193485,32.5433626477394,2.45215039266163,0,400,25,21.6955750984929,73.2225659574137,1.03248437585753,2.9683925805904,0.01375,0.011,0.01375,0.01375,0,0,0,0
09/11/2006,1.38573020245311e-05,0.1,18.8156184800527,39.57317519977,321.380877777935,0,8.0894933480678,32.3579733922712,2.43493605261367,0,400,25,21.5719822615141,72.8054401326102,1.02523623267944,2.94755416895339,0.01375,0.011,0.01375,0.01375,0,0,0,0
10/11/2006,3.53411252051231e-07,0.1,18.9524176174254,39.5731751997701,320.221710648189,0,8.0894933480678,32.3579733922712,2.43493605261368,0,400,25,21.5719822615141,72.8054401326102,1.02523623267944,2.9475541689534,0.01375,0.011,0.01375,0.01375,0,0,0,0
11/11/2006,1.31468576745782e-08,0.1,19.0889348189725,0,319.05100706509,0,0,0,0,0,400,25,0,0,0,0,0.01375,0.011,0.01375,0.01375,0,0,0,0
12/11/2006,0,0.1,19.2251296727055,0,317.869113581744,0,0,0,0,0,400,25,0,0,0,0,0.01375,0.011,0.01375,0.01375,0,0,0,0
13/11/2006,0,0.1,19.3609618620575,0,316.676380063702,0,0,0,0,0,400,25,0,0,0,0,0.01375,0.011,0.01375,0.01375,0,0,0,0
14/11/2006,0,0.1,19.496391177818,0,315.473159585395,0,0,0,0,0,400,25,0,0,0,0,0.01375,0.011,0.01375,0.01375,0,0,0,0
15/11/2006,0,0.1,19.6313775300357,0,314.259808325618,0,0,0,0,0,400,25,0,0,0,0,0.01375,0.011,0.01375,0.01375,0,0,0,0
16/11/2006,0,0.1,19.7658809598859,0,313.036685462092,0,0,0,0,0,400,25,0,0,0,0,0.01375,0.011,0.01375,0.01375,0,0,0,0
17/11/2006,0,0.1,19.899861651499,0,311.80415306514,0,0,0,0,0,400,25,0,0,0,0,0.01375,0.011,0.01375,0.01375,0,0,0,0
18/11/2006,0,0.1,20.0332799437473,0,310.562575990505,0,0,0,0,0,400,25,0,0,0,0,0.01375,0.011,0.01375,0.01375,0,0,0,0
19/11/2006,0,0.1,20.166096341985,0,309.31232177135,0,0,0,0,0,400,25,0,0,0,0,0.01375,0.011,0.01375,0.01375,0,0,0,0
20/11/2006,0,0.1,20.2982715297398,0,308.053760509454,0,0,0,0,0,400,25,0,0,0,0,0.01375,0.011,0.01375,0.01375,0,0,0,0
21/11/2006,0,0.1,20.4297663803513,0,306.787264765657,0,0,0,0,0,400,25,0,0,0,0,0.01375,0.011,0.01375,0.01375,0,0,0,0
22/11/2006,0,0.1,20.5605419685534,0,305.513209449576,0,0,0,0,0,400,25,0,0,0,0,0.01375,0.011,0.01375,0.01375,0,0,0,0
23/11/2006,0,0.1,20.6905595819968,0,304.231971708621,0,0,0,0,0,400,25,0,0,0,0,0.01375,0.011,0.01375,0.01375,0,0,0,0
24/11/2006,0,0.1,20.8197807327088,0,302.94393081635,0,0,0,0,0,400,25,0,0,0,0,0.01375,0.011,0.01375,0.01375,0,0,0,0
25/11/2006,0,0.1,20.9481671684868,0,301.649468060202,0,0,0,0,0,400,25,0,0,0,0,0.01375,0.011,0.01375,0.01375,0,0,0,0
26/11/2006,0,0.1,21.0756808842214,0,300.348966628621,0,0,0,0,0,400,25,0,0,0,0,0.01375,0.011,0.01375,0.01375,0,0,0,0
27/11/2006,0,0.1,21.2022841331467,0,299.042811497628,0,0,0,0,0,400,25,0,0,0,0,0.01375,0.011,0.01375,0.01375,0,0,0,0
28/11/2006,0,0.1,21.3279394380145,0,297.73138931686,0,0,0,0,0,400,25,0,0,0,0,0.01375,0.011,0.01375,0.01375,0,0,0,0
29/11/2006,0,0.1,21.4526096021881,0,296.41508829511,0,0,0,0,0,400,25,0,0,0,0,0.01375,0.011,0.01375,0.01375,0,0,0,0
30/11/2006,0,0.1,21.5762577206533,0,295.094298085414,0,0,0,0,0,400,25,0,0,0,0,0.01375,0.011,0.01375,0.01375,0,0,0,0
01/12/2006,0,0.1,21.6988471909432,0,293.769409669701,0,0,0,0,0,400,25,0,0,0,0,0.01375,0.011,0.01375,0.01375,0,0,0,0
02/12/2006,0,0.1,21.8203417239731,0,292.440815243058,0,0,0,0,0,400,25,0,0,0,0,0.01375,0.011,0.01375,0.01375,0,0,0,0
03/12/2006,0.0195095108075476,0.1,21.9407053547832,38.1385636363138,291.108908097629,0,8.28551520747088,33.1420608298835,2.59361900005931,0,400,25,22.0947072199224,74.569636867238,1.09205010528813,3.13964405270338,0.01375,0.011,0.01375,0.01375,0,0,0,0
04/12/2006,0.00553243882479375,0.1,22.0599024531845,39.9167226826764,289.774082506192,0,8.14151529872354,32.5660611948942,2.45354747789012,0,400,25,21.7107074632628,73.2736376885119,1.03307262226952,2.97008378902488,0.01375,0.011,0.01375,0.01375,0,0,0,0
05/12/2006,4.74895530419102e-05,0.1,22.1778977343065,39.9167226826762,288.436733605447,0,8.14151529872356,32.5660611948942,2.45354747789011,0,400,25,21.7107074632628,73.273637688512,1.03307262226952,2.97008378902487,0.01375,0.011,0.01375,0.01375,0,0,0,0
06/12/2006,6.89378822030578e-07,0.1,22.294656269042,39.9167226826762,287.097257279049,0,8.14151529872352,32.5660611948941,2.45354747789012,0,400,25,21.7107074632627,73.2736376885117,1.03307262226952,2.97008378902488,0.01375,0.011,0.01375,0.01375,0,0,0,0
07/12/2006,2.26564489718028e-08,0.1,22.4101434943871,0,285.756050040415,0,0,0,0,0,400,25,0,0,0,0,0.01375,0.011,0.01375,0.01375,0,0,0,0
08/12/2006,0,0.1,22.5243252236724,0,284.413508915348,0,0,0,0,0,400,25,0,0,0,0,0.01375,0.011,0.01375,0.01375,0,0,0,0
09/12/2006,0,0.1,22.637167656683,0,283.070031324511,0,0,0,0,0,400,25,0,0,0,0,0.01375,0.011,0.01375,0.01375,0,0,0,0
10/12/2006,0,0.1,22.7486373896641,0,281.726014965779,0,0,0,0,0,400,25,0,0,0,0,0.01375,0.011,0.01375,0.01375,0,0,0,0
11/12/2006,0,0.1,22.8587014252095,0,280.381857696517,0,0,0,0,0,400,25,0,0,0,0,0.01375,0.011,0.01375,0.01375,0,0,0,0
12/12/2006,0.00476241631510469,0.1,22.9673271820289,36.1038391206753,279.037957415799,0,8.00644894459464,32.0257957783786,2.50000346527562,0,400,25,21.350530518919,72.0580405013518,1.05263303801079,3.02631998428101,0.01375,0.011,0.01375,0.01375,0,0,0,0
13/12/2006,0.00200288318237486,0.1,23.0744825045931,39.8378838435804,277.694711946626,0,8.1299510911763,32.5198043647052,2.44949040207728,0,400,25,21.6798695764701,73.1695598205867,1.03136437982201,2.96517259198828,0.01375,0.011,0.01375,0.01375,0,0,0,0
14/12/2006,2.07339554948407e-05,0.1,23.180135672653,39.8378838435807,276.352518918163,0,8.1299510911764,32.5198043647056,2.44949040207727,0,400,25,21.6798695764704,73.1695598205876,1.03136437982201,2.96517259198828,0.01375,0.011,0.01375,0.01375,0,0,0,0
15/12/2006,3.49482604029622e-07,0.1,23.2842554106286,39.8378838435804,275.011775648026,0,8.12995109117638,32.5198043647055,2.44949040207726,0,400,25,21.6798695764704,73.1695598205875,1.03136437982201,2.96517259198826,0.01375,0.011,0.01375,0.01375,0,0,0,0
16/12/2006,0.0248741966797029,0.1,23.3868108968681,38.3361148523914,273.672879024676,0,8.3085888468294,33.2343553873176,2.60040800831425,0,400,25,22.1562369248784,74.7772996214646,1.09490863507968,3.14786232585409,0.01375,0.011,0.01375,0.01375,0,0,0,0
17/12/2006,0.00548929399664244,0.1,23.4877717727713,39.9171943300849,272.336225389925,0,8.143610423372,32.574441693488,2.45473067537273,0,400,25,21.7162944623253,73.292493810348,1.03357081068325,2.97151608071435,0.01375,0.011,0.01375,0.01375,0,0,0,0
18/12/2006,4.71122436908068e-05,0.1,23.5871081517765,39.9171943300847,271.002210421614,0,8.14361042337196,32.5744416934878,2.45473067537272,0,400,25,21.7162944623252,73.2924938103476,1.03357081068325,2.97151608071435,0.01375,0.011,0.01375,0.01375,0,0,0,0
19/12/2006,6.84887474645136e-07,0.1,23.6847906282074,39.9171943300843,269.671229016481,0,8.14361042337196,32.5744416934878,2.45473067537271,0,400,25,21.7162944623252,73.2924938103476,1.03357081068325,2.97151608071434,0.01375,0.011,0.01375,0.01375,0,0,0,0
20/12/2006,0.013851573576976,0.1,23.7807902859783,37.6710440801731,268.343675173266,0,8.22649779613311,32.9059911845324,2.57502849178362,0,400,25,21.937327456355,74.038480165198,1.08422252285626,3.11713975321175,0.01375,0.011,0.01375,0.01375,0,0,0,0
21/12/2006,0.00476370918756131,0.1,23.8750787071532,39.9141231103864,267.019941876079,0,8.14007357116807,32.5602942846723,2.45280709816672,0,400,25,21.7068628564482,73.2606621405126,1.03276088343862,2.96918753988603,0.01375,0.011,0.01375,0.01375,0,0,0,0
22/12/2006,0.00262022379413342,0.1,23.9676279803587,39.946174875757,265.700420978066,0,8.13620223494319,32.5448089397727,2.44955251749291,0,400,25,21.6965392931818,73.2258201144887,1.03139053368122,2.96524778433352,0.01375,0.011,0.01375,0.01375,0,0,0,0
23/12/2006,2.58581724039849e-05,0.1,24.0584107090458,39.946174875757,264.385503085413,0,8.13620223494325,32.544808939773,2.4495525174929,0,400,25,21.696539293182,73.2258201144892,1.03139053368122,2.96524778433351,0.01375,0.011,0.01375,0.01375,0,0,0,0
24/12/2006,0.0167710306190978,0.1,24.1474000196006,38.0546676527054,263.07557744172,0,8.27945075844817,33.1178030337927,2.59287211597517,0,400,25,22.0785353558618,74.5150568260335,1.09173562777902,3.13873992986467,0.01375,0.011,0.01375,0.01375,0,0,0,0
25/12/2006,0.0056077228064066,0.1,24.2345695692986,39.9293615897824,261.771031812774,0,8.14203448273367,32.5681379309347,2.45343436851897,0,400,25,21.7120919539564,73.278310344603,1.03302499727115,2.96994686715454,0.01375,0.011,0.01375,0.01375,0,0,0,0
26/12/2006,0.00353356983263013,0.1,24.3198935541034,39.9559917088093,260.472252371766,0,8.13742038581518,32.5496815432607,2.44993081737466,0,400,25,21.6997876955072,73.2367834723366,1.03154981784196,2.96570572629564,0.01375,0.011,0.01375,0.01375,0,0,0,0
27/12/2006,3.30331393152801e-05,0.1,24.4033467163048,39.955991708809,259.17962358497,0,8.13742038581516,32.5496815432606,2.44993081737466,0,400,25,21.6997876955071,73.2367834723364,1.03154981784196,2.96570572629564,0.01375,0.011,0.01375,0.01375,0,0,0,0
28/12/2006,5.1198518395312e-07,0.1,24.484904351996,39.955991708809,257.893528097937,0,8.13742038581515,32.5496815432606,2.44993081737464,0,400,25,21.6997876955071,73.2367834723364,1.03154981784195,2.96570572629561,0.01375,0.011,0.01375,0.01375,0,0,0,0
29/12/2006,1.7780699580842e-08,0.1,24.5645423183859,0,256.614346622224,0,0,0,0,0,400,25,0,0,0,0,0.01375,0.011,0.01375,0.01375,0,0,0,0
30/12/2006,0.00989561758339961,0.1,24.6422370409468,37.8510241896472,255.342457822691,0,8.24774484453591,32.9909793781436,2.5813427555151,0,400,25,21.9939862520958,74.2297036008232,1.08688116021689,3.12478333562354,0.01375,0.011,0.01375,0.01375,0,0,0,0
31/12/2006,0.00414111286149166,0.1,24.7179655203918,39.9205994048339,254.078238205414,0,8.13985464639254,32.5594185855702,2.45247172215651,0,400,25,21.7062790570468,73.2586918175329,1.03261967248695,2.96878155839998,0.01375,0.011,0.01375,0.01375,0,0,0,0
01/01/2007,3.7548391280621e-05,0.1,24.8051371179797,39.9205994048336,252.59041410873,0,8.13985464639258,32.5594185855703,2.4524717221565,0,400,25,21.7062790570469,73.2586918175332,1.03261967248695,2.96878155839997,0.01375,0.011,0.01375,0.01375,0,0,0,0
02/01/2007,0.0677305310664148,0.1,24.8764918925008,39.2812013575435,251.344251726306,0,8.44379974195521,33.7751989678208,2.64708846108938,0,400,25,22.5167993118806,75.9941976775969,1.11456356256395,3.20437024237135,0.01375,0.011,0.01375,0.01375,0,0,0,0
03/01/2007,0.039227744392576,0.1,24.9458110794992,38.9041883132993,250.106942079986,0,8.15020684629104,32.6008273851642,2.51367300585643,0,400,25,21.7338849234428,73.3518616166194,1.05838863404481,3.04286732287883,0.01375,0.011,0.01375,0.01375,0,0,0,0
04/01/2007,0.00261815937780993,0.1,25.0130741590243,39.8494256163632,248.878851439682,0,8.13700132146054,32.5480052858422,2.45516062818155,0,400,25,21.6986701905615,73.2330118931449,1.03375184344486,2.97203654990398,0.01375,0.011,0.01375,0.01375,0,0,0,0
05/01/2007,2.52937645286729e-05,0.1,25.0782612197774,39.8494256163626,247.660343346284,0,8.13700132146051,32.5480052858421,2.45516062818157,0,400,25,21.6986701905614,73.2330118931446,1.03375184344487,2.97203654990401,0.01375,0.011,0.01375,0.01375,0,0,0,0
06/01/2007,4.11352757009618e-07,0.1,25.1413529650052,39.8494256163626,246.451778504046,0,8.13700132146054,32.5480052858422,2.45516062818156,0,400,25,21.6986701905614,73.2330118931449,1.03375184344487,2.972036549904,0.01375,0.011,0.01375,0.01375,0,0,0,0
07/01/2007,1.48774924780025e-08,0.1,25.2023307182122,0,245.253514673805,0,0,0,0,0,400,25,0,0,0,0,0.01375,0.011,0.01375,0.01375,0,0,0,0
08/01/2007,0,0.1,25.2611764286895,0,244.065906567085,0,0,0,0,0,400,25,0,0,0,0,0.01375,0.011,0.01375,0.01375,0,0,0,0
09/01/2007,0,0.1,25.317872676858,0,242.889305741087,0,0,0,0,0,400,25,0,0,0,0,0.01375,0.011,0.01375,0.01375,0,0,0,0
10/01/2007,0,0.1,25.3724026794253,0,241.724060494622,0,0,0,0,0,400,25,0,0,0,0,0.01375,0.011,0.01375,0.01375,0,0,0,0
11/01/2007,0,0.1,25.4247502943533,0,240.570515765012,0,0,0,0,0,400,25,0,0,0,0,0.01375,0.011,0.01375,0.01375,0,0,0,0
12/01/2007,0,0.1,25.4749000256372,0,239.429013025974,0,0,0,0,0,400,25,0,0,0,0,0.01375,0.011,0.01375,0.01375,0,0,0,0
13/01/2007,0,0.1,25.5228370278924,0,238.299890186543,0,0,0,0,0,400,25,0,0,0,0,0.01375,0.011,0.01375,0.01375,0,0,0,0
14/01/2007,0,0.1,25.5685471107489,0,237.18348149104,0,0,0,0,0,400,25,0,0,0,0,0.01375,0.011,0.01375,0.01375,0,0,0,0
15/01/2007,0,0.1,25.6120167430522,0,236.08011742013,0,0,0,0,0,400,25,0,0,0,0,0.01375,0.011,0.01375,0.01375,0,0,0,0
16/01/2007,0,0.1,25.6532330568687,0,234.990124592991,0,0,0,0,0,400,25,0,0,0,0,0.01375,0.011,0.01375,0.01375,0,0,0,0
17/01/2007,0,0.1,25.6921838512949,0,233.91382567063,0,0,0,0,0,400,25,0,0,0,0,0.01375,0.011,0.01375,0.01375,0,0,0,0
18/01/2007,0,0.1,25.7288575960691,0,232.851539260369,0,0,0,0,0,400,25,0,0,0,0,0.01375,0.011,0.01375,0.01375,0,0,0,0
19/01/2007,0,0.1,25.7632434349846,0,231.803579821526,0,0,0,0,0,400,25,0,0,0,0,0.01375,0.011,0.01375,0.01375,0,0,0,0
20/01/2007,0,0.1,25.7953311891033,0,230.770257572335,0,0,0,0,0,400,25,0,0,0,0,0.01375,0.011,0.01375,0.01375,0,0,0,0
21/01/2007,0,0.1,25.8251113597692,0,229.751878398107,0,0,0,0,0,400,25,0,0,0,0,0.01375,0.011,0.01375,0.01375,0,0,0,0
22/01/2007,0,0.1,25.8525751314198,0,228.74874376069,0,0,0,0,0,400,25,0,0,0,0,0.01375,0.011,0.01375,0.01375,0,0,0,0
23/01/2007,0,0.1,25.8777143741959,0,227.761150609223,0,0,0,0,0,400,25,0,0,0,0,0.01375,0.011,0.01375,0.01375,0,0,0,0
24/01/2007,6.90013905257032e-06,0.1,25.9005216463481,39.7856676271291,226.789391292236,0,8.11584045720114,32.4633618288046,2.44311281481404,0,400,25,21.642241219203,73.0425641148103,1.0286790799217,2.95745235477489,0.01375,0.011,0.01375,0.01375,0,0,0,0
25/01/2007,0.00797047351037209,0.1,25.9209901964399,38.0202537395814,225.833753471109,0,8.13724343844615,32.5489737537846,2.51264006887424,0,400,25,21.6993158358564,73.2351909460154,1.05795371321021,3.04161692547934,0.01375,0.011,0.01375,0.01375,0,0,0,0
26/01/2007,0.00117661545176473,0.1,25.9391139653462,39.8310447910141,224.894520034914,0,8.13495124475356,32.5398049790143,2.45257261731568,0,400,25,21.6932033193428,73.2145612027821,1.03266215465924,2.9689036946453,0.01375,0.011,0.01375,0.01375,0,0,0,0
27/01/2007,1.3297997726229e-05,0.1,25.9548875880467,39.8310447910141,223.971969016682,0,8.13495124475353,32.5398049790141,2.45257261731569,0,400,25,21.6932033193427,73.2145612027817,1.03266215465924,2.96890369464531,0.01375,0.011,0.01375,0.01375,0,0,0,0
28/01/2007,2.52459034838473e-07,0.1,25.9683063952143,39.8310447910141,223.066373511089,0,8.13495124475347,32.5398049790139,2.45257261731569,0,400,25,21.6932033193426,73.2145612027813,1.03266215465924,2.96890369464531,0.01375,0.011,0.01375,0.01375,0,0,0,0
29/01/2007,0,0.1,25.9793664145975,0,222.178001593623,0,0,0,0,0,400,25,0,0,0,0,0.01375,0.011,0.01375,0.01375,0,0,0,0
30/01/2007,0,0.1,25.9880643721958,0,221.307116241223,0,0,0,0,0,400,25,0,0,0,0,0.01375,0.011,0.01375,0.01375,0,0,0,0
31/01/2007,0,0.1,25.9943976932292,0,220.453975254433,0,0,0,0,0,400,25,0,0,0,0,0.01375,0.011,0.01375,0.01375,0,0,0,0
01/02/2007,0,0.1,25.9983645029001,0,219.618831181091,0,0,0,0,0,400,25,0,0,0,0,0.01375,0.011,0.01375,0.01375,0,0,0,0
02/02/2007,0.000939102839663376,0.1,25.9999636269489,39.9202733526679,218.801931241564,0,8.13280756546235,32.5312302618494,2.44845106844546,0,400,25,21.6874868412329,73.1952680891611,1.03092676566125,2.96391445127609,0.01375,0.011,0.01375,0.01375,0,0,0,0
03/02/2007,1.12369492110994e-05,0.1,25.9991945920008,39.9202733526677,218.00351725557,0,8.1328075654624,32.5312302618496,2.44845106844548,0,400,25,21.6874868412331,73.1952680891616,1.03092676566125,2.96391445127611,0.01375,0.011,0.01375,0.01375,0,0,0,0
04/02/2007,2.20097055756967e-07,0.1,25.9960576257065,39.9202733526677,217.22382557059,0,8.13280756546242,32.5312302618497,2.44845106844549,0,400,25,21.6874868412331,73.1952680891618,1.03092676566126,2.96391445127612,0.01375,0.011,0.01375,0.01375,0,0,0,0
05/02/2007,0,0.1,25.9905536566747,0,216.463086991908,0,0,0,0,0,400,25,0,0,0,0,0.01375,0.011,0.01375,0.01375,0,0,0,0
06/02/2007,0,0.1,25.9826843141968,0,215.721526714289,0,0,0,0,0,400,25,0,0,0,0,0.01375,0.011,0.01375,0.01375,0,0,0,0
07/02/2007,0,0.1,25.9724519277653,0,214.999364255309,0,0,0,0,0,400,25,0,0,0,0,0.01375,0.011,0.01375,0.01375,0,0,0,0
08/02/2007,0,0.1,25.9598595263838,0,214.296813390382,0,0,0,0,0,400,25,0,0,0,0,0.01375,0.011,0.01375,0.01375,0,0,0,0
09/02/2007,0.00132530690097432,0.1,25.9449108376702,39.9404223774931,213.614082089472,0,8.13534735850754,32.5413894340302,2.44925014741861,0,400,25,21.6942596226868,73.2181262265678,1.03126321996573,2.96488175740147,0.01375,0.011,0.01375,0.01375,0,0,0,0
10/02/2007,1.48883156260605e-05,0.1,25.9276102867536,39.940422377493,212.951372455532,0,8.1353473585075,32.54138943403,2.44925014741861,0,400,25,21.6942596226867,73.2181262265675,1.03126321996573,2.96488175740148,0.01375,0.011,0.01375,0.01375,0,0,0,0
11/02/2007,0.117543564069857,0.1,25.9079629949642,39.5177723039336,212.308880664676,0,8.48443358481765,33.9377343392706,2.66265655592492,0,400,25,22.6251562261804,76.3599022633589,1.12111854986312,3.22321583085648,0.01375,0.011,0.01375,0.01375,0,0,0,0
12/02/2007,1.03131435261925,0.1,25.8859747783173,38.6522462440846,211.686796908109,0,7.74230580373874,30.969223214955,2.50284766145117,0,400,25,20.64614880997,69.6807522336487,1.05383059429523,3.02976295859878,0.01375,0.011,0.01375,0.01375,0,0,0,0
13/02/2007,2.10115609665913,0.1,25.8616521457917,38.5240799960251,211.085305335824,0,7.60795646478726,30.431825859149,2.47612728487669,0,400,25,20.2878839060993,68.4716081830853,1.04257990942176,2.99741723958757,0.01375,0.011,0.01375,0.01375,0,0,0,0
14/02/2007,0.649826315749079,0.1,25.8350022974027,35.0920150744974,210.50458400209,0,6.9350298219103,27.7401192876412,2.20595113777669,0,400,25,18.4934128584275,62.4152683971927,0.928821531695448,2.67036190362441,0.01375,0.011,0.01375,0.01375,0,0,0,0
15/02/2007,0.0211380774206224,0.1,25.8060331220709,9.2078623395806,209.944804812745,0,1.52732760194581,6.10931040778322,0.352305733833917,0,400,25,4.07287360518882,13.7459484175123,0.148339256351123,0.426475362009478,0.01375,0.011,0.01375,0.01375,0,0,0,0
16/02/2007,0.0159318557490878,0.1,25.774753195287,6.02799554880374,209.406133474307,0,0.862991671008451,3.4519666840338,0.124585494263456,0,400,25,2.3013111226892,7.76692503907606,0.0524570502161919,0.150814019371552,0.01375,0.011,0.01375,0.01375,0,0,0,0
17/02/2007,0.00927261631741626,0.1,25.7411717765731,6.08894446630275,208.888729444924,0,0.862798657294865,3.45119462917946,0.123882958360916,0,400,25,2.30079641945297,7.76518791565378,0.0521612456256487,0.14996358117374,0.01375,0.011,0.01375,0.01375,0,0,0,0
18/02/2007,0.00729182727390083,0.1,25.7052988067417,6.36949742494081,208.392745887169,0,0.880431011368688,3.52172404547475,0.127909457328014,0,400,25,2.3478160303165,7.92387910231819,0.0538566136117955,0.154837764133912,0.01375,0.011,0.01375,0.01375,0,0,0,0
19/02/2007,0.00547606764431883,0.1,25.6671449049533,6.00405328662035,207.918329622699,0,0.857398321883785,3.42959328753514,0.122639100786688,0,400,25,2.28639552502343,7.71658489695407,0.0516375161207107,0.148457858847043,0.01375,0.011,0.01375,0.01375,0,0,0,0
20/02/2007,0.00497182179389257,0.1,25.6267213655722,14.3263709021007,207.465621088795,0,3.23475900274959,12.9390360109984,0.906738812069764,0,400,25,8.62602400733224,29.1128310247463,0.381784762976743,1.09763119355813,0.01375,0.011,0.01375,0.01375,0,0,0,0
21/02/2007,0.00286652840948571,0.1,25.5840401548241,31.2511599408938,207.034754296791,0,6.42518955044319,25.7007582017728,1.9011485610708,0,400,25,17.1338388011818,57.8267059539887,0.80048360466139,2.3013903634015,0.01375,0.011,0.01375,0.01375,0,0,0,0
22/02/2007,0.0011134570840813,0.1,25.5391139072529,6.63420606244608,206.625856792401,0,0.9969894613044,3.9879578452176,0.167251011092289,0,400,25,2.6586385634784,8.9729051517396,0.070421478354648,0.202461750269613,0.01375,0.011,0.01375,0.01375,0,0,0,0
23/02/2007,1.28216771898718e-05,0.1,25.4919559219814,6.63420606244613,206.239049617962,0,0.996989461304391,3.98795784521756,0.167251011092289,0,400,25,2.65863856347838,8.97290515173951,0.070421478354648,0.202461750269613,0.01375,0.011,0.01375,0.01375,0,0,0,0
24/02/2007,0.000930045653371381,0.1,25.4425801587739,35.443978740119,205.874447276606,0,7.56780338382496,30.2712135352998,2.27067798891941,0,400,25,20.1808090235332,68.1102304544246,0.95607494270291,2.74871546027087,0.01375,0.011,0.01375,0.01375,0,0,0,0
25/02/2007,0.117277549008427,0.1,25.391001233904,31.8829324493531,205.532157698364,0,7.16827135845664,28.6730854338266,2.20351944154273,0,400,25,19.1153902892177,64.5144422261098,0.92779765959694,2.6674182713412,0.01375,0.011,0.01375,0.01375,0,0,0,0
26/02/2007,0.0354892647568926,0.1,25.3372344158281,33.6026489134441,205.212282208215,0,7.18410216766284,28.7364086706514,2.18036850724512,0,400,25,19.1576057804342,64.6569195089655,0.918049897787417,2.63939345613882,0.01375,0.011,0.01375,0.01375,0,0,0,0
27/02/2007,0.118184187103845,0.1,25.2812956206654,30.8598817413421,204.91491549609,0,6.81020436006488,27.2408174402595,2.10810217192153,0,400,25,18.160544960173,61.2918392405839,0.887621967124855,2.55191315548396,0.01375,0.011,0.01375,0.01375,0,0,0,0
28/02/2007,0.0212518668301849,0.1,25.2232014074861,31.823422690695,204.640145588848,0,6.93683030881833,27.7473212352733,2.10853222703813,0,400,25,18.4982141568489,62.431472779365,0.887803042963422,2.55243374851984,0.01375,0.011,0.01375,0.01375,0,0,0,0
01/03/2007,0.492914317050982,0.1,25.1629689734102,36.7364099156689,204.388053824211,0,7.44597059617737,29.7838823847095,2.40472639717268,0,400,25,19.8559215898063,67.0137353655963,1.01251637775692,2.91098458605114,0.01375,0.011,0.01375,0.01375,0,0,0,0
02/03/2007,0.625973123828472,0.1,25.1006161485163,37.0064551022884,204.158714826692,0,7.39875039467482,29.5950015786993,2.38621165735865,0,400,25,19.7300010524662,66.5887535520734,1.00472069783522,2.88857200627626,0.01375,0.011,0.01375,0.01375,0,0,0,0
03/03/2007,0.107565402964263,0.1,25.0361613905638,31.2143083625509,203.952196485501,0,6.37701622346178,25.5080648938471,1.9572984400561,0,400,25,17.0053765958981,57.393146011156,0.82412565897099,2.3693612695416,0.01375,0.011,0.01375,0.01375,0,0,0,0
04/03/2007,0.00121575658169049,0.1,24.9696237795288,17.097505414079,203.768559934448,0,3.28658980793598,13.1463592317439,0.930090031077783,0,400,25,8.76423948782929,29.5793082714238,0.391616855190646,1.12589845867311,0.01375,0.011,0.01375,0.01375,0,0,0,0
05/03/2007,0.0428804972111898,0.1,24.9010230119562,27.1414539713687,203.60785953385,0,6.48322255035148,25.9328902014059,1.95965618211946,0,400,25,17.2885934676039,58.3490029531633,0.82511839247135,2.37221537835513,0.01375,0.011,0.01375,0.01375,0,0,0,0
06/03/2007,0.555043542666315,0.1,24.8303793951287,36.7424356212282,203.470142854435,0,7.4387684699651,29.7550738798604,2.39986233620424,0,400,25,19.8367159199069,66.9489162296859,1.010468352086,2.90509651224724,0.01375,0.011,0.01375,0.01375,0,0,0,0
07/03/2007,0.219923809046827,0.1,24.7577138410562,32.4413195990561,203.355450663264,0,6.6218566327487,26.4874265309948,2.0579082656933,0,400,25,17.6582843539965,59.5967096947383,0.86648769081823,2.49115211110241,0.01375,0.011,0.01375,0.01375,0,0,0,0
08/03/2007,0.00309043789297996,0.1,24.6830478602847,22.5000741902831,203.263816911658,0,4.50533747596255,18.0213499038502,1.3149186853125,0,400,25,12.0142332692335,40.548037283663,0.553649972763158,1.59174367169408,0.01375,0.011,0.01375,0.01375,0,0,0,0
09/03/2007,0.040887134165408,0.1,24.6064035555288,29.8193916785316,203.195268725153,0,6.96323124751766,27.8529249900707,2.13638897195059,0,400,25,18.5686166600471,62.669081227659,0.899532198716039,2.58615507130861,0.01375,0.011,0.01375,0.01375,0,0,0,0
10/03/2007,0.00747753173708175,0.1,24.5278036151292,33.9278469547837,203.149826395466,0,6.85053416621645,27.4021366648658,2.03674668712836,0,400,25,18.2680911099105,61.654807495948,0.857577552475101,2.46553546336591,0.01375,0.011,0.01375,0.01375,0,0,0,0
11/03/2007,6.05826200751264e-05,0.1,24.4472713063363,33.927846954784,203.127503374491,0,6.85053416621642,27.4021366648657,2.03674668712835,0,400,25,18.2680911099104,61.6548074959478,0.857577552475093,2.46553546336589,0.01375,0.011,0.01375,0.01375,0,0,0,0
12/03/2007,8.41593234220917e-07,0.1,24.3648304684224,33.9278469547843,203.128306270316,0,6.85053416621639,27.4021366648656,2.03674668712835,0,400,25,18.2680911099104,61.6548074959475,0.857577552475096,2.4655354633659,0.01375,0.011,0.01375,0.01375,0,0,0,0
13/03/2007,0.0103378525921024,0.1,24.2805055056248,23.8770508521913,203.152234845267,0,6.32216535631894,25.2886614252758,1.93226773093216,0,400,25,16.8591076168505,56.8994882068705,0.813586413024065,2.33906093744419,0.01375,0.011,0.01375,0.01375,0,0,0,0
14/03/2007,0.00196934365321512,0.1,24.1943213799221,36.6414369923848,203.199282015978,0,7.72809480926982,30.9123792370793,2.32328905707906,0,400,25,20.6082528247195,69.5528532834283,0.978226971401709,2.81240254277991,0.01375,0.011,0.01375,0.01375,0,0,0,0
15/03/2007,2.03366626879079e-05,0.1,24.1063036036443,36.6414369923846,203.269433855488,0,7.72809480926988,30.9123792370795,2.32328905707905,0,400,25,20.6082528247197,69.5528532834289,0.978226971401704,2.8124025427799,0.01375,0.011,0.01375,0.01375,0,0,0,0
16/03/2007,3.43981491682657e-07,0.1,24.016478231921,36.6414369923843,203.362669597364,0,7.72809480926988,30.9123792370795,2.32328905707905,0,400,25,20.6082528247197,69.552853283429,0.978226971401704,2.8124025427799,0.01375,0.011,0.01375,0.01375,0,0,0,0
17/03/2007,1.28604042834312e-08,0.1,23.9248718549683,0,203.478961641847,0,0,0,0,0,400,25,0,0,0,0,0.01375,0.011,0.01375,0.01375,0,0,0,0
18/03/2007,0.087015950373474,0.1,23.8315115902177,26.7258665766066,203.618275564026,0,6.38255772728771,25.5302309091508,1.89789259554014,0,400,25,17.0201539394339,57.4430195455894,0.799112671806374,2.29744893144333,0.01375,0.011,0.01375,0.01375,0,0,0,0
19/03/2007,0.0320088626823925,0.1,23.7364250742888,24.6771600952203,203.780570124022,0,6.08331474781951,24.333258991278,1.76050233033024,0,400,25,16.222172660852,54.7498327303756,0.741264139086417,2.13113439987345,0.01375,0.011,0.01375,0.01375,0,0,0,0
20/03/2007,0.033984613080701,0.1,23.6396404548081,28.582697420689,203.965797279202,0,6.83799296148223,27.3519718459289,2.07479689394806,0,400,25,18.234647897286,61.5419366533401,0.873598692188655,2.51159624004238,0.01375,0.011,0.01375,0.01375,0,0,0,0
21/03/2007,0.00778371874617504,0.1,23.5411863820767,33.1039822612013,204.173902198397,0,7.35457366617826,29.4182946647131,2.22441872637772,0,400,25,19.612196443142,66.1911629956044,0.93659735847483,2.69271740561514,0.01375,0.011,0.01375,0.01375,0,0,0,0
22/03/2007,6.27029787261105e-05,0.1,23.4410920005895,33.1039822612013,204.404823278136,0,7.35457366617824,29.418294664713,2.22441872637772,0,400,25,19.612196443142,66.1911629956042,0.936597358474831,2.69271740561514,0.01375,0.011,0.01375,0.01375,0,0,0,0
23/03/2007,8.65648743796837e-07,0.1,23.3393869404073,33.1039822612011,204.658492160877,0,7.3545736661782,29.4182946647128,2.22441872637772,0,400,25,19.6121964431419,66.1911629956038,0.936597358474828,2.69271740561513,0.01375,0.011,0.01375,0.01375,0,0,0,0
24/03/2007,2.72734331271032e-08,0.1,23.2361013083863,0,204.93483375525,0,0,0,0,0,400,25,0,0,0,0,0.01375,0.011,0.01375,0.01375,0,0,0,0
25/03/2007,0.0182221253226202,0.1,23.1312656792653,31.833235456956,205.233766258277,0,7.42288762732113,29.6915505092845,2.30475306211726,0,400,25,19.7943670061897,66.8059886458901,0.970422341944108,2.78996423308931,0.01375,0.011,0.01375,0.01375,0,0,0,0
26/03/2007,0.0139817972575232,0.1,23.0249110866152,32.383613468472,205.555201179595,0,7.37016915445814,29.4806766178326,2.25673726271937,0,400,25,19.6537844118884,66.3315223901233,0.950205163250261,2.7318398443445,0.01375,0.011,0.01375,0.01375,0,0,0,0
27/03/2007,0.00112874016401036,0.1,22.9170690136522,36.7908826168722,205.899043367646,0,7.75524636359629,31.0209854543852,2.33401172232191,0,400,25,20.6806569695901,69.7972172723666,0.982741777819751,2.82538261123178,0.01375,0.011,0.01375,0.01375,0,0,0,0
28/03/2007,1.27226265231558e-05,0.1,22.8077713839186,36.7908826168722,206.265191037846,0,7.75524636359627,31.0209854543851,2.33401172232191,0,400,25,20.68065696959,69.7972172723664,0.982741777819752,2.82538261123179,0.01375,0.011,0.01375,0.01375,0,0,0,0
29/03/2007,2.43524826861543e-07,0.1,22.6970505518319,36.7908826168722,206.653535802714,0,7.75524636359627,31.0209854543851,2.33401172232191,0,400,25,20.6806569695901,69.7972172723665,0.982741777819752,2.82538261123179,0.01375,0.011,0.01375,0.01375,0,0,0,0
30/03/2007,0,0.1,22.5849392931081,0,207.063962703959,0,0,0,0,0,400,25,0,0,0,0,0.01375,0.011,0.01375,0.01375,0,0,0,0
31/03/2007,0,0.1,22.4714707950588,0,207.496350246509,0,0,0,0,0,400,25,0,0,0,0,0.01375,0.011,0.01375,0.01375,0,0,0,0
01/04/2007,0,0.1,22.3566786467673,0,207.950570434476,0,0,0,0,0,400,25,0,0,0,0,0.01375,0.011,0.01375,0.01375,0,0,0,0
02/04/2007,0,0.1,22.2405968291455,0,208.426488809045,0,0,0,0,0,400,25,0,0,0,0,0.01375,0.011,0.01375,0.01375,0,0,0,0
03/04/2007,0,0.1,22.1232597048746,0,208.923964488279,0,0,0,0,0,400,25,0,0,0,0,0.01375,0.011,0.01375,0.01375,0,0,0,0
04/04/2007,0,0.1,22.0047020082334,0,209.442850208819,0,0,0,0,0,400,25,0,0,0,0,0.01375,0.011,0.01375,0.01375,0,0,0,0
05/04/2007,0,0.1,21.8849588348159,0,209.982992369482,0,0,0,0,0,400,25,0,0,0,0,0.01375,0.011,0.01375,0.01375,0,0,0,0
06/04/2007,0,0.1,21.7640656311426,0,210.544231076725,0,0,0,0,0,400,25,0,0,0,0,0.01375,0.011,0.01375,0.01375,0,0,0,0
07/04/2007,0,0.1,21.642058184167,0,211.126400191981,0,0,0,0,0,400,25,0,0,0,0,0.01375,0.011,0.01375,0.01375,0,0,0,0
08/04/2007,0.00909378035191818,0.1,21.5189726106826,25.938756984863,211.72932738084,0,6.56342080436901,26.253683217476,1.99708636137173,0,400,25,17.5024554783174,59.0707872393211,0.840878467945993,2.41752559534473,0.01375,0.011,0.01375,0.01375,0,0,0,0
09/04/2007,0.00537223164926833,0.1,21.3948453466311,31.0216351209548,212.352834164057,0,7.18626182170117,28.7450472868047,2.19562990316051,0,400,25,19.1633648578698,64.6763563953105,0.92447574869916,2.65786777751009,0.01375,0.011,0.01375,0.01375,0,0,0,0
10/04/2007,0.000864172573330173,0.1,21.2697131363166,37.1602438120979,212.996735970394,0,7.79435635384794,31.1774254153918,2.34439408239133,0,400,25,20.7849502769278,70.1492071846315,0.98711329784898,2.83795073131582,0.01375,0.011,0.01375,0.01375,0,0,0,0
11/04/2007,1.03374469963889e-05,0.1,21.1436130215288,37.1602438120982,213.660842191253,0,7.79435635384795,31.1774254153918,2.34439408239133,0,400,25,20.7849502769279,70.1492071846315,0.98711329784898,2.83795073131582,0.01375,0.011,0.01375,0.01375,0,0,0,0
12/04/2007,2.05635363557878e-07,0.1,21.0165823305776,37.1602438120985,214.3449562371,0,7.79435635384794,31.1774254153917,2.34439408239132,0,400,25,20.7849502769278,70.1492071846314,0.987113297848976,2.8379507313158,0.01375,0.011,0.01375,0.01375,0,0,0,0
13/04/2007,0.000122063242384225,0.1,20.8886586672431,33.8472898805094,215.04887559566,0,7.36730544712303,29.4692217884921,2.20760599336366,0,400,25,19.6461478589948,66.3057490241073,0.929518312995224,2.67236514986127,0.01375,0.011,0.01375,0.01375,0,0,0,0
14/04/2007,2.12076369552729e-06,0.1,20.7598798996444,33.8472898805095,215.772391891864,0,7.36730544712306,29.4692217884922,2.20760599336366,0,400,25,19.6461478589948,66.3057490241075,0.929518312995225,2.67236514986127,0.01375,0.011,0.01375,0.01375,0,0,0,0
15/04/2007,5.65889990115862e-08,0.1,20.6302841490292,0,216.515290949537,0,0,0,0,0,400,25,0,0,0,0,0.01375,0.011,0.01375,0.01375,0,0,0,0
16/04/2007,0,0.1,20.49990977849,0,217.277352854791,0,0,0,0,0,400,25,0,0,0,0,0.01375,0.011,0.01375,0.01375,0,0,0,0
17/04/2007,0,0.1,20.3687953816071,0,218.058352021133,0,0,0,0,0,400,25,0,0,0,0,0.01375,0.011,0.01375,0.01375,0,0,0,0
18/04/2007,0,0.1,20.2369797710241,0,218.858057256235,0,0,0,0,0,400,25,0,0,0,0,0.01375,0.011,0.01375,0.01375,0,0,0,0
19/04/2007,0,0.1,20.104501966959,0,219.676231830379,0,0,0,0,0,400,25,0,0,0,0,0.01375,0.011,0.01375,0.01375,0,0,0,0
20/04/2007,0,0.1,19.9714011856532,0,220.512633546526,0,0,0,0,0,400,25,0,0,0,0,0.01375,0.011,0.01375,0.01375,0,0,0,0
21/04/2007,0,0.1,19.8377168277622,0,221.367014812022,0,0,0,0,0,400,25,0,0,0,0,0.01375,0.011,0.01375,0.01375,0,0,0,0
22/04/2007,0,0.1,19.703488466693,0,222.239122711881,0,0,0,0,0,400,25,0,0,0,0,0.01375,0.011,0.01375,0.01375,0,0,0,0
23/04/2007,0,0.1,19.5687558368887,0,223.128699083657,0,0,0,0,0,400,25,0,0,0,0,0.01375,0.011,0.01375,0.01375,0,0,0,0
24/04/2007,0.00965206546851373,0.1,19.4335588220669,31.2579045744466,224.035480593869,0,7.34333402001626,29.373336080065,2.2779132087499,0,400,25,19.5822240533767,66.0900061801463,0.959121351052591,2.7574738842762,0.01375,0.011,0.01375,0.01375,0,0,0,0
25/04/2007,0.0162421956974286,0.1,19.2979374434129,31.086522746244,224.959198815945,0,7.19625031827736,28.7850012731094,2.19861589966811,0,400,25,19.1900008487396,64.7662528644963,0.925733010386574,2.6614824048614,0.01375,0.011,0.01375,0.01375,0,0,0,0
26/04/2007,0.00133125349592059,0.1,19.1619318477328,37.6473793500491,225.899580309692,0,7.86162069418334,31.4464827767333,2.36700864998098,0,400,25,20.9643218511556,70.75458624765,0.996635221044621,2.86532626050329,0.01375,0.011,0.01375,0.01375,0,0,0,0
27/04/2007,0.000128066923948243,0.1,19.025582295569,31.3345145576233,226.856346702231,0,7.0523143031294,28.2092572125176,2.10894448456174,0,400,25,18.8061714750117,63.4708287281646,0.887976625078629,2.55293279710106,0.01375,0.011,0.01375,0.01375,0,0,0,0
28/04/2007,0.0210033634026594,0.1,18.8889291492823,31.9514238618907,227.829214770406,0,7.34486505514513,29.3794602205805,2.26455440805698,0,400,25,19.5863068137204,66.1037854963062,0.953496592866096,2.74130270449003,0.01375,0.011,0.01375,0.01375,0,0,0,0
29/04/2007,0.00342627716598178,0.1,18.7520128611039,38.9265548856453,228.817896524626,0,8.01655142798668,32.0662057119467,2.41453532209741,0,400,25,21.3774704746311,72.1489628518801,1.01664645140944,2.92285854780213,0.01375,0.011,0.01375,0.01375,0,0,0,0
30/04/2007,8.21313295643032e-05,0.1,18.6148739611606,36.6082123563249,229.82209929411,0,7.71882040270425,30.875281610817,2.31923538972535,0,400,25,20.583521073878,69.4693836243383,0.976520164094884,2.80749547177279,0.01375,0.011,0.01375,0.01375,0,0,0,0
01/05/2007,1.36089683229859e-06,0.1,18.4775530454767,36.6082123563247,230.84152581353,0,7.71882040270426,30.875281610817,2.31923538972535,0,400,25,20.583521073878,69.4693836243383,0.976520164094885,2.8074954717728,0.01375,0.011,0.01375,0.01375,0,0,0,0
02/05/2007,3.94266715858692e-08,0.1,18.3400907639575,0,231.875874311002,0,0,0,0,0,400,25,0,0,0,0,0.01375,0.011,0.01375,0.01375,0,0,0,0
03/05/2007,0,0.1,18.2025278083553,0,232.924838597422,0,0,0,0,0,400,25,0,0,0,0,0.01375,0.011,0.01375,0.01375,0,0,0,0
04/05/2007,0,0.1,18.0649049002241,0,233.988108157101,0,0,0,0,0,400,25,0,0,0,0,0.01375,0.011,0.01375,0.01375,0,0,0,0
05/05/2007,0,0.1,17.927262778865,0,235.065368239687,0,0,0,0,0,400,25,0,0,0,0,0.01375,0.011,0.01375,0.01375,0,0,0,0
06/05/2007,0,0.1,17.789642189267,0,236.156299953336,0,0,0,0,0,400,25,0,0,0,0,0.01375,0.011,0.01375,0.01375,0,0,0,0
07/05/2007,0,0.1,17.6520838700448,0,237.260580359109,0,0,0,0,0,400,25,0,0,0,0,0.01375,0.011,0.01375,0.01375,0,0,0,0
08/05/2007,0,0.1,17.5146285413801,0,238.377882566574,0,0,0,0,0,400,25,0,0,0,0,0.01375,0.011,0.01375,0.01375,0,0,0,0
09/05/2007,0,0.1,17.3773168929669,0,239.507875830567,0,0,0,0,0,400,25,0,0,0,0,0.01375,0.011,0.01375,0.01375,0,0,0,0
10/05/2007,0.0310043240643525,0.1,17.2401895719671,30.647276956695,240.650225649104,0,7.03725629795396,28.1490251918158,2.14931824235392,0,400,25,18.7660167945439,63.3353066815856,0.904976102043757,2.6018062933758,0.01375,0.011,0.01375,0.01375,0,0,0,0
11/05/2007,0.00880189104918689,0.1,17.1032871709775,33.6661814374737,241.804593862396,0,7.51161061824241,30.0464424729697,2.29662514823144,0,400,25,20.0309616486464,67.6044955641817,0.967000062413239,2.78012517943806,0.01375,0.011,0.01375,0.01375,0,0,0,0
12/05/2007,8.21053058300088e-05,0.1,16.966650216014,33.7551370615446,242.970638752956,0,7.49692885515477,29.9877154206191,2.28524813028745,0,400,25,19.9918102804127,67.4723596963929,0.962209739068398,2.76635299982165,0.01375,0.011,0.01375,0.01375,0,0,0,0
13/05/2007,1.15199628367042e-06,0.1,16.8303191545148,33.7551370615448,244.148015146753,0,7.49692885515476,29.987715420619,2.28524813028744,0,400,25,19.9918102804127,67.4723596963928,0.962209739068395,2.76635299982163,0.01375,0.011,0.01375,0.01375,0,0,0,0
14/05/2007,3.44219925622858e-08,0.1,16.6943343433671,0,245.33637451539,0,0,0,0,0,400,25,0,0,0,0,0.01375,0.011,0.01375,0.01375,0,0,0,0
15/05/2007,0,0.1,16.5587360369606,0,246.535365079275,0,0,0,0,0,400,25,0,0,0,0,0.01375,0.011,0.01375,0.01375,0,0,0,0
16/05/2007,0,0.1,16.4235643752715,0,247.744631911759,0,0,0,0,0,400,25,0,0,0,0,0.01375,0.011,0.01375,0.01375,0,0,0,0
17/05/2007,0,0.1,16.2888593719801,0,248.963817044198,0,0,0,0,0,400,25,0,0,0,0,0.01375,0.011,0.01375,0.01375,0,0,0,0
18/05/2007,0.0466473802853617,0.1,16.1546609026259,37.7932790399332,250.192559571921,0,8.24614083184601,32.984563327384,2.58229889536556,0,400,25,21.9897088849227,74.2152674866141,1.08728374541708,3.1259407680741,0.01375,0.011,0.01375,0.01375,0,0,0,0
19/05/2007,0.0798236548179815,0.1,16.0210086928035,37.2348544690202,251.430495761065,0,7.8968502062437,31.5874008249748,2.45932949543679,0,400,25,21.0582672166499,71.0716518561933,1.03550715597338,2.97708307342348,0.01375,0.011,0.01375,0.01375,0,0,0,0
20/05/2007,0.0134597056921538,0.1,15.8879423064033,37.1570472177719,252.677259156249,0,7.3714747315631,29.4858989262524,2.21804434406708,0,400,25,19.6572659508349,66.3432725840679,0.933913408028245,2.6850010480812,0.01375,0.011,0.01375,0.01375,0,0,0,0
21/05/2007,9.79233825568836e-05,0.1,15.7555011338993,37.1570472177714,253.932480689051,0,7.37147473156302,29.4858989262521,2.21804434406707,0,400,25,19.6572659508347,66.3432725840672,0.933913408028242,2.68500104808119,0.01375,0.011,0.01375,0.01375,0,0,0,0
22/05/2007,1.24713322933282e-06,0.1,15.623724380689,37.1570472177711,255.19578878726,0,7.37147473156301,29.485898926252,2.21804434406709,0,400,25,19.6572659508347,66.3432725840671,0.933913408028247,2.68500104808121,0.01375,0.011,0.01375,0.01375,0,0,0,0
23/05/2007,0.002890477226003,0.1,15.4926510554879,7.38441491179616,256.466809484872,0,3.22104756647161,12.8841902658864,0.684703529817607,0,400,25,8.58946017725762,28.9894280982445,0.288296223081098,0.828851641358156,0.01375,0.011,0.01375,0.01375,0,0,0,0
24/05/2007,2.81450624445685e-05,0.1,15.3623199587815,7.38441491179614,257.745166532788,0,3.22104756647158,12.8841902658863,0.684703529817607,0,400,25,8.58946017725756,28.9894280982443,0.288296223081098,0.828851641358156,0.01375,0.011,0.01375,0.01375,0,0,0,0
25/05/2007,4.48999746221213e-07,0.1,15.2327696713403,7.38441491179608,259.030481510195,0,3.2210475664716,12.8841902658864,0.684703529817608,0,400,25,8.5894601772576,28.9894280982444,0.288296223081098,0.828851641358157,0.01375,0.011,0.01375,0.01375,0,0,0,0
26/05/2007,1.59775126603364e-08,0.1,15.1040385427983,0,260.322373936585,0,0,0,0,0,400,25,0,0,0,0,0.01375,0.011,0.01375,0.01375,0,0,0,0
27/05/2007,0,0.1,14.9761646803015,0,261.620461384384,0,0,0,0,0,400,25,0,0,0,0,0.01375,0.011,0.01375,0.01375,0,0,0,0
28/05/2007,0,0.1,14.8491859372266,0,262.924359592162,0,0,0,0,0,400,25,0,0,0,0,0.01375,0.011,0.01375,0.01375,0,0,0,0
29/05/2007,0,0.1,14.7231399019762,0,264.23368257838,0,0,0,0,0,400,25,0,0,0,0,0.01375,0.011,0.01375,0.01375,0,0,0,0
30/05/2007,0,0.1,14.5980638868514,0,265.54804275565,0,0,0,0,0,400,25,0,0,0,0,0.01375,0.011,0.01375,0.01375,0,0,0,0
31/05/2007,0.00034486147025076,0.1,14.4739949170069,36.6947793759863,266.867051045467,0,7.72623269445205,30.9049307778082,2.32053299612545,0,400,25,20.6032871852055,69.5360942500684,0.9770665246844,2.80906625846765,0.01375,0.011,0.01375,0.01375,0,0,0,0
01/06/2007,4.95662392185377e-06,0.1,14.3509697194906,36.6947793759863,268.190316993389,0,7.72623269445209,30.9049307778084,2.32053299612546,0,400,25,20.6032871852056,69.5360942500688,0.977066524684403,2.80906625846766,0.01375,0.011,0.01375,0.01375,0,0,0,0
02/06/2007,1.12995637139125e-07,0.1,14.2290247123716,0,269.517448884614,0,0,0,0,0,400,25,0,0,0,0,0.01375,0.011,0.01375,0.01375,0,0,0,0
03/06/2007,0,0.1,14.1081959939597,0,270.848053859939,0,0,0,0,0,400,25,0,0,0,0,0.01375,0.011,0.01375,0.01375,0,0,0,0
04/06/2007,0,0.1,13.9885193321197,0,272.181738032057,0,0,0,0,0,400,25,0,0,0,0,0.01375,0.011,0.01375,0.01375,0,0,0,0
05/06/2007,0,0.1,13.870030153683,0,273.51810660215,0,0,0,0,0,400,25,0,0,0,0,0.01375,0.011,0.01375,0.01375,0,0,0,0
06/06/2007,0,0.1,13.7527635339609,0,274.856763976763,0,0,0,0,0,400,25,0,0,0,0,0.01375,0.011,0.01375,0.01375,0,0,0,0
07/06/2007,0,0.1,13.6367541863612,0,276.197313884907,0,0,0,0,0,400,25,0,0,0,0,0.01375,0.011,0.01375,0.01375,0,0,0,0
08/06/2007,0.0542223866747472,0.1,13.5220364521127,35.3877053740234,277.539359495362,0,7.69856517413797,30.7942606965519,2.40410375818171,0,400,25,20.5295071310346,69.2870865672417,1.01225421397125,2.91023086516734,0.01375,0.011,0.01375,0.01375,0,0,0,0
09/06/2007,0.353563542782294,0.1,13.408644290099,38.0710690962631,278.882503534148,0,7.6819511622893,30.7278046491572,2.4704985825544,0,400,25,20.4852030994381,69.1375604606037,1.04020992949659,2.99060354730269,0.01375,0.011,0.01375,0.01375,0,0,0,0
10/06/2007,0.841744218482997,0.1,13.2966112668063,38.2296971544014,280.226348402127,0,7.52585627139597,30.1034250855839,2.43654439652675,0,400,25,20.0689500570559,67.7327064425638,1.02591343011653,2.94950111158502,0.01375,0.011,0.01375,0.01375,0,0,0,0
11/06/2007,0.294697728446599,0.1,13.1859705463869,34.4202557795354,281.570496292702,0,6.70968117143942,26.8387246857577,2.1050522990429,0,400,25,17.8924831238384,60.3871305429548,0.886337810123328,2.54822120410457,0.01375,0.011,0.01375,0.01375,0,0,0,0
12/06/2007,0.015430921619433,0.1,13.076754880842,8.25327551289565,282.914549309573,0,2.31311180955097,9.25244723820386,0.494064265069399,0,400,25,6.16829815880258,20.8180062859587,0.208027058976589,0.598077794557693,0.01375,0.011,0.01375,0.01375,0,0,0,0
13/06/2007,0.0141219988436328,0.1,12.9689966003261,6.01732310703712,284.258109584525,0,2.24768088438792,8.99072353755167,0.429018910765855,0,400,25,5.99381569170111,20.2291279594913,0.180639541375097,0.519338681453403,0.01375,0.011,0.01375,0.01375,0,0,0,0
14/06/2007,0.0175349410789279,0.1,12.8627276035769,6.00010188761728,285.600779395208,0,2.68444416359488,10.7377766543795,0.534420933185572,0,400,25,7.15851776958635,24.1599974723539,0.225019340288662,0.646930603329902,0.01375,0.011,0.01375,0.01375,0,0,0,0
15/06/2007,1.26731260853482,0.1,12.7579793484726,38.4808889895353,286.942161282863,0,7.62424771836163,30.4969908734465,2.48795202311384,0,400,25,20.3313272489644,68.6182294652547,1.04755874657425,3.01173139640097,0.01375,0.011,0.01375,0.01375,0,0,0,0
16/06/2007,2.08698386812341,0.1,12.6547828427194,38.4889442379601,288.281858169988,0,7.53222512051667,30.1289004820667,2.45200246265388,0,400,25,20.0859336547111,67.7900260846501,1.03242208953848,2.96821350742312,0.01375,0.011,0.01375,0.01375,0,0,0,0
17/06/2007,2.02980958034582,0.1,12.5531686346731,37.6003104035582,289.619473477875,0,7.37650032308876,29.5060012923551,2.39012959311775,0,400,25,19.6706675282367,66.3885029077989,1.00637035499695,2.89331477061622,0.01375,0.011,0.01375,0.01375,0,0,0,0
18/06/2007,0.641760383195031,0.1,12.4531668042954,32.0059327120737,290.954611244008,0,6.42169137146701,25.686765485868,1.99596603931634,0,400,25,17.124510323912,57.795222343203,0.840406753396352,2.41616941601451,0.01375,0.011,0.01375,0.01375,0,0,0,0
19/06/2007,0.237997556085251,0.1,12.3548069542502,22.0428980759653,292.286876239276,0,5.36940010285055,21.4776004114022,1.56057917738676,0,400,25,14.3184002742681,48.324600925655,0.657085969426006,1.88912216209977,0.01375,0.011,0.01375,0.01375,0,0,0,0
20/06/2007,1.40250923644585,0.1,12.2581182011404,36.0541016258768,293.61587408497,0,7.26419636131127,29.0567854452451,2.34316867439744,0,400,25,19.3711902968301,65.3777672518014,0.986597336588394,2.83646734269163,0.01375,0.011,0.01375,0.01375,0,0,0,0
21/06/2007,0.634711717610573,0.1,12.1631291668888,30.815424771273,294.941211369524,0,6.28117015051761,25.1246806020704,1.9332840306003,0,400,25,16.749787068047,56.5305313546585,0.814014328673811,2.34029119493721,0.01375,0.011,0.01375,0.01375,0,0,0,0
22/06/2007,0.146512334918012,0.1,12.0698679702651,6.8480616537816,296.262495764978,0,3.36053640490609,13.4421456196244,0.720770457502559,0,400,25,8.96143041308291,30.2448276441548,0.303482297895815,0.872511606450467,0.01375,0.011,0.01375,0.01375,0,0,0,0
23/06/2007,0.142127969707873,0.1,11.9783622185626,6.24161704108278,297.579336143113,0,3.32674682337349,13.3069872934939,0.698358044955417,0,400,25,8.8713248623293,29.9407214103614,0.294045492612807,0.845380791261821,0.01375,0.011,0.01375,0.01375,0,0,0,0
24/06/2007,0.14658651256461,0.1,11.8886389994256,6.00111767372739,298.891342691233,0,3.3367070157322,13.3468280629288,0.695838995795473,0,400,25,8.89788537528587,30.0303631415898,0.292984840334936,0.842331415962941,0.01375,0.011,0.01375,0.01375,0,0,0,0
25/06/2007,0.14847095053449,0.1,11.8007248728309,9.38466577927708,300.198127027558,0,3.84460736472022,15.3784294588809,0.89452032270226,0,400,25,10.2522863059206,34.601466282482,0.376640135874636,1.08284039063958,0.01375,0.011,0.01375,0.01375,0,0,0,0
26/06/2007,0.481163097931302,0.1,11.7146458632257,30.4851556228294,301.499302316194,0,6.58251879071307,26.3300751628523,2.04891392024922,0,400,25,17.5533834419015,59.2426691164176,0.862700597999673,2.48026421924906,0.01375,0.011,0.01375,0.01375,0,0,0,0
27/06/2007,0.58505362558587,0.1,11.6304274518233,31.7087898256496,302.794483381644,0,6.6399012934939,26.5596051739756,2.07538949972838,0,400,25,17.7064034493171,59.7591116414451,0.873848210411949,2.51231360493435,0.01375,0.011,0.01375,0.01375,0,0,0,0
28/06/2007,0.290186215212873,0.1,11.5480945690608,23.1844328256309,304.083286822828,0,5.45215560910069,21.8086224364027,1.57475163102348,0,400,25,14.5390816242685,49.0694004819062,0.663053318325674,1.90627829018631,0.01375,0.011,0.01375,0.01375,0,0,0,0
29/06/2007,0.14195707830312,0.1,11.4676715872185,15.2010563953908,305.365331126578,0,4.62049714718618,18.4819885887447,1.21557927192026,0,400,25,12.3213257258298,41.5844743246756,0.511822851334846,1.47149069758768,0.01375,0.011,0.01375,0.01375,0,0,0,0
30/06/2007,0.117713628631582,0.1,11.3891823132057,9.92802558050912,306.640236780576,0,3.90890721760202,15.6356288704081,0.914794173805704,0,400,25,10.423752580272,35.1801649584182,0.385176494233981,1.1073824209227,0.01375,0.011,0.01375,0.01375,0,0,0,0
01/07/2007,0.0862503674618409,0.1,11.3126499815131,6.02646797126473,307.907626385693,0,3.46021371145667,13.8408548458267,0.720388949149106,0,400,25,9.22723656388445,31.14192340311,0.303321662799624,0.872049780548918,0.01375,0.011,0.01375,0.01375,0,0,0,0
02/07/2007,0.0781617871160521,0.1,11.238097247335,6.00015271527097,309.167124767712,0,3.48313826018919,13.9325530407568,0.724244971384382,0,400,25,9.28836869383784,31.3482443417027,0.304945251109213,0.876717596938988,0.01375,0.011,0.01375,0.01375,0,0,0,0
03/07/2007,0.0637999176453602,0.1,11.1655461798626,6.00000099637735,310.418359088383,0,3.52127582992415,14.0851033196966,0.730891917337541,0,400,25,9.39006887979774,31.6914824693174,0.307743965194754,0.884763899934918,0.01375,0.011,0.01375,0.01375,0,0,0,0
04/07/2007,0.0485133946436778,0.1,11.0950182557516,6.00000000724279,311.660958955797,0,3.53042750678535,14.1217100271414,0.729522039025453,0,400,25,9.41447335142761,31.7738475610682,0.307167174326506,0.883105626188706,0.01375,0.011,0.01375,0.01375,0,0,0,0
05/07/2007,0.0553539965224941,0.1,11.026534352764,6.00000000003691,312.894556534024,0,3.53326327197455,14.1330530878982,0.732680142289876,0,400,25,9.42203539193214,31.799369447771,0.30849690201679,0.886928593298271,0.01375,0.011,0.01375,0.01375,0,0,0,0
06/07/2007,0.0633952575048471,0.1,10.9601147435886,6.00000000000018,314.118786652004,0,3.53563651146504,14.1425460458601,0.735394892727477,0,400,25,9.42836403057343,31.8207286031853,0.309639954832622,0.890214870143789,0.01375,0.011,0.01375,0.01375,0,0,0,0
07/07/2007,0.0681065623471147,0.1,10.8957790898389,6,315.333286911643,0,3.53695485751645,14.1478194300658,0.736903191836568,0,400,25,9.43187962004387,31.8325937176481,0.310275028141713,0.892040705907425,0.01375,0.011,0.01375,0.01375,0,0,0,0
08/07/2007,0.0587826869753435,0.1,10.8335464362339,6,316.53769779509,0,3.53550270324032,14.1420108129613,0.735241802416947,0,400,25,9.42800720864084,31.8195243291628,0.309575495754504,0.890029550294199,0.01375,0.011,0.01375,0.01375,0,0,0,0
09/07/2007,0.0837450417315988,0.1,10.7734352049594,14.4223385035947,317.731662771168,0,4.71829056435789,18.8731622574316,1.22623916042749,0,400,25,12.582108171621,42.464615079221,0.516311225443154,1.48439477314907,0.01375,0.011,0.01375,0.01375,0,0,0,0
10/07/2007,0.0971295964222683,0.1,10.7154631902157,14.8220533315704,318.914828400906,0,4.73861268196452,18.9544507278581,1.22907055101925,0,400,25,12.6363004852387,42.6475141376807,0.517503389902841,1.48782224597067,0.01375,0.011,0.01375,0.01375,0,0,0,0
11/07/2007,0.0772168663152404,0.1,10.6596475529492,8.85504126326757,320.086844442171,0,3.91867699105574,15.674707964223,0.894543701230452,0,400,25,10.449805309482,35.2680929195017,0.376649979465454,1.08286869096318,0.01375,0.011,0.01375,0.01375,0,0,0,0
12/07/2007,0.0507234172118994,0.1,10.6060048157731,6.02318882277497,321.247363953343,0,3.53828485010207,14.1531394004083,0.736158092747227,0,400,25,9.43542626693885,31.8445636509186,0.309961302209359,0.891138743851907,0.01375,0.011,0.01375,0.01375,0,0,0,0
13/07/2007,0.0573348218534763,0.1,10.5545508580758,6.00011829605954,322.396043396021,0,3.537102258713,14.148409034852,0.73706026794431,0,400,25,9.43227268990134,31.833920328417,0.310341165450236,0.892230850669428,0.01375,0.011,0.01375,0.01375,0,0,0,0
14/07/2007,0.0437970850421408,0.1,10.5053009113207,6.00000087339395,323.532542736714,0,3.53398790402774,14.135951616111,0.733508656437461,0,400,25,9.42396774407398,31.8058911362497,0.308845750078931,0.887931531476926,0.01375,0.011,0.01375,0.01375,0,0,0,0
15/07/2007,0.0497002015454984,0.1,10.4582695545372,6.00000000456106,324.656525547499,0,3.53608017019257,14.1443206807703,0.735902473838982,0,400,25,9.42954712051351,31.8247215317331,0.309853673195361,0.890829310436663,0.01375,0.011,0.01375,0.01375,0,0,0,0
16/07/2007,0.0496071757625139,0.1,10.4134707100049,6.00000000002647,325.767659105614,0,3.53641159603847,14.1456463841539,0.736281653959701,0,400,25,9.43043092276924,31.8277043643462,0.310013327983032,0.891288317951217,0.01375,0.011,0.01375,0.01375,0,0,0,0
17/07/2007,0.0364701206727656,0.1,10.3709176391324,6.00000000000021,326.865614491947,0,3.53250513321353,14.1300205328541,0.731812324450723,0,400,25,9.4200136885694,31.7925461989217,0.308131505031884,0.885878076966665,0.01375,0.011,0.01375,0.01375,0,0,0,0
18/07/2007,0.0295629667060038,0.1,10.3306229385318,6,327.950066688404,0,3.52929697266594,14.1171878906638,0.728141912813504,0,400,25,9.41145859377584,31.7636727539935,0.306586068553054,0.881434947090031,0.01375,0.011,0.01375,0.01375,0,0,0,0
19/07/2007,0.0301604062309522,0.1,10.2925985362894,6,329.020694674121,0,3.53018118315408,14.1207247326163,0.729153525673059,0,400,25,9.41381648841089,31.7716306483868,0.307012010809709,0.882659531077914,0.01375,0.011,0.01375,0.01375,0,0,0,0
20/07/2007,0.0406929797693816,0.1,10.2568556884352,6,330.077181520497,0,3.53529062699925,14.141162507997,0.73499916895398,0,400,25,9.427441671998,31.8176156429932,0.309473334296413,0.889735836102186,0.01375,0.011,0.01375,0.01375,0,0,0,0
21/07/2007,0.0527379294156039,0.1,10.2234049756106,6,331.119214485005,0,3.53902125993544,14.1560850397418,0.739267333947647,0,400,25,9.43739002649452,31.851191339419,0.311270456399009,0.894902562147151,0.01375,0.011,0.01375,0.01375,0,0,0,0
22/07/2007,0.0460462450935145,0.1,10.1922562999366,6,332.146485103776,0,3.53759561025199,14.150382441008,0.737636268073246,0,400,25,9.43358829400531,31.8383604922679,0.310583691820314,0.892928113983402,0.01375,0.011,0.01375,0.01375,0,0,0,0
23/07/2007,0.0404498540248005,0.1,10.1634188820821,6,333.158689282906,0,3.53621429611737,14.1448571844695,0.736055925880522,0,400,25,9.42990478964633,31.8259286650564,0.309918284581272,0.891015068171158,0.01375,0.011,0.01375,0.01375,0,0,0,0
24/07/2007,0.0430896132899101,0.1,10.1369012585347,6,334.155527388481,0,3.53740789857051,14.149631594282,0.737421509762392,0,400,25,9.43308772952136,31.8366710871346,0.310493267268376,0.89266814339658,0.01375,0.011,0.01375,0.01375,0,0,0,0
25/07/2007,0.0282944356249881,0.1,10.1127112790737,6,335.136704335266,0,3.53177160054259,14.1270864021704,0.730973099975613,0,400,25,9.41805760144691,31.7859444048833,0.307778147358153,0.884862173654689,0.01375,0.011,0.01375,0.01375,0,0,0,0
26/07/2007,0.00677261946271784,0.1,10.0908561044464,6,336.101929674065,0,3.48021821777583,13.9208728711033,0.671991595390846,0,400,25,9.28058191406889,31.3219639599825,0.282943829638251,0.813463510209972,0.01375,0.011,0.01375,0.01375,0,0,0,0
27/07/2007,0.0336972663992838,0.1,10.0713422042482,6,337.050917677694,0,3.53507854065536,14.1403141626214,0.734756523932583,0,400,25,9.42687610841429,31.8157068658982,0.309371167971614,0.88944210791839,0.01375,0.011,0.01375,0.01375,0,0,0,0
28/07/2007,0.00524771231718111,0.1,10.0541753550077,7.86859468806492,337.983387425568,0,3.81410981596095,15.2564392638438,0.862680740425161,0,400,25,10.1709595092292,34.3269883436486,0.363233995968489,1.04429773840941,0.01375,0.011,0.01375,0.01375,0,0,0,0
29/07/2007,0.0304013872962487,0.1,10.0393606384765,6.89156046317105,338.899062886852,0,3.66027542560213,14.6411017024085,0.787233323756326,0,400,25,9.76073446827233,32.9424788304191,0.331466662634242,0.952966655073447,0.01375,0.011,0.01375,0.01375,0,0,0,0
30/07/2007,0.0237460246226663,0.1,10.0269024401251,6.00724476532052,339.797673002179,0,3.5317539134662,14.1270156538648,0.730215360728556,0,400,25,9.41801043590986,31.7857852211958,0.307459099254129,0.88394491035562,0.01375,0.011,0.01375,0.01375,0,0,0,0
31/07/2007,0.0179902578824962,0.1,10.0168044478446,6.00006340386266,340.678951763886,0,3.5255449139833,14.1021796559332,0.723842780526882,0,400,25,9.40145310395548,31.7299042258497,0.304775907590266,0.876230734322014,0.01375,0.011,0.01375,0.01375,0,0,0,0
01/08/2007,0.000124889612617958,0.1,10.0090696508551,6.00006340386261,341.542638294759,0,3.52554491398331,14.1021796559332,0.723842780526877,0,400,25,9.4014531039555,31.7299042258498,0.304775907590264,0.87623073432201,0.01375,0.011,0.01375,0.01375,0,0,0,0
02/08/2007,1.52200485386757e-06,0.1,10.0037003388204,6.00006340386263,342.388476925256,0,3.52554491398329,14.1021796559332,0.72384278052688,0,400,25,9.40145310395544,31.7299042258496,0.304775907590265,0.876230734322013,0.01375,0.011,0.01375,0.01375,0,0,0,0
03/08/2007,0.0190286013425501,0.1,10.000698101171,6.00000000014291,343.216217269194,0,3.52824303988227,14.1129721595291,0.726936123033553,0,400,25,9.40864810635272,31.7541873589404,0.306078367593075,0.87997530683009,0.01375,0.011,0.01375,0.01375,0,0,0,0
04/08/2007,0.00013106617850472,0.1,10.0000638266329,6.00000000014281,344.025614297865,0,3.52824303988226,14.112972159529,0.726936123033558,0,400,25,9.40864810635269,31.7541873589403,0.306078367593077,0.879975306830097,0.01375,0.011,0.01375,0.01375,0,0,0,0
05/08/2007,1.58336391530746e-06,0.1,10.0017977029648,6.00000000014286,344.816428412574,0,3.52824303988229,14.1129721595292,0.726936123033562,0,400,25,9.40864810635278,31.7541873589406,0.306078367593079,0.879975306830101,0.01375,0.011,0.01375,0.01375,0,0,0,0
06/08/2007,4.46018565407238e-08,0.1,10.0058992169025,0,345.588425515561,0,0,0,0,0,400,25,0,0,0,0,0.01375,0.011,0.01375,0.01375,0,0,0,0
07/08/2007,0.00409208545807658,0.1,10.0123671543109,6,346.341377079302,0,3.46132274827486,13.8452909930994,0.650373552865004,0,400,25,9.23019399539963,31.1519047344738,0.273841495943159,0.787294300836583,0.01375,0.011,0.01375,0.01375,0,0,0,0
08/08/2007,3.73828814214323e-05,0.1,10.0211996005432,5.99999999999999,347.075060214155,0,3.46132274827492,13.8452909930997,0.650373552865008,0,400,25,9.23019399539978,31.1519047344743,0.273841495943161,0.787294300836588,0.01375,0.011,0.01375,0.01375,0,0,0,0
09/08/2007,5.66618462395024e-07,0.1,10.032393941008,6,347.789257734344,0,3.46132274827492,13.8452909930997,0.650373552865006,0,400,25,9.23019399539978,31.1519047344743,0.273841495943161,0.787294300836587,0.01375,0.011,0.01375,0.01375,0,0,0,0
10/08/2007,1.93115479405288e-08,0.1,10.0459468619428,0,348.483758222246,0,0,0,0,0,400,25,0,0,0,0,0.01375,0.011,0.01375,0.01375,0,0,0,0
11/08/2007,0,0.1,10.0618543513956,0,349.15835609098,0,0,0,0,0,400,25,0,0,0,0,0.01375,0.011,0.01375,0.01375,0,0,0,0
12/08/2007,0,0.1,10.0801117004118,0,349.812851645262,0,0,0,0,0,400,25,0,0,0,0,0.01375,0.011,0.01375,0.01375,0,0,0,0
13/08/2007,0,0.1,10.1007135044287,0,350.447051140518,0,0,0,0,0,400,25,0,0,0,0,0.01375,0.011,0.01375,0.01375,0,0,0,0
14/08/2007,0.00325975356802117,0.1,10.1236536648752,6,351.06076684024,0,3.45134200178077,13.8053680071231,0.638954720316929,0,400,25,9.2035786714154,31.062078016027,0.269033566449233,0.773471503541545,0.01375,0.011,0.01375,0.01375,0,0,0,0
15/08/2007,0.0125980140537762,0.1,10.1489253909769,9.16410899392208,351.653817071558,0,3.99524196121745,15.9809678448698,0.936936512736591,0,400,25,10.6539785632465,35.9571776509571,0.394499584310143,1.13418630489166,0.01375,0.011,0.01375,0.01375,0,0,0,0
16/08/2007,0.0350401863036201,0.1,10.1765212017667,7.50866788519059,352.226026279017,0,3.73741384787309,14.9496553914924,0.821855661121893,0,400,25,9.96643692766159,33.6367246308578,0.346044488893429,0.994877905568608,0.01375,0.011,0.01375,0.01375,0,0,0,0
17/08/2007,0.00411897647405271,0.1,10.206432928299,17.9309207101301,352.777225076551,0,5.4925537928941,21.9702151715764,1.64302197223821,0,400,25,14.6468101143843,49.4329841360469,0.69179872515293,1.98892133481467,0.01375,0.011,0.01375,0.01375,0,0,0,0
18/08/2007,0.0168992473301324,0.1,10.2386517160679,11.1488904355422,353.307250297619,0,4.26435990668457,17.0574396267383,1.03805688309903,0,400,25,11.3716264178255,38.3792391601611,0.437076582357485,1.25659517427777,0.01375,0.011,0.01375,0.01375,0,0,0,0
19/08/2007,0.000118893545635292,0.1,10.2731680276286,11.1488904355422,353.815945043506,0,4.2643599066846,17.0574396267384,1.03805688309903,0,400,25,11.3716264178256,38.3792391601614,0.437076582357488,1.25659517427778,0.01375,0.011,0.01375,0.01375,0,0,0,0
20/08/2007,0.296583220070993,0.1,10.3099716454204,35.768068432046,354.303158729775,0,7.44933223289317,29.7973289315727,2.35430304186983,0,400,25,19.8648859543818,67.0439900960385,0.991285491313611,2.84994578752663,0.01375,0.011,0.01375,0.01375,0,0,0,0
21/08/2007,0.256918350656731,0.1,10.3490516747915,35.3775218514632,354.768747130835,0,7.01566782831547,28.0626713132619,2.18830277760914,0,400,25,18.7084475421746,63.1410104548392,0.921390643203849,2.64899809921107,0.01375,0.011,0.01375,0.01375,0,0,0,0
22/08/2007,0.0510120365490521,0.1,10.3903965472238,26.391867291798,355.212572422639,0,5.66542216439376,22.661688657575,1.65264914897807,0,400,25,15.1077924383833,50.9887994795438,0.695852273253923,2.00057528560503,0.01375,0.011,0.01375,0.01375,0,0,0,0
23/08/2007,0.0353402139195263,0.1,10.4339940237578,10.8515876305805,355.634503223483,0,3.97271623721021,15.8908649488409,0.959470834615414,0,400,25,10.5939099658939,35.7544461348919,0.403987719838069,1.16146469453445,0.01375,0.011,0.01375,0.01375,0,0,0,0
24/08/2007,0.0254795008405721,0.1,10.4798311986152,11.6178815361405,356.034414632895,0,4.11941077498685,16.4776430999474,1.01653253982737,0,400,25,10.9850953999649,37.0746969748817,0.428013700979946,1.23053939031735,0.01375,0.011,0.01375,0.01375,0,0,0,0
25/08/2007,0.00804388779591949,0.1,10.5278945030197,16.6920388637647,356.412188268613,0,5.05024237414943,20.2009694965977,1.41918308673866,0,400,25,13.4673129977318,45.4521813673449,0.597550773363646,1.71795847342048,0.01375,0.011,0.01375,0.01375,0,0,0,0
26/08/2007,0.000564302786583224,0.1,10.5781697092131,32.5622985068808,356.767712301624,0,7.18762889393638,28.7505155757455,2.14427306604033,0,400,25,19.1670103838304,64.6886600454275,0.90285181728014,2.5956989746804,0.01375,0.011,0.01375,0.01375,0,0,0,0
27/08/2007,7.16940209246544e-06,0.1,10.6306419346675,32.5622985068807,357.10088148927,0,7.18762889393637,28.7505155757455,2.14427306604034,0,400,25,19.1670103838303,64.6886600454274,0.902851817280144,2.59569897468041,0.01375,0.011,0.01375,0.01375,0,0,0,0
28/08/2007,1.52628726521737e-07,0.1,10.6852956464909,32.5622985068808,357.4115972064,0,7.18762889393634,28.7505155757454,2.14427306604034,0,400,25,19.1670103838303,64.6886600454271,0.902851817280145,2.59569897468042,0.01375,0.011,0.01375,0.01375,0,0,0,0
29/08/2007,0,0.1,10.7421146660246,0,357.69976747457,0,0,0,0,0,400,25,0,0,0,0,0.01375,0.011,0.01375,0.01375,0,0,0,0
30/08/2007,0,0.1,10.8010821736331,0,357.965306989265,0,0,0,0,0,400,25,0,0,0,0,0.01375,0.011,0.01375,0.01375,0,0,0,0
31/08/2007,0,0.1,10.862180713683,0,358.208137145153,0,0,0,0,0,400,25,0,0,0,0,0.01375,0.011,0.01375,0.01375,0,0,0,0
01/09/2007,0,0.1,10.9253921997097,0,358.428186059355,0,0,0,0,0,400,25,0,0,0,0,0.01375,0.011,0.01375,0.01375,0,0,0,0
02/09/2007,0,0.1,10.9906979197721,0,358.625388592724,0,0,0,0,0,400,25,0,0,0,0,0.01375,0.011,0.01375,0.01375,0,0,0,0
03/09/2007,0,0.1,11.0580785419912,0,358.799686369124,0,0,0,0,0,400,25,0,0,0,0,0.01375,0.011,0.01375,0.01375,0,0,0,0
04/09/2007,0,0.1,11.1275141202729,0,358.951027792715,0,0,0,0,0,400,25,0,0,0,0,0.01375,0.011,0.01375,0.01375,0,0,0,0
05/09/2007,0,0.1,11.1989841002127,0,359.079368063225,0,0,0,0,0,400,25,0,0,0,0,0.01375,0.011,0.01375,0.01375,0,0,0,0
06/09/2007,0.0289114809894655,0.1,11.2724673251798,22.9883485179486,359.184669189209,0,5.97027727174389,23.8811090869756,1.73271279292636,0,400,25,15.920739391317,53.732495445695,0.729563281232151,2.09749443354243,0.01375,0.011,0.01375,0.01375,0,0,0,0
07/09/2007,0.0133653556172196,0.1,11.3479420425803,29.8371348710318,359.2668999993,0,7.07249606585305,28.2899842634122,2.16869407556866,0,400,25,18.8599895089415,63.6524645926774,0.913134347607857,2.62526124937259,0.01375,0.011,0.01375,0.01375,0,0,0,0
08/09/2007,0.0200930135474302,0.1,11.4253859102962,23.7189493465134,359.326036151433,0,6.10580376870623,24.4232150748249,1.78652186953602,0,400,25,16.2821433832166,54.952233918356,0.752219734541484,2.16263173680677,0.01375,0.011,0.01375,0.01375,0,0,0,0
09/09/2007,0.00748975936421408,0.1,11.5047760032994,26.8431457908114,359.362060140052,0,6.65330444506231,26.6132177802492,2.02592059388954,0,400,25,17.7421451868328,59.8797400055608,0.853019197427173,2.45243019260312,0.01375,0.011,0.01375,0.01375,0,0,0,0
10/09/2007,0.000923150087891851,0.1,11.5860888204375,35.7670550672367,359.374961301293,0,7.62046137516469,30.4818455006587,2.29009580099698,0,400,25,20.3212303337725,68.5841523764822,0.964250863577678,2.77222123278582,0.01375,0.011,0.01375,0.01375,0,0,0,0
11/09/2007,0.000116556718583938,0.1,11.6693002913912,33.2256026442408,359.364735816136,0,7.2899855145715,29.159942058286,2.18354487484215,0,400,25,19.4399613721907,65.6098696311435,0.919387315723009,2.64323853270365,0.01375,0.011,0.01375,0.01375,0,0,0,0
12/09/2007,1.98737288308513e-06,0.1,11.7543857837993,33.2256026442406,359.331386711544,0,7.28998551457146,29.1599420582858,2.18354487484215,0,400,25,19.4399613721906,65.6098696311432,0.91938731572301,2.64323853270365,0.01375,0.011,0.01375,0.01375,0,0,0,0
13/09/2007,5.36723283970933e-08,0.1,11.8413201105505,0,359.274923859559,0,0,0,0,0,400,25,0,0,0,0,0.01375,0.011,0.01375,0.01375,0,0,0,0
14/09/2007,0,0.1,11.9300775372393,0,359.195363974383,0,0,0,0,0,400,25,0,0,0,0,0.01375,0.011,0.01375,0.01375,0,0,0,0
15/09/2007,0,0.1,12.0206317897838,0,359.09273060743,0,0,0,0,0,400,25,0,0,0,0,0.01375,0.011,0.01375,0.01375,0,0,0,0
16/09/2007,0,0.1,12.1129560622039,0,358.967054140356,0,0,0,0,0,400,25,0,0,0,0,0.01375,0.011,0.01375,0.01375,0,0,0,0
17/09/2007,0,0.1,12.2070230245555,0,358.818371776061,0,0,0,0,0,400,25,0,0,0,0,0.01375,0.011,0.01375,0.01375,0,0,0,0
18/09/2007,0,0.1,12.3028048310218,0,358.646727527679,0,0,0,0,0,400,25,0,0,0,0,0.01375,0.011,0.01375,0.01375,0,0,0,0
19/09/2007,0,0.1,12.4002731281556,0,358.452172205552,0,0,0,0,0,400,25,0,0,0,0,0.01375,0.011,0.01375,0.01375,0,0,0,0
20/09/2007,0,0.1,12.4993990632724,0,358.234763402183,0,0,0,0,0,400,25,0,0,0,0,0.01375,0.011,0.01375,0.01375,0,0,0,0
21/09/2007,0,0.1,12.600153292992,0,357.994565475191,0,0,0,0,0,400,25,0,0,0,0,0.01375,0.011,0.01375,0.01375,0,0,0,0
22/09/2007,0.00142774019338849,0.1,12.7025059919243,37.8993667767615,357.73164952826,0,7.87807144244893,31.5122857697957,2.36830505812963,0,400,25,21.0081905131971,70.9026429820404,0.997181077107213,2.86689559668324,0.01375,0.011,0.01375,0.01375,0,0,0,0
23/09/2007,1.58216992715901e-05,0.1,12.8064268614986,37.8993667767619,357.446093390089,0,7.87807144244894,31.5122857697958,2.36830505812965,0,400,25,21.0081905131972,70.9026429820405,0.997181077107222,2.86689559668326,0.01375,0.011,0.01375,0.01375,0,0,0,0
24/09/2007,2.90847150013307e-07,0.1,12.9118851389321,37.8993667767617,357.137981591355,0,7.87807144244895,31.5122857697958,2.36830505812966,0,400,25,21.0081905131972,70.9026429820406,0.997181077107226,2.86689559668328,0.01375,0.011,0.01375,0.01375,0,0,0,0
25/09/2007,0,0.1,13.0188496063369,0,356.807405339689,0,0,0,0,0,400,25,0,0,0,0,0.01375,0.011,0.01375,0.01375,0,0,0,0
26/09/2007,0,0.1,13.1272885999607,0,356.454462492675,0,0,0,0,0,400,25,0,0,0,0,0.01375,0.011,0.01375,0.01375,0,0,0,0
27/09/2007,0,0.1,13.2371700195604,0,356.079257528887,0,0,0,0,0,400,25,0,0,0,0,0.01375,0.011,0.01375,0.01375,0,0,0,0
28/09/2007,0,0.1,13.3484613379039,0,355.681901516956,0,0,0,0,0,400,25,0,0,0,0,0.01375,0.011,0.01375,0.01375,0,0,0,0
29/09/2007,0,0.1,13.4611296103994,0,355.262512082693,0,0,0,0,0,400,25,0,0,0,0,0.01375,0.011,0.01375,0.01375,0,0,0,0
30/09/2007,0,0.1,13.5751414848473,0,354.82121337427,0,0,0,0,0,400,25,0,0,0,0,0.01375,0.011,0.01375,0.01375,0,0,0,0
01/10/2007,0,0.1,13.6904632113135,0,354.35813602547,0,0,0,0,0,400,25,0,0,0,0,0.01375,0.011,0.01375,0.01375,0,0,0,0
02/10/2007,0,0.1,13.8070606521197,0,353.873417117015,0,0,0,0,0,400,25,0,0,0,0,0.01375,0.011,0.01375,0.01375,0,0,0,0
03/10/2007,0,0.1,13.9248992919492,0,353.367200135988,0,0,0,0,0,400,25,0,0,0,0,0.01375,0.011,0.01375,0.01375,0,0,0,0
04/10/2007,0,0.1,14.0439442480639,0,352.839634933357,0,0,0,0,0,400,25,0,0,0,0,0.01375,0.011,0.01375,0.01375,0,0,0,0
05/10/2007,0,0.1,14.1641602806307,0,352.290877679617,0,0,0,0,0,400,25,0,0,0,0,0.01375,0.011,0.01375,0.01375,0,0,0,0
06/10/2007,0,0.1,14.2855118031529,0,351.721090818561,0,0,0,0,0,400,25,0,0,0,0,0.01375,0.011,0.01375,0.01375,0,0,0,0
07/10/2007,0,0.1,14.4079628930047,0,351.13044301919,0,0,0,0,0,400,25,0,0,0,0,0.01375,0.011,0.01375,0.01375,0,0,0,0
08/10/2007,0,0.1,14.5314773020651,0,350.519109125787,0,0,0,0,0,400,25,0,0,0,0,0.01375,0.011,0.01375,0.01375,0,0,0,0
09/10/2007,0,0.1,14.6560184674478,0,349.887270106158,0,0,0,0,0,400,25,0,0,0,0,0.01375,0.011,0.01375,0.01375,0,0,0,0
10/10/2007,0,0.1,14.7815495223251,0,349.235112998059,0,0,0,0,0,400,25,0,0,0,0,0.01375,0.011,0.01375,0.01375,0,0,0,0
11/10/2007,0,0.1,14.908033306841,0,348.562830853834,0,0,0,0,0,400,25,0,0,0,0,0.01375,0.011,0.01375,0.01375,0,0,0,0
12/10/2007,0,0.1,15.0354323791111,0,347.870622683264,0,0,0,0,0,400,25,0,0,0,0,0.01375,0.011,0.01375,0.01375,0,0,0,0
13/10/2007,0.000382365599761492,0.1,15.1637090263067,37.2550460480516,347.158693394657,0,7.79685454387205,31.1874181754882,2.34275230057738,0,400,25,20.7916121169921,70.1716908948485,0.986422021295739,2.83596331122525,0.01375,0.011,0.01375,0.01375,0,0,0,0
14/10/2007,0.000293673577343572,0.1,15.292825275818,37.1736390514859,346.427253734189,0,7.78659315775032,31.1463726310013,2.33952382576101,0,400,25,20.7642484206675,70.0793384197529,0.985062663478322,2.83205515750018,0.01375,0.011,0.01375,0.01375,0,0,0,0
15/10/2007,4.32372691620116e-06,0.1,15.4227429064953,37.173639051486,345.676520223521,0,7.78659315775029,31.1463726310012,2.33952382576102,0,400,25,20.7642484206674,70.0793384197526,0.985062663478325,2.83205515750018,0.01375,0.011,0.01375,0.01375,0,0,0,0
16/10/2007,1.01096141891217e-07,0.1,15.553423459963,0,344.906715095704,0,0,0,0,0,400,25,0,0,0,0,0.01375,0.011,0.01375,0.01375,0,0,0,0
17/10/2007,0,0.1,15.6848282520041,0,344.11806622939,0,0,0,0,0,400,25,0,0,0,0,0.01375,0.011,0.01375,0.01375,0,0,0,0
18/10/2007,0,0.1,15.8169183840117,0,343.310807081381,0,0,0,0,0,400,25,0,0,0,0,0.01375,0.011,0.01375,0.01375,0,0,0,0
19/10/2007,0,0.1,15.9496547545038,0,342.485176617513,0,0,0,0,0,400,25,0,0,0,0,0.01375,0.011,0.01375,0.01375,0,0,0,0
20/10/2007,0,0.1,16.0829980706979,0,341.641419241926,0,0,0,0,0,400,25,0,0,0,0,0.01375,0.011,0.01375,0.01375,0,0,0,0
21/10/2007,0,0.1,16.2169088601428,0,340.779784724706,0,0,0,0,0,400,25,0,0,0,0,0.01375,0.011,0.01375,0.01375,0,0,0,0
22/10/2007,0,0.1,16.3513474824032,0,339.900528127956,0,0,0,0,0,400,25,0,0,0,0,0.01375,0.011,0.01375,0.01375,0,0,0,0
23/10/2007,0,0.1,16.486274140794,0,339.003909730285,0,0,0,0,0,400,25,0,0,0,0,0.01375,0.011,0.01375,0.01375,0,0,0,0
24/10/2007,0.000758656592928443,0.1,16.6216488941613,6,338.090194949768,0,3.42857142857143,13.7142857142857,0.612903225806452,0,400,25,9.14285714285714,30.8571428571429,0.258064516129032,0.741935483870968,0.01375,0.011,0.01375,0.01375,0,0,0,0
25/10/2007,0.00434613779556477,0.1,16.7574316687051,27.2217292403063,337.159654265367,0,6.7864584328266,27.1458337313064,2.08978319515775,0,400,25,18.0972224875376,61.0781258954394,0.879908713750632,2.52973755203307,0.01375,0.011,0.01375,0.01375,0,0,0,0
26/10/2007,0.020626254459156,0.1,16.893582269843,34.1177070317892,336.212563136873,0,7.70521646282663,30.8208658513065,2.3921301487082,0,400,25,20.547243900871,69.3469481654396,1.00721269419293,2.89573649580466,0.01375,0.011,0.01375,0.01375,0,0,0,0
27/10/2007,0.0037954012468113,0.1,17.0300603941077,39.06998602047,335.249201923357,0,8.03686072765055,32.1474429106022,2.42115528074679,0,400,25,21.4316286070681,72.3317465488549,1.0194338024197,2.93087218195665,0.01375,0.011,0.01375,0.01375,0,0,0,0
28/10/2007,0.000778006714101085,0.1,17.1668256410784,37.7590954759021,334.269855800181,0,7.86089408616711,31.4435763446684,2.3630303674302,0,400,25,20.962384229779,70.748046775504,0.994960154707455,2.86051044478393,0.01375,0.011,0.01375,0.01375,0,0,0,0
29/10/2007,9.51244854016268e-06,0.1,17.3038375253397,37.7590954759021,333.27481467458,0,7.86089408616713,31.4435763446685,2.36303036743022,0,400,25,20.962384229779,70.7480467755042,0.994960154707459,2.86051044478395,0.01375,0.011,0.01375,0.01375,0,0,0,0
30/10/2007,1.92165031411374e-07,0.1,17.4410554884664,37.759095475902,332.264373099842,0,7.86089408616716,31.4435763446686,2.36303036743022,0,400,25,20.9623842297791,70.7480467755044,0.99496015470746,2.86051044478395,0.01375,0.011,0.01375,0.01375,0,0,0,0
31/10/2007,0,0.1,17.5784389110296,0,331.238830188116,0,0,0,0,0,400,25,0,0,0,0,0.01375,0.011,0.01375,0.01375,0,0,0,0
01/11/2007,0,0.1,17.7159471246209,0,330.198489521866,0,0,0,0,0,400,25,0,0,0,0,0.01375,0.011,0.01375,0.01375,0,0,0,0
02/11/2007,0,0.1,17.853539423891,0,329.143659064006,0,0,0,0,0,400,25,0,0,0,0,0.01375,0.011,0.01375,0.01375,0,0,0,0
03/11/2007,0.253713570134096,0.1,17.9911750785997,36.9385590320674,328.074651066735,0,7.73744347713213,30.9497739085285,2.44361320929318,0,400,25,20.6331826056857,69.6369912941892,1.02888977233397,2.95805809546016,0.01375,0.011,0.01375,0.01375,0,0,0,0
04/11/2007,0.124003150433444,0.1,18.1288133456723,37.1766216071694,326.991781979106,0,7.49688505922761,29.9875402369105,2.29446721823131,0,400,25,19.9916934912736,67.4719655330485,0.966091460307919,2.77751294838527,0.01375,0.011,0.01375,0.01375,0,0,0,0
05/11/2007,0.0202090862674336,0.1,18.2664134812612,30.0641585775286,325.895372353347,0,5.47255264749768,21.8902105899907,1.58557712505243,0,400,25,14.5934737266605,49.2529738274792,0.667611421074709,1.91938283558979,0.01375,0.011,0.01375,0.01375,0,0,0,0
06/11/2007,0.00262804020274159,0.1,18.4039347528061,7.25284403193231,324.785746749974,0,1.097433353573,4.38973341429199,0.198748128959421,0,400,25,2.92648894286132,9.87690018215697,0.0836834227197564,0.2405898403193,0.01375,0.011,0.01375,0.01375,0,0,0,0
07/11/2007,0.0978743481886808,0.1,18.5413364510926,31.1006005728815,323.663233641712,0,6.82897738075342,27.3159095230137,2.10653329430235,0,400,25,18.2106063486758,61.4607964267808,0.886961387074674,2.55001398783969,0.01375,0.011,0.01375,0.01375,0,0,0,0
08/11/2007,0.137037537935829,0.1,18.678577902302,32.3207075825939,322.528165316262,0,6.79057154262856,27.1622861705142,2.09788216321973,0,400,25,18.1081907803428,61.115143883657,0.8833188055662,2.53954156600283,0.01375,0.011,0.01375,0.01375,0,0,0,0
09/11/2007,0.182264007322788,0.1,18.8156184800527,32.9630568977872,321.380877777935,0,6.85737711267316,27.4295084506926,2.14240774885963,0,400,25,18.2863389671284,61.7163940140584,0.902066420572478,2.59344095914587,0.01375,0.011,0.01375,0.01375,0,0,0,0
10/11/2007,0.239725940810207,0.1,18.9524176174254,33.9052878217257,320.221710648189,0,6.96504455555068,27.8601782222027,2.19250066453867,0,400,25,18.5734521481351,62.6854009999561,0.923158174542598,2.65407975180997,0.01375,0.011,0.01375,0.01375,0,0,0,0
11/11/2007,0.0266190718467226,0.1,19.0889348189725,28.7565862194034,319.05100706509,0,5.19571105988026,20.7828442395211,1.50332824371454,0,400,25,13.855229493014,46.7613995389224,0.632980313142963,1.81981840028602,0.01375,0.011,0.01375,0.01375,0,0,0,0
12/11/2007,0.000170468648101049,0.1,19.2251296727055,28.7565862194032,317.869113581744,0,5.19571105988027,20.7828442395211,1.50332824371454,0,400,25,13.855229493014,46.7613995389224,0.632980313142964,1.81981840028602,0.01375,0.011,0.01375,0.01375,0,0,0,0
13/11/2007,1.96351544917541e-06,0.1,19.3609618620575,28.7565862194031,316.676380063702,0,5.19571105988028,20.7828442395211,1.50332824371453,0,400,25,13.8552294930141,46.7613995389225,0.632980313142958,1.819818400286,0.01375,0.011,0.01375,0.01375,0,0,0,0
14/11/2007,5.31469020084786e-08,0.1,19.496391177818,0,315.473159585395,0,0,0,0,0,400,25,0,0,0,0,0.01375,0.011,0.01375,0.01375,0,0,0,0
15/11/2007,0,0.1,19.6313775300357,0,314.259808325618,0,0,0,0,0,400,25,0,0,0,0,0.01375,0.011,0.01375,0.01375,0,0,0,0
16/11/2007,0,0.1,19.7658809598859,0,313.036685462092,0,0,0,0,0,400,25,0,0,0,0,0.01375,0.011,0.01375,0.01375,0,0,0,0
17/11/2007,0,0.1,19.899861651499,0,311.80415306514,0,0,0,0,0,400,25,0,0,0,0,0.01375,0.011,0.01375,0.01375,0,0,0,0
18/11/2007,0,0.1,20.0332799437473,0,310.562575990505,0,0,0,0,0,400,25,0,0,0,0,0.01375,0.011,0.01375,0.01375,0,0,0,0
19/11/2007,0,0.1,20.166096341985,0,309.31232177135,0,0,0,0,0,400,25,0,0,0,0,0.01375,0.011,0.01375,0.01375,0,0,0,0
20/11/2007,0,0.1,20.2982715297398,0,308.053760509454,0,0,0,0,0,400,25,0,0,0,0,0.01375,0.011,0.01375,0.01375,0,0,0,0
21/11/2007,0,0.1,20.4297663803513,0,306.787264765657,0,0,0,0,0,400,25,0,0,0,0,0.01375,0.011,0.01375,0.01375,0,0,0,0
22/11/2007,0.00651643814542781,0.1,20.5605419685534,24.5804694841392,305.513209449576,0,6.42798950278968,25.7119580111587,1.97096497266707,0,400,25,17.1413053407725,57.8519055251071,0.8298799884914,2.38590496691277,0.01375,0.011,0.01375,0.01375,0,0,0,0
23/11/2007,0.115051553593577,0.1,20.6905595819968,33.5349495130474,304.231971708621,0,7.42302887613628,29.6921155045451,2.29854624017646,0,400,25,19.7947436696967,66.8072598852265,0.967808943232195,2.78245071179256,0.01375,0.011,0.01375,0.01375,0,0,0,0
24/11/2007,0.0375336088338324,0.1,20.8197807327088,34.8039907290195,302.94393081635,0,7.63554699419867,30.5421879767947,2.34312057080366,0,400,25,20.3614586511965,68.719922947788,0.986577082443645,2.83640911202548,0.01375,0.011,0.01375,0.01375,0,0,0,0
25/11/2007,0.000728586790190994,0.1,20.9481671684868,36.9096986736626,301.649468060202,0,7.79934027107811,31.1973610843124,2.35946646905467,0,400,25,20.798240722875,70.194062439703,0.993459565917756,2.85619625201355,0.01375,0.011,0.01375,0.01375,0,0,0,0
26/11/2007,8.31442572251196e-06,0.1,21.0756808842214,36.909698673663,300.348966628621,0,7.79934027107815,31.1973610843126,2.35946646905468,0,400,25,20.7982407228751,70.1940624397033,0.99345956591776,2.85619625201356,0.01375,0.011,0.01375,0.01375,0,0,0,0
27/11/2007,0.0633366002458626,0.1,21.2022841331467,31.3726049979419,299.042811497628,0,7.16262777408465,28.6505110963386,2.19625169335158,0,400,25,19.1003407308924,64.4636499667618,0.924737555095403,2.65862047089928,0.01375,0.011,0.01375,0.01375,0,0,0,0
28/11/2007,0.00849244673744561,0.1,21.3279394380145,38.9561182793619,297.73138931686,0,8.02786313366692,32.1114525346677,2.42075256769829,0,400,25,21.4076350231118,72.2507682030023,1.01926423903086,2.93038468721371,0.01375,0.011,0.01375,0.01375,0,0,0,0
29/11/2007,6.70522993589568e-05,0.1,21.4526096021881,38.9561182793619,296.41508829511,0,8.02786313366692,32.1114525346677,2.42075256769824,0,400,25,21.4076350231118,72.2507682030023,1.01926423903084,2.93038468721366,0.01375,0.011,0.01375,0.01375,0,0,0,0
30/11/2007,9.14537077682843e-07,0.1,21.5762577206533,38.9561182793617,295.094298085414,0,8.02786313366692,32.1114525346677,2.42075256769826,0,400,25,21.4076350231118,72.2507682030022,1.01926423903084,2.93038468721368,0.01375,0.011,0.01375,0.01375,0,0,0,0
01/12/2007,0.0013626284967779,0.1,21.6988471909432,16.7865091222102,293.769409669701,0,5.30649474077312,21.2259789630925,1.58231876023118,0,400,25,14.1506526420616,47.7584526669581,0.666239477992074,1.91543849922721,0.01375,0.011,0.01375,0.01375,0,0,0,0
02/12/2007,1.52297877365154e-05,0.1,21.8203417239731,16.78650912221,292.440815243058,0,5.30649474077319,21.2259789630927,1.58231876023118,0,400,25,14.1506526420618,47.7584526669587,0.666239477992076,1.91543849922722,0.01375,0.011,0.01375,0.01375,0,0,0,0
03/12/2007,2.81952491317838e-07,0.1,21.9407053547832,16.78650912221,291.108908097629,0,5.30649474077319,21.2259789630928,1.58231876023119,0,400,25,14.1506526420618,47.7584526669587,0.666239477992079,1.91543849922723,0.01375,0.011,0.01375,0.01375,0,0,0,0
04/12/2007,0,0.1,22.0599024531845,0,289.774082506192,0,0,0,0,0,400,25,0,0,0,0,0.01375,0.011,0.01375,0.01375,0,0,0,0
05/12/2007,0.076659265193536,0.1,22.1778977343065,33.4777807703108,288.436733605447,0,7.45040056160092,29.8016022464037,2.3037271134375,0,400,25,19.8677348309358,67.0536050544083,0.969990363552631,2.78872229521381,0.01375,0.011,0.01375,0.01375,0,0,0,0
06/12/2007,0.0133592458384012,0.1,22.294656269042,36.7977765446869,287.097257279049,0,7.83475052341374,31.339002093655,2.38039006759953,0,400,25,20.8926680624366,70.5127547107237,1.00226950214717,2.88152481867312,0.01375,0.011,0.01375,0.01375,0,0,0,0
07/12/2007,9.73476265907621e-05,0.1,22.4101434943871,36.7977765446875,285.756050040415,0,7.83475052341377,31.3390020936551,2.38039006759952,0,400,25,20.8926680624367,70.512754710724,1.00226950214717,2.8815248186731,0.01375,0.011,0.01375,0.01375,0,0,0,0
08/12/2007,0.0612484354424424,0.1,22.5243252236724,32.6640948130485,284.413508915348,0,7.28629990840924,29.1451996336369,2.25713766968792,0,400,25,19.4301330890913,65.5766991756831,0.950373755658073,2.73232454751696,0.01375,0.011,0.01375,0.01375,0,0,0,0
09/12/2007,0.00686848536950688,0.1,22.637167656683,39.3386057786596,283.070031324511,0,8.06287006692948,32.2514802677179,2.43017056864949,0,400,25,21.5009868451453,72.5658306023654,1.02322971311558,2.94178542520728,0.01375,0.011,0.01375,0.01375,0,0,0,0
10/12/2007,5.62505868308851e-05,0.1,22.7486373896641,39.3386057786591,281.726014965779,0,8.0628700669295,32.251480267718,2.43017056864947,0,400,25,21.5009868451453,72.5658306023655,1.02322971311557,2.94178542520726,0.01375,0.011,0.01375,0.01375,0,0,0,0
11/12/2007,0.00131714487534152,0.1,22.8587014252095,33.3467298947814,280.381857696517,0,7.34717907178917,29.3887162871567,2.21233667052927,0,400,25,19.5924775247711,66.1246116461025,0.931510177064956,2.67809175906175,0.01375,0.011,0.01375,0.01375,0,0,0,0
12/12/2007,0.127298773233527,0.1,22.9673271820289,34.3421353667804,279.037957415799,0,7.33245136859821,29.3298054743928,2.30782052383363,0,400,25,19.5532036495952,65.9920623173839,0.971713904772053,2.79367747621965,0.01375,0.011,0.01375,0.01375,0,0,0,0
13/12/2007,0.0819533312405223,0.1,23.0744825045931,32.6492316259056,277.694711946626,0,6.8310978122401,27.3243912489604,2.09176120678762,0,400,25,18.2162608326403,61.4798803101609,0.880741560752681,2.53213198716396,0.01375,0.011,0.01375,0.01375,0,0,0,0
14/12/2007,0.063028422412658,0.1,23.180135672653,34.9672986582726,276.352518918163,0,7.59323453155705,30.3729381262282,2.3800545112721,0,400,25,20.2486254174855,68.3391107840134,1.00212821527246,2.88111861890834,0.01375,0.011,0.01375,0.01375,0,0,0,0
15/12/2007,0.00783614212109149,0.1,23.2842554106286,36.2950131214373,275.011775648026,0,6.7319818901176,26.9279275604704,1.98035246519375,0,400,25,17.9519517069803,60.5878370110585,0.833832616923685,2.39726877365559,0.01375,0.011,0.01375,0.01375,0,0,0,0
16/12/2007,6.27338770429342e-05,0.1,23.3868108968681,36.2950131214375,273.672879024676,0,6.73198189011774,26.9279275604709,1.98035246519377,0,400,25,17.9519517069806,60.5878370110596,0.833832616923691,2.39726877365561,0.01375,0.011,0.01375,0.01375,0,0,0,0
17/12/2007,0.0329515895715347,0.1,23.4877717727713,34.7800164624874,272.336225389925,0,7.83224179229341,31.3289671691736,2.44331044599698,0,400,25,20.8859781127824,70.4901761306407,1.02876229305136,2.95769159252266,0.01375,0.011,0.01375,0.01375,0,0,0,0
18/12/2007,0.00738024463175229,0.1,23.5871081517765,39.5934920327406,271.002210421614,0,8.10130318247051,32.4052127298821,2.44103270905296,0,400,25,21.6034751532547,72.9117286422346,1.02780324591703,2.95493433201147,0.01375,0.011,0.01375,0.01375,0,0,0,0
19/12/2007,6.00229008912437e-05,0.1,23.6847906282074,39.5934920327404,269.671229016481,0,8.10130318247063,32.4052127298825,2.44103270905296,0,400,25,21.603475153255,72.9117286422356,1.02780324591704,2.95493433201148,0.01375,0.011,0.01375,0.01375,0,0,0,0
20/12/2007,0.00435374987551864,0.1,23.7807902859783,21.9486017387913,268.343675173266,0,6.0684224538804,24.2736898155216,1.85067552064495,0,400,25,16.1824598770144,54.6158020849236,0.779231798166294,2.24029141972809,0.01375,0.011,0.01375,0.01375,0,0,0,0
21/12/2007,0.000798984203016686,0.1,23.8750787071532,38.0544513858575,267.019941876079,0,7.90754012697837,31.6301605079135,2.3801302560071,0,400,25,21.0867736719423,71.1678611428053,1.00216010779246,2.88121030990333,0.01375,0.011,0.01375,0.01375,0,0,0,0
22/12/2007,0.0130902351553371,0.1,23.9676279803587,33.0344904329401,265.700420978066,0,7.53450295234761,30.1380118093904,2.32962372605525,0,400,25,20.092007872927,67.8105265711285,0.980894200444317,2.82007082627741,0.01375,0.011,0.01375,0.01375,0,0,0,0
23/12/2007,0.0037673366865682,0.1,24.0584107090458,39.384435179232,264.385503085413,0,8.07220252696962,32.2888101078785,2.43116915920096,0,400,25,21.5258734052523,72.6498227427265,1.02365017229514,2.94299424534853,0.01375,0.011,0.01375,0.01375,0,0,0,0
24/12/2007,0.000906791832998206,0.1,24.1474000196006,38.9750020604756,263.07557744172,0,8.01392208570312,32.0556883428125,2.41111545136465,0,400,25,21.3704588952083,72.1252987713281,1.01520650583775,2.91871870428352,0.01375,0.011,0.01375,0.01375,0,0,0,0
25/12/2007,1.08006334138495e-05,0.1,24.2345695692986,38.9750020604755,261.771031812774,0,8.01392208570307,32.0556883428123,2.41111545136466,0,400,25,21.3704588952082,72.1252987713276,1.01520650583775,2.91871870428353,0.01375,0.011,0.01375,0.01375,0,0,0,0
26/12/2007,2.13110134442662e-07,0.1,24.3198935541034,38.9750020604756,260.472252371766,0,8.01392208570307,32.0556883428123,2.41111545136465,0,400,25,21.3704588952082,72.1252987713276,1.01520650583775,2.91871870428353,0.01375,0.011,0.01375,0.01375,0,0,0,0
27/12/2007,0,0.1,24.4033467163048,0,259.17962358497,0,0,0,0,0,400,25,0,0,0,0,0.01375,0.011,0.01375,0.01375,0,0,0,0
28/12/2007,0,0.1,24.484904351996,0,257.893528097937,0,0,0,0,0,400,25,0,0,0,0,0.01375,0.011,0.01375,0.01375,0,0,0,0
29/12/2007,0,0.1,24.5645423183859,0,256.614346622224,0,0,0,0,0,400,25,0,0,0,0,0.01375,0.011,0.01375,0.01375,0,0,0,0
30/12/2007,0,0.1,24.6422370409468,0,255.342457822691,0,0,0,0,0,400,25,0,0,0,0,0.01375,0.011,0.01375,0.01375,0,0,0,0
31/12/2007,0,0.1,24.7179655203918,0,254.078238205414,0,0,0,0,0,400,25,0,0,0,0,0.01375,0.011,0.01375,0.01375,0,0,0,0
01/01/2008,0,0.1,24.8051371179797,0,252.59041410873,0,0,0,0,0,400,25,0,0,0,0,0.01375,0.011,0.01375,0.01375,0,0,0,0
02/01/2008,0,0.1,24.8764918925008,0,251.344251726306,0,0,0,0,0,400,25,0,0,0,0,0.01375,0.011,0.01375,0.01375,0,0,0,0
03/01/2008,0,0.1,24.9458110794992,0,250.106942079986,0,0,0,0,0,400,25,0,0,0,0,0.01375,0.011,0.01375,0.01375,0,0,0,0
04/01/2008,0,0.1,25.0130741590243,0,248.878851439682,0,0,0,0,0,400,25,0,0,0,0,0.01375,0.011,0.01375,0.01375,0,0,0,0
05/01/2008,0.000662386921478673,0.1,25.0782612197774,38.4735778920042,247.660343346284,0,7.95045099479045,31.8018039791618,2.39107737750074,0,400,25,21.2012026527745,71.554058953114,1.00676942210557,2.89446208855352,0.01375,0.011,0.01375,0.01375,0,0,0,0
06/01/2008,0.000171672276483296,0.1,25.1413529650052,38.7215367491045,246.451778504046,0,7.98170631291234,31.9268252516493,2.400911039955,0,400,25,21.2845501677662,71.835356816211,1.01090991156,2.906365995735,0.01375,0.011,0.01375,0.01375,0,0,0,0
07/01/2008,0.000128656889009224,0.1,25.2023307182122,38.6056383200334,245.253514673805,0,7.96709726723111,31.8683890689244,2.39631468859336,0,400,25,21.2455927126163,71.70387540508,1.00897460572352,2.90080199145512,0.01375,0.011,0.01375,0.01375,0,0,0,0
08/01/2008,2.20024202725788e-06,0.1,25.2611764286895,38.6056383200333,244.065906567085,0,7.96709726723109,31.8683890689243,2.39631468859335,0,400,25,21.2455927126162,71.7038754050798,1.00897460572352,2.90080199145511,0.01375,0.011,0.01375,0.01375,0,0,0,0
09/01/2008,5.83105929281368e-08,0.1,25.317872676858,0,242.889305741087,0,0,0,0,0,400,25,0,0,0,0,0.01375,0.011,0.01375,0.01375,0,0,0,0
10/01/2008,0,0.1,25.3724026794253,0,241.724060494622,0,0,0,0,0,400,25,0,0,0,0,0.01375,0.011,0.01375,0.01375,0,0,0,0
11/01/2008,0,0.1,25.4247502943533,0,240.570515765012,0,0,0,0,0,400,25,0,0,0,0,0.01375,0.011,0.01375,0.01375,0,0,0,0
12/01/2008,0,0.1,25.4749000256372,0,239.429013025974,0,0,0,0,0,400,25,0,0,0,0,0.01375,0.011,0.01375,0.01375,0,0,0,0
13/01/2008,0,0.1,25.5228370278924,0,238.299890186543,0,0,0,0,0,400,25,0,0,0,0,0.01375,0.011,0.01375,0.01375,0,0,0,0
14/01/2008,0.0700722945848595,0.1,25.5685471107489,32.5392427543468,237.18348149104,0,7.27077143061561,29.0830857224624,2.24200872216448,0,400,25,19.388723814975,65.4369428755405,0.944003672490308,2.71401055840963,0.01375,0.011,0.01375,0.01375,0,0,0,0
15/01/2008,0.0139413024806293,0.1,25.6120167430522,35.7644361828808,236.08011742013,0,7.74584740035481,30.9833896014192,2.36322969664446,0,400,25,20.6555930676128,69.7126266031933,0.995044082797667,2.86075173804329,0.01375,0.011,0.01375,0.01375,0,0,0,0
16/01/2008,0.000100892312651247,0.1,25.6532330568687,35.7644361828813,234.990124592991,0,7.74584740035479,30.9833896014192,2.3632296966445,0,400,25,20.6555930676128,69.7126266031931,0.995044082797683,2.86075173804334,0.01375,0.011,0.01375,0.01375,0,0,0,0
17/01/2008,0.00504877291523799,0.1,25.6921838512949,28.3734722784887,233.91382567063,0,6.94820826710118,27.7928330684047,2.14547814991772,0,400,25,18.5285553789365,62.5338744039106,0.903359221017985,2.59715776042671,0.01375,0.011,0.01375,0.01375,0,0,0,0
18/01/2008,0.00400972220445632,0.1,25.7288575960691,31.345806338652,232.851539260369,0,7.17087151478126,28.683486059125,2.17640502128524,0,400,25,19.1223240394167,64.5378436330313,0.916381061593787,2.63459555208214,0.01375,0.011,0.01375,0.01375,0,0,0,0
19/01/2008,0.12702947850401,0.1,25.7632434349846,34.6435632764676,231.803579821526,0,7.47481565213975,29.899262608559,2.3327691332903,0,400,25,19.9328417390393,67.2733408692577,0.982218582438023,2.82387842450932,0.01375,0.011,0.01375,0.01375,0,0,0,0
20/01/2008,0.17324109303397,0.1,25.7953311891033,36.4818219174821,230.770257572335,0,7.54884008979365,30.1953603591746,2.37023607766558,0,400,25,20.1302402394497,67.9395608081428,0.997994137964454,2.8692331466478,0.01375,0.011,0.01375,0.01375,0,0,0,0
21/01/2008,0.0508153971484859,0.1,25.8251113597692,32.8244245179336,229.751878398107,0,6.30923033893658,25.2369213557463,1.88010016009752,0,400,25,16.8246142371642,56.7830730504292,0.79162112004106,2.27591072011805,0.01375,0.011,0.01375,0.01375,0,0,0,0
22/01/2008,0.000290838172462353,0.1,25.8525751314198,32.8244245179331,228.74874376069,0,6.30923033893668,25.2369213557467,1.88010016009754,0,400,25,16.8246142371645,56.7830730504301,0.79162112004107,2.27591072011808,0.01375,0.011,0.01375,0.01375,0,0,0,0
23/01/2008,3.04029454070281e-06,0.1,25.8777143741959,32.824424517933,227.761150609223,0,6.30923033893662,25.2369213557465,1.88010016009756,0,400,25,16.8246142371643,56.7830730504296,0.791621120041078,2.2759107201181,0.01375,0.011,0.01375,0.01375,0,0,0,0
24/01/2008,7.58841190432886e-08,0.1,25.9005216463481,0,226.789391292236,0,0,0,0,0,400,25,0,0,0,0,0.01375,0.011,0.01375,0.01375,0,0,0,0
25/01/2008,0,0.1,25.9209901964399,0,225.833753471109,0,0,0,0,0,400,25,0,0,0,0,0.01375,0.011,0.01375,0.01375,0,0,0,0
26/01/2008,0,0.1,25.9391139653462,0,224.894520034914,0,0,0,0,0,400,25,0,0,0,0,0.01375,0.011,0.01375,0.01375,0,0,0,0
27/01/2008,0,0.1,25.9548875880467,0,223.971969016682,0,0,0,0,0,400,25,0,0,0,0,0.01375,0.011,0.01375,0.01375,0,0,0,0
28/01/2008,0,0.1,25.9683063952143,0,223.066373511089,0,0,0,0,0,400,25,0,0,0,0,0.01375,0.011,0.01375,0.01375,0,0,0,0
29/01/2008,0,0.1,25.9793664145975,0,222.178001593623,0,0,0,0,0,400,25,0,0,0,0,0.01375,0.011,0.01375,0.01375,0,0,0,0
30/01/2008,0,0.1,25.9880643721958,0,221.307116241223,0,0,0,0,0,400,25,0,0,0,0,0.01375,0.011,0.01375,0.01375,0,0,0,0
31/01/2008,0,0.1,25.9943976932292,0,220.453975254433,0,0,0,0,0,400,25,0,0,0,0,0.01375,0.011,0.01375,0.01375,0,0,0,0
01/02/2008,0.0303053613913464,0.1,25.9983645029001,34.8016243248264,219.618831181091,0,7.8266955212063,31.3067820848252,2.43943080424756,0,400,25,20.8711880565501,70.4402596908567,1.02712875968318,2.95299518408915,0.01375,0.011,0.01375,0.01375,0,0,0,0
02/02/2008,0.00594084085651395,0.1,25.9999636269489,39.6095681057359,218.801931241564,0,8.10461249016548,32.4184499606619,2.44240397993764,0,400,25,21.6122999737746,72.9415124114893,1.02838062313164,2.95659429150346,0.01375,0.011,0.01375,0.01375,0,0,0,0
03/02/2008,5.02162728017221e-05,0.1,25.9991945920008,39.6095681057359,218.00351725557,0,8.10461249016548,32.4184499606619,2.44240397993765,0,400,25,21.6122999737746,72.9415124114893,1.02838062313164,2.95659429150347,0.01375,0.011,0.01375,0.01375,0,0,0,0
04/02/2008,0.280899897364363,0.1,25.9960576257065,36.3881221395434,217.22382557059,0,7.53962223493212,30.1584889397285,2.39542503324916,0,400,25,20.1056592931523,67.8566001143891,1.00860001399965,2.89972504024898,0.01375,0.011,0.01375,0.01375,0,0,0,0
05/02/2008,3.47048093387131,0.1,25.9905536566747,39.1812807673046,216.463086991908,0,7.70386158405425,30.815446336217,2.51912144958791,0,400,25,20.5436308908113,69.3347542564883,1.06068271561596,3.04946280739589,0.01375,0.011,0.01375,0.01375,0,0,0,0
06/02/2008,1.33187839375543,0.1,25.9826843141968,36.9865431546097,215.721526714289,0,7.06685532887442,28.2674213154977,2.25525436804444,0,400,25,18.8449475436651,63.6016979598698,0.949580786545027,2.73004476131695,0.01375,0.011,0.01375,0.01375,0,0,0,0
07/02/2008,1.65147566906339,0.1,25.9724519277653,37.2096541426727,214.999364255309,0,7.42608752514307,29.7043501005723,2.41174428809527,0,400,25,19.8029000670482,66.8347877262876,1.01547127919801,2.91947992769428,0.01375,0.011,0.01375,0.01375,0,0,0,0
08/02/2008,2.21400013786702,0.1,25.9598595263838,37.1548382456085,214.296813390382,0,7.31695716682989,29.2678286673196,2.36555854797924,0,400,25,19.511885778213,65.852614501469,0.996024651780733,2.86357087386961,0.01375,0.011,0.01375,0.01375,0,0,0,0
09/02/2008,1.50299915653177,0.1,25.9449108376702,35.2603043711778,213.614082089472,0,7.01221679214141,28.0488671685656,2.23986005749742,0,400,25,18.6992447790438,63.1099511292727,0.94309897157786,2.71140954328635,0.01375,0.011,0.01375,0.01375,0,0,0,0
10/02/2008,0.601285719846687,0.1,25.9276102867536,29.4535340123659,212.951372455532,0,6.18770592598902,24.7508237039561,1.89647056962389,0,400,25,16.5005491359707,55.6893533339012,0.798513924052165,2.29572753164997,0.01375,0.011,0.01375,0.01375,0,0,0,0
11/02/2008,0.177872862392064,0.1,25.9079629949642,15.2454590682789,212.308880664676,0,4.26344669768845,17.0537867907538,1.11059381935118,0,400,25,11.3691911938359,38.3710202791961,0.467618450253127,1.34440304447774,0.01375,0.011,0.01375,0.01375,0,0,0,0
12/02/2008,0.122851314202525,0.1,25.8859747783173,6.06112086153008,211.686796908109,0,3.16409112549742,12.6563645019897,0.653436339882615,0,400,25,8.43757633465978,28.4768201294768,0.27513109047689,0.79100188512106,0.01375,0.011,0.01375,0.01375,0,0,0,0
13/02/2008,0.114614789086483,0.1,25.8616521457917,6.00032090351668,211.085305335824,0,3.21941337986516,12.8776535194606,0.664418421713759,0,400,25,8.5851023463071,28.9747204187865,0.279755124932109,0.804295984179814,0.01375,0.011,0.01375,0.01375,0,0,0,0
14/02/2008,0.0790456182264315,0.1,25.8350022974027,6.00000230883709,210.50458400209,0,3.23139230730975,12.925569229239,0.662317140970961,0,400,25,8.61704615282601,29.0825307657878,0.278870375145668,0.801752328543794,0.01375,0.011,0.01375,0.01375,0,0,0,0
15/02/2008,0.0693087730362554,0.1,25.8060331220709,6.00000001398958,209.944804812745,0,3.29133939718606,13.1653575887442,0.674360759150667,0,400,25,8.77690505916282,29.6220545746745,0.283941372273965,0.816331445287649,0.01375,0.011,0.01375,0.01375,0,0,0,0
16/02/2008,0.0576215175201701,0.1,25.774753195287,6.00000000009162,209.406133474307,0,3.35006084043488,13.4002433617395,0.685499612738795,0,400,25,8.93349557449301,30.1505475639139,0.288631415890019,0.829815320683804,0.01375,0.011,0.01375,0.01375,0,0,0,0
17/02/2008,0.0732038516297866,0.1,25.7411717765731,6.00000000000041,208.888729444924,0,3.40840510465382,13.6336204186153,0.703507537234429,0,400,25,9.08908027907684,30.6756459418843,0.296213699888181,0.851614387178519,0.01375,0.011,0.01375,0.01375,0,0,0,0
18/02/2008,0.0731020938246156,0.1,25.7052988067417,6.7818229470543,208.392745887169,0,3.56415311798048,14.2566124719219,0.762668510027813,0,400,25,9.50440831461463,32.0773780618244,0.321123583169605,0.923230301612615,0.01375,0.011,0.01375,0.01375,0,0,0,0
19/02/2008,0.0672220379849685,0.1,25.6671449049533,6.65207002405803,207.918329622699,0,3.57794265853984,14.3117706341594,0.761495569121295,0,400,25,9.54118042277292,32.2014839268586,0.32062971331423,0.92181042577841,0.01375,0.011,0.01375,0.01375,0,0,0,0
20/02/2008,0.017065294882369,0.1,25.6267213655722,6.09683225467094,207.465621088795,0,3.50498748762633,14.0199499505053,0.691918356236875,0,400,25,9.34663330033689,31.544887388637,0.291334044731316,0.837585378602533,0.01375,0.011,0.01375,0.01375,0,0,0,0
21/02/2008,0.0578361357211487,0.1,25.5840401548241,6.00020093701829,207.034754296791,0,3.53159964861783,14.1263985944713,0.730758917620465,0,400,25,9.41759906298089,31.7843968375605,0.30768796531388,0.884602900277405,0.01375,0.011,0.01375,0.01375,0,0,0,0
22/02/2008,0.000324473863638214,0.1,25.5391139072529,6.00020093701838,206.625856792401,0,3.53159964861779,14.1263985944711,0.730758917620457,0,400,25,9.41759906298076,31.7843968375601,0.307687965313877,0.884602900277396,0.01375,0.011,0.01375,0.01375,0,0,0,0
23/02/2008,3.325107353028e-06,0.1,25.4919559219814,6.00020093701837,206.239049617962,0,3.53159964861778,14.1263985944711,0.73075891762045,0,400,25,9.41759906298075,31.78439683756,0.307687965313873,0.884602900277386,0.01375,0.011,0.01375,0.01375,0,0,0,0
24/02/2008,8.16262476667977e-08,0.1,25.4425801587739,0,205.874447276606,0,0,0,0,0,400,25,0,0,0,0,0.01375,0.011,0.01375,0.01375,0,0,0,0
25/02/2008,0.0252204121852977,0.1,25.391001233904,6.3179261545602,205.532157698364,0,3.56390617092686,14.2556246837075,0.736184176146754,0,400,25,9.5037497891383,32.0751555383418,0.30997228469337,0.891170318493439,0.01375,0.011,0.01375,0.01375,0,0,0,0
26/02/2008,0.00116882775053179,0.1,25.3372344158281,6.09648225829943,205.212282208215,0,3.45389081888555,13.8155632755422,0.633234898541172,0,400,25,9.21037551702813,31.0850173699699,0.266625220438388,0.766547508760367,0.01375,0.011,0.01375,0.01375,0,0,0,0
27/02/2008,0.0768913191128398,0.1,25.2812956206654,16.5918493595196,204.91491549609,0,5.04148234428232,20.1659293771293,1.36180960704251,0,400,25,13.4439529180862,45.3733410985409,0.573393518754743,1.64850636641989,0.01375,0.011,0.01375,0.01375,0,0,0,0
28/02/2008,0.091261604785572,0.1,25.2232014074861,19.8499896519972,204.640145588848,0,5.49077315714959,21.9630926285984,1.53446927839577,0,400,25,14.6420617523989,49.4169584143463,0.646092327745589,1.85751544226857,0.01375,0.011,0.01375,0.01375,0,0,0,0
29/02/2008,0.0879715612997236,0.1,25.1629689734102,23.9855270488742,204.388053824211,0,6.10748919796685,24.4299567918674,1.78297916662806,0,400,25,16.2866378612449,54.9674027817017,0.750728070159182,2.15834320170765,0.01375,0.011,0.01375,0.01375,0,0,0,0
01/03/2008,0.0241338937844798,0.1,25.1006161485163,21.7659775886058,204.158714826692,0,5.80936067926581,23.2374427170632,1.66507189075866,0,400,25,15.4916284780422,52.2842461133923,0.701082901372066,2.01561334144469,0.01375,0.011,0.01375,0.01375,0,0,0,0
02/03/2008,0.0148628400235714,0.1,25.0361613905638,6.16866851417036,203.952196485501,0,3.52467822831996,14.0987129132798,0.70497383036449,0,400,25,9.39914194218656,31.7221040548796,0.296831086469259,0.85338937359912,0.01375,0.011,0.01375,0.01375,0,0,0,0
03/03/2008,0.000106807415108894,0.1,24.9696237795288,6.16866851417041,203.768559934448,0,3.52467822832,14.09871291328,0.704973830364484,0,400,25,9.39914194218667,31.72210405488,0.296831086469256,0.853389373599112,0.01375,0.011,0.01375,0.01375,0,0,0,0
04/03/2008,1.33905256079563e-06,0.1,24.9010230119562,6.1686685141704,203.60785953385,0,3.52467822832001,14.09871291328,0.704973830364481,0,400,25,9.39914194218669,31.7221040548801,0.296831086469255,0.853389373599108,0.01375,0.011,0.01375,0.01375,0,0,0,0
05/03/2008,3.89103939097702e-08,0.1,24.8303793951287,0,203.470142854435,0,0,0,0,0,400,25,0,0,0,0,0.01375,0.011,0.01375,0.01375,0,0,0,0
06/03/2008,0,0.1,24.7577138410562,0,203.355450663264,0,0,0,0,0,400,25,0,0,0,0,0.01375,0.011,0.01375,0.01375,0,0,0,0
07/03/2008,0,0.1,24.6830478602847,0,203.263816911658,0,0,0,0,0,400,25,0,0,0,0,0.01375,0.011,0.01375,0.01375,0,0,0,0
08/03/2008,0.0869213349548842,0.1,24.6064035555288,27.5966896584248,203.195268725153,0,6.6448682110959,26.5794728443836,1.9976922939554,0,400,25,17.7196485629224,59.8038138998631,0.841133597454907,2.41825909268286,0.01375,0.011,0.01375,0.01375,0,0,0,0
09/03/2008,0.0341119141882976,0.1,24.5278036151292,26.638257218619,203.149826395466,0,6.50258095125937,26.0103238050375,1.92660159933929,0,400,25,17.340215870025,58.5232285613343,0.811200673406016,2.3322019360423,0.01375,0.011,0.01375,0.01375,0,0,0,0
10/03/2008,0.000210238718347595,0.1,24.4472713063363,26.6382572186191,203.127503374491,0,6.5025809512593,26.0103238050372,1.9266015993393,0,400,25,17.3402158700248,58.5232285613337,0.81120067340602,2.33220193604231,0.01375,0.011,0.01375,0.01375,0,0,0,0
11/03/2008,2.33117936307418e-06,0.1,24.3648304684224,26.6382572186192,203.128306270316,0,6.50258095125929,26.0103238050371,1.9266015993393,0,400,25,17.3402158700248,58.5232285613336,0.81120067340602,2.33220193604231,0.01375,0.011,0.01375,0.01375,0,0,0,0
12/03/2008,6.11220052584409e-08,0.1,24.2805055056248,0,203.152234845267,0,0,0,0,0,400,25,0,0,0,0,0.01375,0.011,0.01375,0.01375,0,0,0,0
13/03/2008,0,0.1,24.1943213799221,0,203.199282015978,0,0,0,0,0,400,25,0,0,0,0,0.01375,0.011,0.01375,0.01375,0,0,0,0
14/03/2008,0,0.1,24.1063036036443,0,203.269433855488,0,0,0,0,0,400,25,0,0,0,0,0.01375,0.011,0.01375,0.01375,0,0,0,0
15/03/2008,0,0.1,24.016478231921,0,203.362669597364,0,0,0,0,0,400,25,0,0,0,0,0.01375,0.011,0.01375,0.01375,0,0,0,0
16/03/2008,0,0.1,23.9248718549683,0,203.478961641847,0,0,0,0,0,400,25,0,0,0,0,0.01375,0.011,0.01375,0.01375,0,0,0,0
17/03/2008,0,0.1,23.8315115902177,0,203.618275564026,0,0,0,0,0,400,25,0,0,0,0,0.01375,0.011,0.01375,0.01375,0,0,0,0
18/03/2008,0,0.1,23.7364250742888,0,203.780570124022,0,0,0,0,0,400,25,0,0,0,0,0.01375,0.011,0.01375,0.01375,0,0,0,0
19/03/2008,0,0.1,23.6396404548081,0,203.965797279202,0,0,0,0,0,400,25,0,0,0,0,0.01375,0.011,0.01375,0.01375,0,0,0,0
20/03/2008,0,0.1,23.5411863820767,0,204.173902198397,0,0,0,0,0,400,25,0,0,0,0,0.01375,0.011,0.01375,0.01375,0,0,0,0
21/03/2008,0.0200397665627696,0.1,23.4410920005895,7.87571250555211,204.404823278136,0,3.80224606691525,15.208984267661,0.850190865174308,0,400,25,10.1393228451073,34.2202146022372,0.357975101126024,1.02917841573732,0.01375,0.011,0.01375,0.01375,0,0,0,0
22/03/2008,0.0237607126517499,0.1,23.3393869404073,16.5556780726052,204.658492160877,0,5.08308098227271,20.3323239290908,1.39171717845158,0,400,25,13.5548826193939,45.7477288404544,0.585986180400665,1.68471026865191,0.01375,0.011,0.01375,0.01375,0,0,0,0
23/03/2008,0.0303628121591918,0.1,23.2361013083863,19.0385419955908,204.93483375525,0,5.4155797749245,21.662319099698,1.51363933823049,0,400,25,14.4415460664653,48.7402179743205,0.637321826623363,1.83230025154217,0.01375,0.011,0.01375,0.01375,0,0,0,0
24/03/2008,0.00169666166192071,0.1,23.1312656792653,34.8350701728895,205.233766258277,0,7.48219725583691,29.9287890233476,2.23471976227673,0,400,25,19.9525260155651,67.3397753025322,0.940934636748096,2.70518708065077,0.01375,0.011,0.01375,0.01375,0,0,0,0
25/03/2008,0.0575204011356509,0.1,23.0249110866152,26.4745154064153,205.555201179595,0,6.47364257416295,25.8945702966518,1.929987364157,0,400,25,17.2630468644345,58.2627831674666,0.812626258592419,2.33630049345321,0.01375,0.011,0.01375,0.01375,0,0,0,0
26/03/2008,0.0519774513031169,0.1,22.9170690136522,32.7769196025514,205.899043367646,0,7.46634414912252,29.8653765964901,2.30086388896367,0,400,25,19.9102510643267,67.1970973421027,0.968784795353125,2.78525628664023,0.01375,0.011,0.01375,0.01375,0,0,0,0
27/03/2008,0.012049640232255,0.1,22.8077713839186,31.420835427706,206.265191037846,0,7.16222942746258,28.6489177098503,2.16907314140393,0,400,25,19.0992784732335,64.4600648471632,0.91329395427534,2.6257201185416,0.01375,0.011,0.01375,0.01375,0,0,0,0
28/03/2008,0.0103407502011823,0.1,22.6970505518319,25.8112343796095,206.653535802714,0,6.59218631584071,26.3687452633628,2.02495738038162,0,400,25,17.5791635089086,59.3296768425664,0.852613633844893,2.45126419730407,0.01375,0.011,0.01375,0.01375,0,0,0,0
29/03/2008,0.00532719891724108,0.1,22.5849392931081,28.6435402803844,207.063962703959,0,6.77596747401096,27.1038698960438,2.03818556399511,0,400,25,18.0692465973626,60.9837072660986,0.858183395366362,2.46727726167829,0.01375,0.011,0.01375,0.01375,0,0,0,0
30/03/2008,4.61683948619435e-05,0.1,22.4714707950588,28.6435402803842,207.496350246509,0,6.77596747401096,27.1038698960438,2.03818556399511,0,400,25,18.0692465973626,60.9837072660987,0.858183395366364,2.4672772616783,0.01375,0.011,0.01375,0.01375,0,0,0,0
31/03/2008,6.73623514174323e-07,0.1,22.3566786467673,28.6435402803842,207.950570434476,0,6.77596747401094,27.1038698960438,2.03818556399512,0,400,25,18.0692465973625,60.9837072660985,0.858183395366367,2.4672772616783,0.01375,0.011,0.01375,0.01375,0,0,0,0
01/04/2008,2.22337631166858e-08,0.1,22.2405968291455,0,208.426488809045,0,0,0,0,0,400,25,0,0,0,0,0.01375,0.011,0.01375,0.01375,0,0,0,0
02/04/2008,0,0.1,22.1232597048746,0,208.923964488279,0,0,0,0,0,400,25,0,0,0,0,0.01375,0.011,0.01375,0.01375,0,0,0,0
03/04/2008,0,0.1,22.0047020082334,0,209.442850208819,0,0,0,0,0,400,25,0,0,0,0,0.01375,0.011,0.01375,0.01375,0,0,0,0
04/04/2008,0,0.1,21.8849588348159,0,209.982992369482,0,0,0,0,0,400,25,0,0,0,0,0.01375,0.011,0.01375,0.01375,0,0,0,0
05/04/2008,0,0.1,21.7640656311426,0,210.544231076725,0,0,0,0,0,400,25,0,0,0,0,0.01375,0.011,0.01375,0.01375,0,0,0,0
06/04/2008,0,0.1,21.642058184167,0,211.126400191981,0,0,0,0,0,400,25,0,0,0,0,0.01375,0.011,0.01375,0.01375,0,0,0,0
07/04/2008,0.00881703886953874,0.1,21.5189726106826,24.469914788005,211.72932738084,0,6.40904948587938,25.6361979435175,1.96371772701117,0,400,25,17.0907986290117,57.6814453729145,0.826828516636282,2.37713198532931,0.01375,0.011,0.01375,0.01375,0,0,0,0
08/04/2008,0.0208478425355378,0.1,21.3948453466311,24.9992215559925,212.352834164057,0,6.32723384745515,25.3089353898206,1.87993740071091,0,400,25,16.8726235932137,56.9451046270964,0.791552589773016,2.27571369559742,0.01375,0.011,0.01375,0.01375,0,0,0,0
09/04/2008,0.0185594617432218,0.1,21.2697131363166,21.2904079578068,212.996735970394,0,5.76610746431206,23.0644298572482,1.65757723779196,0,400,25,15.3762865714988,51.8949671788085,0.697927258017668,2.00654086680079,0.01375,0.011,0.01375,0.01375,0,0,0,0
10/04/2008,0.00117489757752016,0.1,21.1436130215288,34.517796649085,213.660842191253,0,7.449814224095,29.79925689638,2.22851464838593,0,400,25,19.8661712642533,67.048328016855,0.938321957215128,2.69767562699349,0.01375,0.011,0.01375,0.01375,0,0,0,0
11/04/2008,1.30727134717064e-05,0.1,21.0165823305776,34.5177966490851,214.3449562371,0,7.44981422409503,29.7992568963801,2.22851464838593,0,400,25,19.8661712642534,67.0483280168553,0.938321957215129,2.6976756269935,0.01375,0.011,0.01375,0.01375,0,0,0,0
12/04/2008,2.48969592925411e-07,0.1,20.8886586672431,34.5177966490851,215.04887559566,0,7.44981422409501,29.7992568963801,2.22851464838593,0,400,25,19.8661712642534,67.0483280168551,0.93832195721513,2.6976756269935,0.01375,0.011,0.01375,0.01375,0,0,0,0
13/04/2008,0,0.1,20.7598798996444,0,215.772391891864,0,0,0,0,0,400,25,0,0,0,0,0.01375,0.011,0.01375,0.01375,0,0,0,0
14/04/2008,0.0294041957257409,0.1,20.6302841490292,24.4058292170044,216.515290949537,0,6.21359186986477,24.8543674794591,1.83485893248859,0,400,25,16.5695783196394,55.9223268287829,0.772572182100458,2.22114502353882,0.01375,0.011,0.01375,0.01375,0,0,0,0
15/04/2008,0.00705687790509751,0.1,20.49990977849,29.0376896623258,217.277352854791,0,6.84698941344398,27.3879576537759,2.06551547605725,0,400,25,18.2586384358506,61.6229047209958,0.869690726760949,2.50036083943773,0.01375,0.011,0.01375,0.01375,0,0,0,0
16/04/2008,5.78889165056588e-05,0.1,20.3687953816071,29.0376896623255,218.058352021133,0,6.84698941344406,27.3879576537762,2.06551547605727,0,400,25,18.2586384358508,61.6229047209965,0.869690726760956,2.50036083943775,0.01375,0.011,0.01375,0.01375,0,0,0,0
17/04/2008,8.10811028999899e-07,0.1,20.2369797710241,29.0376896623257,218.858057256235,0,6.84698941344407,27.3879576537763,2.06551547605729,0,400,25,18.2586384358509,61.6229047209966,0.869690726760963,2.50036083943777,0.01375,0.011,0.01375,0.01375,0,0,0,0
18/04/2008,0.000696570676464396,0.1,20.104501966959,19.3344694022317,219.676231830379,0,5.70603238211131,22.8241295284452,1.72819568411742,0,400,25,15.2160863522968,51.3542914390018,0.727661340681018,2.09202635445793,0.01375,0.011,0.01375,0.01375,0,0,0,0
19/04/2008,0.000954094480980518,0.1,19.9714011856532,36.1208589044259,220.512633546526,0,7.65545340807924,30.621813632317,2.29866666679049,0,400,25,20.4145424215446,68.8990806727132,0.967859649174945,2.78259649137797,0.01375,0.011,0.01375,0.01375,0,0,0,0
20/04/2008,0.000521717372267867,0.1,19.8377168277622,35.0076243138352,221.367014812022,0,7.51360031844216,30.0544012737686,2.2536426316846,0,400,25,20.0362675158458,67.6224028659794,0.948902160709304,2.72809371203925,0.01375,0.011,0.01375,0.01375,0,0,0,0
21/04/2008,0.0351689495387669,0.1,19.703488466693,24.2828356204638,222.239122711881,0,6.15239224328217,24.6095689731287,1.80295552538967,0,400,25,16.4063793154191,55.3715301895396,0.759139168585125,2.18252510968223,0.01375,0.011,0.01375,0.01375,0,0,0,0
22/04/2008,0.0208017186891317,0.1,19.5687558368887,21.7398268086623,223.128699083657,0,5.79067412207324,23.162696488293,1.65315063677358,0,400,25,15.441797658862,52.1160670986591,0.696063426009928,2.00118234977854,0.01375,0.011,0.01375,0.01375,0,0,0,0
23/04/2008,0.0175321795667858,0.1,19.4335588220669,19.6081768890017,224.035480593869,0,5.52406323830908,22.0962529532363,1.56558727196959,0,400,25,14.7308353021575,49.7165691447817,0.6591946408293,1.89518459238424,0.01375,0.011,0.01375,0.01375,0,0,0,0
24/04/2008,0.0280051073426672,0.1,19.2979374434129,21.3056594959543,224.959198815945,0,5.72200913515849,22.8880365406339,1.63087988190006,0,400,25,15.2586910270893,51.4980822164264,0.686686266063182,1.97422301493165,0.01375,0.011,0.01375,0.01375,0,0,0,0
25/04/2008,0.0169418558707674,0.1,19.1619318477328,25.7407976596514,225.899580309692,0,6.45053738982993,25.8021495593197,1.93085504366453,0,400,25,17.2014330395465,58.0548365084694,0.812991597332432,2.33735084233074,0.01375,0.011,0.01375,0.01375,0,0,0,0
26/04/2008,0.00144920925243347,0.1,19.025582295569,36.4839224331419,226.856346702231,0,7.70828436151831,30.8331374460732,2.31584599509523,0,400,25,20.5554249640488,69.3745592536648,0.975093050566411,2.80339252037843,0.01375,0.011,0.01375,0.01375,0,0,0,0
27/04/2008,1.56407555004208e-05,0.1,18.8889291492823,36.4839224331416,227.829214770406,0,7.70828436151834,30.8331374460734,2.31584599509522,0,400,25,20.5554249640489,69.3745592536651,0.975093050566408,2.80339252037842,0.01375,0.011,0.01375,0.01375,0,0,0,0
28/04/2008,2.88134760225703e-07,0.1,18.7520128611039,36.4839224331416,228.817896524626,0,7.70828436151837,30.8331374460735,2.31584599509522,0,400,25,20.555424964049,69.3745592536654,0.975093050566409,2.80339252037843,0.01375,0.011,0.01375,0.01375,0,0,0,0
29/04/2008,3.71309666693841e-05,0.1,18.6148739611606,29.4131420632738,229.82209929411,0,6.80837925167317,27.2335170066927,2.03175459036513,0,400,25,18.1556780044618,61.2754132650585,0.855475616995844,2.45949239886305,0.01375,0.011,0.01375,0.01375,0,0,0,0
30/04/2008,8.01280475668576e-07,0.1,18.4775530454767,29.4131420632738,230.84152581353,0,6.80837925167316,27.2335170066926,2.03175459036513,0,400,25,18.1556780044617,61.2754132650584,0.855475616995844,2.45949239886305,0.01375,0.011,0.01375,0.01375,0,0,0,0
01/05/2008,0.00697318438147991,0.1,18.3400907639575,6.00008527060308,231.875874311002,0,3.5103814102807,14.0415256411228,0.70649196691021,0,400,25,9.36101709408187,31.5934326925263,0.29747030185693,0.855227117838675,0.01375,0.011,0.01375,0.01375,0,0,0,0
02/05/2008,5.77632246740193e-05,0.1,18.2025278083553,6.00008527060309,232.924838597422,0,3.51038141028072,14.0415256411229,0.706491966910218,0,400,25,9.36101709408193,31.5934326925265,0.297470301856934,0.855227117838685,0.01375,0.011,0.01375,0.01375,0,0,0,0
03/05/2008,8.09368421007934e-07,0.1,18.0649049002241,6.00008527060311,233.988108157101,0,3.51038141028071,14.0415256411228,0.706491966910215,0,400,25,9.3610170940819,31.5934326925264,0.297470301856933,0.855227117838682,0.01375,0.011,0.01375,0.01375,0,0,0,0
04/05/2008,2.58201046375489e-08,0.1,17.927262778865,0,235.065368239687,0,0,0,0,0,400,25,0,0,0,0,0.01375,0.011,0.01375,0.01375,0,0,0,0
05/05/2008,0,0.1,17.789642189267,0,236.156299953336,0,0,0,0,0,400,25,0,0,0,0,0.01375,0.011,0.01375,0.01375,0,0,0,0
06/05/2008,0,0.1,17.6520838700448,0,237.260580359109,0,0,0,0,0,400,25,0,0,0,0,0.01375,0.011,0.01375,0.01375,0,0,0,0
07/05/2008,0,0.1,17.5146285413801,0,238.377882566574,0,0,0,0,0,400,25,0,0,0,0,0.01375,0.011,0.01375,0.01375,0,0,0,0
08/05/2008,0,0.1,17.3773168929669,0,239.507875830567,0,0,0,0,0,400,25,0,0,0,0,0.01375,0.011,0.01375,0.01375,0,0,0,0
09/05/2008,0,0.1,17.2401895719671,0,240.650225649104,0,0,0,0,0,400,25,0,0,0,0,0.01375,0.011,0.01375,0.01375,0,0,0,0
10/05/2008,0,0.1,17.1032871709775,0,241.804593862396,0,0,0,0,0,400,25,0,0,0,0,0.01375,0.011,0.01375,0.01375,0,0,0,0
11/05/2008,0.0012337779331625,0.1,16.966650216014,6,242.970638752956,0,3.42857142857143,13.7142857142857,0.612903225806452,0,400,25,9.14285714285714,30.8571428571429,0.258064516129032,0.741935483870968,0.01375,0.011,0.01375,0.01375,0,0,0,0
12/05/2008,1.40430331825135e-05,0.1,16.8303191545148,6.00000000000004,244.148015146753,0,3.42857142857146,13.7142857142858,0.612903225806457,0,400,25,9.14285714285722,30.8571428571431,0.258064516129034,0.741935483870974,0.01375,0.011,0.01375,0.01375,0,0,0,0
13/05/2008,0.00225252063561763,0.1,16.6943343433671,6,245.33637451539,0,3.43996264363636,13.7598505745455,0.625935755730207,0,400,25,9.17323371636364,30.9596637927273,0.263551897149561,0.757711704304988,0.01375,0.011,0.01375,0.01375,0,0,0,0
14/05/2008,2.29590922947335e-05,0.1,16.5587360369606,6.00000000000004,246.535365079275,0,3.43996264363638,13.7598505745455,0.625935755730211,0,400,25,9.17323371636367,30.9596637927274,0.263551897149562,0.757711704304992,0.01375,0.011,0.01375,0.01375,0,0,0,0
15/05/2008,3.79952501898093e-07,0.1,16.4235643752715,6.00000000000004,247.744631911759,0,3.43996264363637,13.7598505745455,0.625935755730215,0,400,25,9.17323371636366,30.9596637927274,0.263551897149564,0.757711704304998,0.01375,0.011,0.01375,0.01375,0,0,0,0
16/05/2008,1.39456659970993e-08,0.1,16.2888593719801,0,248.963817044198,0,0,0,0,0,400,25,0,0,0,0,0.01375,0.011,0.01375,0.01375,0,0,0,0
17/05/2008,2.93525746432215e-05,0.1,16.1546609026259,32.8788130776327,250.192559571921,0,7.2452285391974,28.9809141567896,2.16919771028942,0,400,25,19.3206094378597,65.2070568527766,0.913346404332387,2.62587091245561,0.01375,0.011,0.01375,0.01375,0,0,0,0
18/05/2008,6.61083324473388e-07,0.1,16.0210086928035,32.8788130776326,251.430495761065,0,7.24522853919739,28.9809141567895,2.16919771028941,0,400,25,19.3206094378597,65.2070568527765,0.913346404332384,2.62587091245561,0.01375,0.011,0.01375,0.01375,0,0,0,0
19/05/2008,2.18960223115839e-08,0.1,15.8879423064033,0,252.677259156249,0,0,0,0,0,400,25,0,0,0,0,0.01375,0.011,0.01375,0.01375,0,0,0,0
20/05/2008,0.000996821706508636,0.1,15.7555011338993,6,253.932480689051,0,3.42857142857143,13.7142857142857,0.612903225806452,0,400,25,9.14285714285714,30.8571428571429,0.258064516129032,0.741935483870968,0.01375,0.011,0.01375,0.01375,0,0,0,0
21/05/2008,1.17980008268671e-05,0.1,15.623724380689,6.00000000000001,255.19578878726,0,3.4285714285714,13.7142857142856,0.612903225806446,0,400,25,9.14285714285706,30.8571428571426,0.25806451612903,0.741935483870961,0.01375,0.011,0.01375,0.01375,0,0,0,0
22/05/2008,2.29008059099127e-07,0.1,15.4926510554879,6,256.466809484872,0,3.4285714285714,13.7142857142856,0.612903225806447,0,400,25,9.14285714285708,30.8571428571426,0.25806451612903,0.741935483870963,0.01375,0.011,0.01375,0.01375,0,0,0,0
23/05/2008,0,0.1,15.3623199587815,0,257.745166532788,0,0,0,0,0,400,25,0,0,0,0,0.01375,0.011,0.01375,0.01375,0,0,0,0
24/05/2008,0,0.1,15.2327696713403,0,259.030481510195,0,0,0,0,0,400,25,0,0,0,0,0.01375,0.011,0.01375,0.01375,0,0,0,0
25/05/2008,0.00842350816080153,0.1,15.1040385427983,6,260.322373936585,0,3.52137212185859,14.0854884874343,0.719075201782297,0,400,25,9.39032565828957,31.6923490967273,0.302768506013599,0.870459454789096,0.01375,0.011,0.01375,0.01375,0,0,0,0
26/05/2008,6.73965447787251e-05,0.1,14.9761646803015,6.0000000000001,261.620461384384,0,3.52137212185862,14.0854884874345,0.719075201782291,0,400,25,9.39032565828966,31.6923490967276,0.302768506013596,0.870459454789089,0.01375,0.011,0.01375,0.01375,0,0,0,0
27/05/2008,0.00959749082861344,0.1,14.8491859372266,7.36942290782473,262.924359592162,0,3.72335936348219,14.8934374539288,0.810506691234109,0,400,25,9.92895830261918,33.5102342713397,0.341265975256467,0.981139678862343,0.01375,0.011,0.01375,0.01375,0,0,0,0
28/05/2008,0.0124306620763155,0.1,14.7231399019762,6.00831004829339,264.23368257838,0,3.53146590895475,14.125863635819,0.729775870147239,0,400,25,9.41724242387934,31.7831931805928,0.307274050588311,0.883412895441395,0.01375,0.011,0.01375,0.01375,0,0,0,0
29/05/2008,0.00179866841764558,0.1,14.5980638868514,6.0004281540731,265.54804275565,0,3.43387280460683,13.7354912184273,0.618924791138182,0,400,25,9.15699414561822,30.9048552414615,0.260599912058182,0.749224747167273,0.01375,0.011,0.01375,0.01375,0,0,0,0
30/05/2008,0.0037107097737802,0.1,14.4739949170069,6.00000219018461,266.867051045467,0,3.4879091548126,13.9516366192504,0.680790465582995,0,400,25,9.30109107950026,31.3911823933134,0.286648617087577,0.824114774126784,0.01375,0.011,0.01375,0.01375,0,0,0,0
31/05/2008,0.0076483482771052,0.1,14.3509697194906,6.00000000994384,268.190316993389,0,3.5192466022938,14.0769864091752,0.716643423545673,0,400,25,9.38465760611679,31.6732194206442,0.301744599387652,0.867515723239499,0.01375,0.011,0.01375,0.01375,0,0,0,0
01/06/2008,0.0162272444500814,0.1,14.2290247123716,6.00000000003839,269.517448884614,0,3.53480571719191,14.1392228687676,0.734444390417796,0,400,25,9.42614857917843,31.8132514547272,0.309239743333809,0.889064262084701,0.01375,0.011,0.01375,0.01375,0,0,0,0
02/06/2008,0.0653286886909749,0.1,14.1081959939597,27.4057605889377,270.848053859939,0,6.50537326012982,26.0214930405193,1.94399109938554,0,400,25,17.3476620270129,58.5483593411684,0.818522568162333,2.35325238346671,0.01375,0.011,0.01375,0.01375,0,0,0,0
03/06/2008,0.0719371744225741,0.1,13.9885193321197,30.3643456211239,272.181738032057,0,6.88512082748696,27.5404833099478,2.08514387916886,0,400,25,18.3603222066319,61.9660874473826,0.877955317544782,2.52412153794125,0.01375,0.011,0.01375,0.01375,0,0,0,0
04/06/2008,0.121514895655732,0.1,13.870030153683,33.9002675583057,273.51810660215,0,7.33644395425363,29.3457758170145,2.27115872726488,0,400,25,19.5638505446764,66.0279955882827,0.956277358848371,2.74929740668907,0.01375,0.011,0.01375,0.01375,0,0,0,0
05/06/2008,0.26996713426804,0.1,13.7527635339609,35.2808479377702,274.856763976763,0,7.21431170935836,28.8572468374335,2.26761140243001,0,400,25,19.238164558289,64.9288053842253,0.954783748391582,2.7450032766258,0.01375,0.011,0.01375,0.01375,0,0,0,0
06/06/2008,0.116162278860452,0.1,13.6367541863612,29.2800571682721,276.197313884907,0,5.86708352257166,23.4683340902866,1.72872156077247,0,400,25,15.6455560601911,52.8037517031449,0.727882762430513,2.09266294198772,0.01375,0.011,0.01375,0.01375,0,0,0,0
07/06/2008,0.0128358527235757,0.1,13.5220364521127,7.76579035501358,277.539359495362,0,2.85034716819038,11.4013886727615,0.607646495600038,0,400,25,7.60092578184102,25.6531245137135,0.255851156042121,0.735572073621099,0.01375,0.011,0.01375,0.01375,0,0,0,0
08/06/2008,0.0222469156643764,0.1,13.408644290099,6.00749652561379,278.882503534148,0,3.07985941756052,12.3194376702421,0.628792766445505,0,400,25,8.21295844682805,27.7187347580447,0.264754849029686,0.761170190960348,0.01375,0.011,0.01375,0.01375,0,0,0,0
09/06/2008,0.0150037823301203,0.1,13.2966112668063,10.8574375127493,280.226348402127,0,3.84767400032114,15.3906960012845,0.95285867633605,0,400,25,10.2604640008564,34.6290660028902,0.401203653194126,1.15346050293311,0.01375,0.011,0.01375,0.01375,0,0,0,0
10/06/2008,0.0325339206642145,0.1,13.1859705463869,10.9098973900343,281.570496292702,0,3.98221272555329,15.9288509022132,0.959477521656592,0,400,25,10.6192339348088,35.8399145299796,0.403990535434355,1.16147278937377,0.01375,0.011,0.01375,0.01375,0,0,0,0
11/06/2008,0.0316991963322201,0.1,13.076754880842,18.6685552107036,282.914549309573,0,5.2055008599419,20.8220034397676,1.44483050085726,0,400,25,13.8813356265117,46.8495077394771,0.608349684571479,1.749005343143,0.01375,0.011,0.01375,0.01375,0,0,0,0
12/06/2008,0.0174543143404741,0.1,12.9689966003261,23.3572981074633,284.258109584525,0,5.98236589674231,23.9294635869692,1.75141195358998,0,400,25,15.9529757246462,53.8412930706808,0.737436612037887,2.12013025960892,0.01375,0.011,0.01375,0.01375,0,0,0,0
13/06/2008,0.00114304196062745,0.1,12.8627276035769,36.1678247346534,285.600779395208,0,7.65312644980781,30.6125057992312,2.29535023590738,0,400,25,20.4083371994875,68.8781380482703,0.966463257224159,2.77858186451946,0.01375,0.011,0.01375,0.01375,0,0,0,0
14/06/2008,1.27920820600812e-05,0.1,12.7579793484726,36.1678247346535,286.942161282863,0,7.65312644980784,30.6125057992314,2.29535023590739,0,400,25,20.4083371994876,68.8781380482706,0.966463257224166,2.77858186451948,0.01375,0.011,0.01375,0.01375,0,0,0,0
15/06/2008,0.00312357894466991,0.1,12.6547828427194,6.00233961441766,288.281858169988,0,3.46270187080884,13.8508074832353,0.651707032165624,0,400,25,9.23387165549023,31.1643168372795,0.274402960911842,0.788908512621545,0.01375,0.011,0.01375,0.01375,0,0,0,0
16/06/2008,0.00919664226741841,0.1,12.5531686346731,6.0000076912385,289.619473477875,0,3.5193110888659,14.0772443554636,0.716716399452232,0,400,25,9.38482957030907,31.6737997997931,0.30177532608515,0.867604062494807,0.01375,0.011,0.01375,0.01375,0,0,0,0
17/06/2008,0.0112961994855541,0.1,12.4531668042954,6.00000004955521,290.954611244008,0,3.52506432655938,14.1002573062375,0.723299396393336,0,400,25,9.40017153749169,31.7255789390344,0.304547114270878,0.875572953528775,0.01375,0.011,0.01375,0.01375,0,0,0,0
18/06/2008,0.00429308584711735,0.1,12.3548069542502,6.0000000009909,292.286876239276,0,3.48759741844179,13.9503896737672,0.680434035619163,0,400,25,9.30025978251145,31.3883767659762,0.286498541313332,0.823683306275829,0.01375,0.011,0.01375,0.01375,0,0,0,0
19/06/2008,0.0122074560444822,0.1,12.2581182011404,6.00000000000316,293.61587408497,0,3.52729498380341,14.1091799352136,0.725851465340348,0,400,25,9.4061199568091,31.7456548542307,0.305621669616989,0.878662300148842,0.01375,0.011,0.01375,0.01375,0,0,0,0
20/06/2008,0.037915677549771,0.1,12.1631291668888,22.4801163011746,294.941211369524,0,5.86178118592765,23.4471247437106,1.68743435091435,0,400,25,15.6314164958071,52.7560306733488,0.7104986740692,2.04268368794895,0.01375,0.011,0.01375,0.01375,0,0,0,0
21/06/2008,0.00713434659137507,0.1,12.0698679702651,28.9307568973925,296.262495764978,0,6.86182128961254,27.4472851584501,2.07708013189748,0,400,25,18.2981901056334,61.7563916065128,0.874560055535781,2.51436015966537,0.01375,0.011,0.01375,0.01375,0,0,0,0
22/06/2008,0.000171294511398195,0.1,11.9783622185626,31.2817063641364,297.579336143113,0,7.08277815612817,28.3311126245127,2.1277862590598,0,400,25,18.8874084163418,63.7450034051535,0.895910003814654,2.57574126096713,0.01375,0.011,0.01375,0.01375,0,0,0,0
23/06/2008,0.00629977132926204,0.1,11.8886389994256,6.01029723662328,298.891342691233,0,3.51096677989373,14.0438671195749,0.706084797561016,0,400,25,9.36257807971661,31.5987010190435,0.297298862130954,0.854734228626493,0.01375,0.011,0.01375,0.01375,0,0,0,0
24/06/2008,5.31614588794201e-05,0.1,11.8007248728309,6.01029723662329,300.198127027558,0,3.51096677989376,14.043867119575,0.706084797561012,0,400,25,9.3625780797167,31.5987010190439,0.297298862130952,0.854734228626488,0.01375,0.011,0.01375,0.01375,0,0,0,0
25/06/2008,7.56147395652501e-07,0.1,11.7146458632257,6.01029723662327,301.499302316194,0,3.51096677989379,14.0438671195752,0.706084797561015,0,400,25,9.36257807971677,31.5987010190441,0.297298862130954,0.854734228626492,0.01375,0.011,0.01375,0.01375,0,0,0,0
26/06/2008,2.44284381009658e-08,0.1,11.6304274518233,0,302.794483381644,0,0,0,0,0,400,25,0,0,0,0,0.01375,0.011,0.01375,0.01375,0,0,0,0
27/06/2008,0,0.1,11.5480945690608,0,304.083286822828,0,0,0,0,0,400,25,0,0,0,0,0.01375,0.011,0.01375,0.01375,0,0,0,0
28/06/2008,0.00515933739607894,0.1,11.4676715872185,6,305.365331126578,0,3.50320489473844,14.0128195789538,0.698290331184622,0,400,25,9.3418797193025,31.528844052646,0.29401698155142,0.845298821960332,0.01375,0.011,0.01375,0.01375,0,0,0,0
29/06/2008,4.51693466243697e-05,0.1,11.3891823132057,5.99999999999997,306.640236780576,0,3.50320489473845,14.0128195789538,0.698290331184621,0,400,25,9.34187971930253,31.528844052646,0.294016981551419,0.845298821960331,0.01375,0.011,0.01375,0.01375,0,0,0,0
30/06/2008,6.61655172910515e-07,0.1,11.3126499815131,5.99999999999995,307.907626385693,0,3.50320489473843,14.0128195789537,0.698290331184621,0,400,25,9.34187971930249,31.5288440526459,0.294016981551419,0.845298821960331,0.01375,0.011,0.01375,0.01375,0,0,0,0
01/07/2008,2.19114494123643e-08,0.1,11.238097247335,0,309.167124767712,0,0,0,0,0,400,25,0,0,0,0,0.01375,0.011,0.01375,0.01375,0,0,0,0
02/07/2008,0,0.1,11.1655461798626,0,310.418359088383,0,0,0,0,0,400,25,0,0,0,0,0.01375,0.011,0.01375,0.01375,0,0,0,0
03/07/2008,0.000106715461097228,0.1,11.0950182557516,6,311.660958955797,0,3.42857142857143,13.7142857142857,0.612903225806452,0,400,25,9.14285714285714,30.8571428571429,0.258064516129032,0.741935483870968,0.01375,0.011,0.01375,0.01375,0,0,0,0
04/07/2008,0.0143087451258142,0.1,11.026534352764,8.41666453407515,312.894556534024,0,3.87824441430316,15.5129776572126,0.881990062327053,0,400,25,10.3419851048084,34.9041997287285,0.371364236769285,1.0676721807117,0.01375,0.011,0.01375,0.01375,0,0,0,0
05/07/2008,0.000151785961442977,0.1,10.9601147435886,15.6604605478319,314.118786652004,0,4.88099810005965,19.5239924002386,1.26955108013869,0,400,25,13.0159949334924,43.9289829005368,0.534547823216292,1.53682499174684,0.01375,0.011,0.01375,0.01375,0,0,0,0
06/07/2008,2.02803019425422e-06,0.1,10.8957790898389,15.6604605478321,315.333286911643,0,4.88099810005962,19.5239924002385,1.26955108013869,0,400,25,13.0159949334923,43.9289829005366,0.534547823216289,1.53682499174683,0.01375,0.011,0.01375,0.01375,0,0,0,0
07/07/2008,5.45650654127916e-08,0.1,10.8335464362339,0,316.53769779509,0,0,0,0,0,400,25,0,0,0,0,0.01375,0.011,0.01375,0.01375,0,0,0,0
08/07/2008,0.015457471394461,0.1,10.7734352049594,25.476259888742,317.731662771168,0,6.41886353771635,25.6754541508654,1.92215184197388,0,400,25,17.1169694339103,57.7697718394472,0.809327091357422,2.32681538765259,0.01375,0.011,0.01375,0.01375,0,0,0,0
09/07/2008,0.00231205576155917,0.1,10.7154631902157,37.2220482555254,318.914828400906,0,7.806149400573,31.224597602292,2.34844325922187,0,400,25,20.816398401528,70.255344605157,0.988818214409208,2.84285236642647,0.01375,0.011,0.01375,0.01375,0,0,0,0
10/07/2008,2.31342006890971e-05,0.1,10.6596475529492,37.2220482555256,320.086844442171,0,7.80614940057296,31.2245976022918,2.34844325922187,0,400,25,20.8163984015279,70.2553446051567,0.988818214409208,2.84285236642647,0.01375,0.011,0.01375,0.01375,0,0,0,0
11/07/2008,3.82327033395672e-07,0.1,10.6060048157731,37.2220482555256,321.247363953343,0,7.80614940057297,31.2245976022919,2.34844325922185,0,400,25,20.8163984015279,70.2553446051567,0.988818214409201,2.84285236642645,0.01375,0.011,0.01375,0.01375,0,0,0,0
12/07/2008,1.40166179391574e-08,0.1,10.5545508580758,0,322.396043396021,0,0,0,0,0,400,25,0,0,0,0,0.01375,0.011,0.01375,0.01375,0,0,0,0
13/07/2008,0.00619225211956552,0.1,10.5053009113207,6,323.532542736714,0,3.51501028829035,14.0600411531614,0.711796716925733,0,400,25,9.37336076877427,31.6350925946132,0.299703880810835,0.861648657331151,0.01375,0.011,0.01375,0.01375,0,0,0,0
14/07/2008,5.24256711971919e-05,0.1,10.4582695545372,6.00000000000002,324.656525547499,0,3.51501028829039,14.0600411531615,0.711796716925729,0,400,25,9.37336076877436,31.6350925946135,0.299703880810833,0.861648657331146,0.01375,0.011,0.01375,0.01375,0,0,0,0
15/07/2008,7.47561745245147e-07,0.1,10.4134707100049,6.00000000000004,325.767659105614,0,3.51501028829036,14.0600411531615,0.711796716925732,0,400,25,9.3733607687743,31.6350925946133,0.299703880810834,0.861648657331149,0.01375,0.011,0.01375,0.01375,0,0,0,0
16/07/2008,0.000945255058924067,0.1,10.3709176391324,6,326.865614491947,0,3.42857361510425,13.714294460417,0.612905727388089,0,400,25,9.14286297361133,30.8571625359383,0.258065569426564,0.74193851210137,0.01375,0.011,0.01375,0.01375,0,0,0,0
17/07/2008,1.12969651619189e-05,0.1,10.3306229385318,5.99999999999996,327.950066688404,0,3.42857361510426,13.7142944604171,0.612905727388081,0,400,25,9.14286297361137,30.8571625359384,0.258065569426561,0.741938512101362,0.01375,0.011,0.01375,0.01375,0,0,0,0
18/07/2008,2.21054144045452e-07,0.1,10.2925985362894,5.99999999999997,329.020694674121,0,3.42857361510426,13.714294460417,0.612905727388079,0,400,25,9.14286297361136,30.8571625359383,0.25806556942656,0.741938512101359,0.01375,0.011,0.01375,0.01375,0,0,0,0
19/07/2008,0,0.1,10.2568556884352,0,330.077181520497,0,0,0,0,0,400,25,0,0,0,0,0.01375,0.011,0.01375,0.01375,0,0,0,0
20/07/2008,0.000875055268467585,0.1,10.2234049756106,6,331.119214485005,0,3.42857142857143,13.7142857142857,0.612903225806452,0,400,25,9.14285714285714,30.8571428571429,0.258064516129032,0.741935483870968,0.01375,0.011,0.01375,0.01375,0,0,0,0
21/07/2008,0.00928568528645925,0.1,10.1922562999366,30.2923715499722,332.146485103776,0,7.21027033701272,28.8410813480509,2.23284116697652,0,400,25,19.2273875653673,64.8924330331145,0.940143649253273,2.70291299160316,0.01375,0.011,0.01375,0.01375,0,0,0,0
22/07/2008,0.00267634586618605,0.1,10.1634188820821,38.905537880498,333.158689282906,0,8.0128641249896,32.0514564999584,2.41275646057581,0,400,25,21.3676376666389,72.1157771249064,1.01589745708455,2.92070518911809,0.01375,0.011,0.01375,0.01375,0,0,0,0
23/07/2008,0.0119263873320238,0.1,10.1369012585347,7.80425979777766,334.155527388481,0,3.79001688676833,15.1600675470733,0.843504940712187,0,400,25,10.1067116980489,34.110151980915,0.35515997503671,1.02108492823054,0.01375,0.011,0.01375,0.01375,0,0,0,0
24/07/2008,0.00472614472256996,0.1,10.1127112790737,10.5690527994696,335.136704335266,0,4.22459861383705,16.8983944553482,1.04618656095574,0,400,25,11.2655963035655,38.0213875245335,0.440499604612941,1.26643636326221,0.01375,0.011,0.01375,0.01375,0,0,0,0
25/07/2008,0.00214671713703567,0.1,10.0908561044464,19.4543213393332,336.101929674065,0,5.68071478586435,22.7228591434574,1.70749465800178,0,400,25,15.1485727623049,51.1264330727791,0.718945119158644,2.0669672175811,0.01375,0.011,0.01375,0.01375,0,0,0,0
26/07/2008,0.000279132991663214,0.1,10.0713422042482,34.6224425402928,337.050917677694,0,7.47507602326759,29.9003040930704,2.24391976851702,0,400,25,19.9335360620469,67.2756842094084,0.944808323586114,2.71632393031008,0.01375,0.011,0.01375,0.01375,0,0,0,0
27/07/2008,4.07589211507611e-06,0.1,10.0541753550077,34.6224425402928,337.983387425568,0,7.47507602326755,29.9003040930702,2.24391976851702,0,400,25,19.9335360620468,67.275684209408,0.944808323586112,2.71632393031007,0.01375,0.011,0.01375,0.01375,0,0,0,0
28/07/2008,0.013696639905544,0.1,10.0393606384765,31.1249321104039,338.899062886852,0,7.32595627857732,29.3038251143093,2.27228705822549,0,400,25,19.5358834095395,65.9336065071959,0.956752445568627,2.7506632810098,0.01375,0.011,0.01375,0.01375,0,0,0,0
29/07/2008,0.00808718790741715,0.1,10.0269024401251,30.6579765731976,339.797673002179,0,7.11788810387311,28.4715524154924,2.16841480260124,0,400,25,18.9810349436616,64.060992934858,0.913016758989995,2.62492318209624,0.01375,0.011,0.01375,0.01375,0,0,0,0
30/07/2008,0.000196005170260355,0.1,10.0168044478446,33.5904498046271,340.678951763886,0,7.38547434079849,29.5418973631939,2.22633328199393,0,400,25,19.6945982421293,66.4692690671864,0.93740348715534,2.6950350255716,0.01375,0.011,0.01375,0.01375,0,0,0,0
31/07/2008,2.82475652185512e-06,0.1,10.0090696508551,33.5904498046271,341.542638294759,0,7.38547434079845,29.5418973631938,2.22633328199393,0,400,25,19.6945982421292,66.4692690671861,0.937403487155337,2.69503502557159,0.01375,0.011,0.01375,0.01375,0,0,0,0
01/08/2008,7.14722837872653e-08,0.1,10.0037003388204,0,342.388476925256,0,0,0,0,0,400,25,0,0,0,0,0.01375,0.011,0.01375,0.01375,0,0,0,0
02/08/2008,0,0.1,10.000698101171,0,343.216217269194,0,0,0,0,0,400,25,0,0,0,0,0.01375,0.011,0.01375,0.01375,0,0,0,0
03/08/2008,0,0.1,10.0000638266329,0,344.025614297865,0,0,0,0,0,400,25,0,0,0,0,0.01375,0.011,0.01375,0.01375,0,0,0,0
04/08/2008,0,0.1,10.0017977029648,0,344.816428412574,0,0,0,0,0,400,25,0,0,0,0,0.01375,0.011,0.01375,0.01375,0,0,0,0
05/08/2008,0,0.1,10.0058992169025,0,345.588425515561,0,0,0,0,0,400,25,0,0,0,0,0.01375,0.011,0.01375,0.01375,0,0,0,0
06/08/2008,0.00365779425911922,0.1,10.0123671543109,20.4980027107934,346.341377079302,0,5.83857813878942,23.3543125551577,1.75818105166668,0,400,25,15.5695417034384,52.5472032491048,0.740286758596495,2.12832443096492,0.01375,0.011,0.01375,0.01375,0,0,0,0
07/08/2008,0.00065971036482448,0.1,10.0211996005432,36.8102792958999,347.075060214155,0,7.74877629908129,30.9951051963251,2.32926200017907,0,400,25,20.6634034642168,69.7389866917316,0.980741894812238,2.81963294758519,0.01375,0.011,0.01375,0.01375,0,0,0,0
08/08/2008,8.29642013072225e-06,0.1,10.032393941008,36.8102792959,347.789257734344,0,7.74877629908131,30.9951051963252,2.32926200017906,0,400,25,20.6634034642168,69.7389866917318,0.980741894812237,2.81963294758518,0.01375,0.011,0.01375,0.01375,0,0,0,0
09/08/2008,0.000179587502562872,0.1,10.0459468619428,36.5474229251227,348.483758222246,0,7.70766587032236,30.8306634812894,2.31469297472168,0,400,25,20.553775654193,69.3689928329012,0.974607568303865,2.80199675887361,0.01375,0.011,0.01375,0.01375,0,0,0,0
10/08/2008,2.90714218147229e-06,0.1,10.0618543513956,36.5474229251227,349.15835609098,0,7.70766587032236,30.8306634812894,2.31469297472169,0,400,25,20.553775654193,69.3689928329012,0.974607568303868,2.80199675887362,0.01375,0.011,0.01375,0.01375,0,0,0,0
11/08/2008,7.31657559024054e-08,0.1,10.0801117004118,0,349.812851645262,0,0,0,0,0,400,25,0,0,0,0,0.01375,0.011,0.01375,0.01375,0,0,0,0
12/08/2008,0,0.1,10.1007135044287,0,350.447051140518,0,0,0,0,0,400,25,0,0,0,0,0.01375,0.011,0.01375,0.01375,0,0,0,0
13/08/2008,0,0.1,10.1236536648752,0,351.06076684024,0,0,0,0,0,400,25,0,0,0,0,0.01375,0.011,0.01375,0.01375,0,0,0,0
14/08/2008,0,0.1,10.1489253909769,0,351.653817071558,0,0,0,0,0,400,25,0,0,0,0,0.01375,0.011,0.01375,0.01375,0,0,0,0
15/08/2008,0,0.1,10.1765212017667,0,352.226026279017,0,0,0,0,0,400,25,0,0,0,0,0.01375,0.011,0.01375,0.01375,0,0,0,0
16/08/2008,0,0.1,10.206432928299,0,352.777225076551,0,0,0,0,0,400,25,0,0,0,0,0.01375,0.011,0.01375,0.01375,0,0,0,0
17/08/2008,0,0.1,10.2386517160679,0,353.307250297619,0,0,0,0,0,400,25,0,0,0,0,0.01375,0.011,0.01375,0.01375,0,0,0,0
18/08/2008,0,0.1,10.2731680276286,0,353.815945043506,0,0,0,0,0,400,25,0,0,0,0,0.01375,0.011,0.01375,0.01375,0,0,0,0
19/08/2008,0,0.1,10.3099716454204,0,354.303158729775,0,0,0,0,0,400,25,0,0,0,0,0.01375,0.011,0.01375,0.01375,0,0,0,0
20/08/2008,0,0.1,10.3490516747915,0,354.768747130835,0,0,0,0,0,400,25,0,0,0,0,0.01375,0.011,0.01375,0.01375,0,0,0,0
21/08/2008,0,0.1,10.3903965472238,0,355.212572422639,0,0,0,0,0,400,25,0,0,0,0,0.01375,0.011,0.01375,0.01375,0,0,0,0
22/08/2008,0,0.1,10.4339940237578,0,355.634503223483,0,0,0,0,0,400,25,0,0,0,0,0.01375,0.011,0.01375,0.01375,0,0,0,0
23/08/2008,0.0390737099122119,0.1,10.4798311986152,34.0263687988591,356.034414632895,0,7.61496865105373,30.4598746042149,2.36270169390726,0,400,25,20.3065830694766,68.5347178594836,0.994821765855688,2.8601125768351,0.01375,0.011,0.01375,0.01375,0,0,0,0
24/08/2008,0.0107229286109934,0.1,10.5278945030197,35.5503745588291,356.412188268613,0,7.70479747409477,30.8191898963791,2.34582886544551,0,400,25,20.5461265975861,69.343177266853,0.987717417029688,2.83968757396035,0.01375,0.011,0.01375,0.01375,0,0,0,0
25/08/2008,8.15590293849347e-05,0.1,10.5781697092131,35.5503745588289,356.767712301624,0,7.70479747409475,30.819189896379,2.3458288654455,0,400,25,20.546126597586,69.3431772668527,0.987717417029684,2.83968757396034,0.01375,0.011,0.01375,0.01375,0,0,0,0
26/08/2008,1.07367685871675e-06,0.1,10.6306419346675,35.5503745588292,357.10088148927,0,7.70479747409476,30.819189896379,2.3458288654455,0,400,25,20.546126597586,69.3431772668529,0.987717417029686,2.83968757396035,0.01375,0.011,0.01375,0.01375,0,0,0,0
27/08/2008,3.2503369521151e-08,0.1,10.6852956464909,0,357.4115972064,0,0,0,0,0,400,25,0,0,0,0,0.01375,0.011,0.01375,0.01375,0,0,0,0
28/08/2008,0,0.1,10.7421146660246,0,357.69976747457,0,0,0,0,0,400,25,0,0,0,0,0.01375,0.011,0.01375,0.01375,0,0,0,0
29/08/2008,0,0.1,10.8010821736331,0,357.965306989265,0,0,0,0,0,400,25,0,0,0,0,0.01375,0.011,0.01375,0.01375,0,0,0,0
30/08/2008,0,0.1,10.862180713683,0,358.208137145153,0,0,0,0,0,400,25,0,0,0,0,0.01375,0.011,0.01375,0.01375,0,0,0,0
31/08/2008,0.0146482368935725,0.1,10.9253921997097,33.7666905788844,358.428186059355,0,7.68942550946241,30.7577020378496,2.39448779510502,0,400,25,20.5051346918998,69.2048295851617,1.00820538741264,2.89859048881133,0.01375,0.011,0.01375,0.01375,0,0,0,0
01/09/2008,0.00433443367835306,0.1,10.9906979197721,38.7070071507986,358.625388592724,0,8.00848343252468,32.0339337300987,2.4167001578364,0,400,25,21.3559558200658,72.0763508927221,1.01755796119427,2.92547913843354,0.01375,0.011,0.01375,0.01375,0,0,0,0
02/09/2008,3.89081476689097e-05,0.1,11.0580785419912,38.7070071507988,358.799686369124,0,8.00848343252475,32.033933730099,2.41670015783637,0,400,25,21.355955820066,72.0763508927227,1.01755796119426,2.9254791384335,0.01375,0.011,0.01375,0.01375,0,0,0,0
03/09/2008,5.85497375799066e-07,0.1,11.1275141202729,38.7070071507991,358.951027792715,0,8.00848343252472,32.0339337300989,2.41670015783638,0,400,25,21.3559558200659,72.0763508927225,1.01755796119427,2.92547913843351,0.01375,0.011,0.01375,0.01375,0,0,0,0
04/09/2008,0.0143332443750863,0.1,11.1989841002127,32.8826797294258,359.079368063225,0,7.56817349077056,30.2726939630822,2.35381064828169,0,400,25,20.1817959753882,68.113561416935,0.991078167697552,2.84934973213046,0.01375,0.011,0.01375,0.01375,0,0,0,0
05/09/2008,0.00906704109773216,0.1,11.2724673251798,32.6318538622091,359.184669189209,0,7.38884147629809,29.5553659051924,2.25936377484672,0,400,25,19.7035772701282,66.4995732866828,0.951311063093356,2.7350193063934,0.01375,0.011,0.01375,0.01375,0,0,0,0
06/09/2008,0.170740201060917,0.1,11.3479420425803,35.9198620265479,359.2668999993,0,7.55400022393032,30.2160008957213,2.37836935572985,0,400,25,20.1440005971475,67.9860020153729,1.00141867609678,2.87907869377824,0.01375,0.011,0.01375,0.01375,0,0,0,0
07/09/2008,0.119610161176638,0.1,11.4253859102962,35.2562302025199,359.326036151433,0,7.14746944348582,28.5898777739433,2.20104950130938,0,400,25,19.0599185159622,64.3272249913724,0.926757684761844,2.6644283436903,0.01375,0.011,0.01375,0.01375,0,0,0,0
08/09/2008,0.00990121854934269,0.1,11.5047760032994,30.9180146534814,359.362060140052,0,5.09510785025933,20.3804314010373,1.43919154468066,0,400,25,13.5869542673582,45.855970652334,0.605975387233961,1.74217923829764,0.01375,0.011,0.01375,0.01375,0,0,0,0
09/09/2008,9.3185626206878e-05,0.1,11.5860888204375,26.2065639722233,359.374961301293,0,4.29380151299152,17.1752060519661,1.19024926714549,0,400,25,11.4501373679774,38.6442136169237,0.501157586166523,1.44082806022875,0.01375,0.011,0.01375,0.01375,0,0,0,0
10/09/2008,1.29537459579996e-06,0.1,11.6693002913912,26.2065639722235,359.364735816136,0,4.29380151299156,17.1752060519663,1.1902492671455,0,400,25,11.4501373679775,38.6442136169241,0.501157586166527,1.44082806022876,0.01375,0.011,0.01375,0.01375,0,0,0,0
11/09/2008,3.78733674476829e-08,0.1,11.7543857837993,0,359.331386711544,0,0,0,0,0,400,25,0,0,0,0,0.01375,0.011,0.01375,0.01375,0,0,0,0
12/09/2008,0,0.1,11.8413201105505,0,359.274923859559,0,0,0,0,0,400,25,0,0,0,0,0.01375,0.011,0.01375,0.01375,0,0,0,0
13/09/2008,0,0.1,11.9300775372393,0,359.195363974383,0,0,0,0,0,400,25,0,0,0,0,0.01375,0.011,0.01375,0.01375,0,0,0,0
14/09/2008,0.000187542392555606,0.1,12.0206317897838,26.2854138754176,359.09273060743,0,6.66982629365034,26.6793051746014,2.05398429359168,0,400,25,17.7862034497342,60.0284366428531,0.864835492038601,2.48640203961098,0.01375,0.011,0.01375,0.01375,0,0,0,0
15/09/2008,0.00100836053363878,0.1,12.1129560622039,39.3569501559613,358.967054140356,0,8.06257421349457,32.2502968539783,2.42655317880055,0,400,25,21.5001979026522,72.5631679214511,1.02170660160023,2.93740647960067,0.01375,0.011,0.01375,0.01375,0,0,0,0
16/09/2008,0.00213426998708389,0.1,12.2070230245555,39.4856585607338,358.818371776061,0,8.07802854044435,32.3121141617774,2.43121741164594,0,400,25,21.5414094411849,72.7022568639991,1.02367048911408,2.94305265620297,0.01375,0.011,0.01375,0.01375,0,0,0,0
17/09/2008,2.19356403817484e-05,0.1,12.3028048310218,39.4856585607335,358.646727527679,0,8.07802854044432,32.3121141617773,2.43121741164593,0,400,25,21.5414094411849,72.7022568639989,1.02367048911408,2.94305265620297,0.01375,0.011,0.01375,0.01375,0,0,0,0
18/09/2008,3.66007543326149e-07,0.1,12.4002731281556,39.4856585607333,358.452172205552,0,8.0780285404443,32.3121141617772,2.43121741164593,0,400,25,21.5414094411848,72.7022568639987,1.02367048911408,2.94305265620297,0.01375,0.011,0.01375,0.01375,0,0,0,0
19/09/2008,1.35273044779483e-08,0.1,12.4993990632724,0,358.234763402183,0,0,0,0,0,400,25,0,0,0,0,0.01375,0.011,0.01375,0.01375,0,0,0,0
20/09/2008,0,0.1,12.600153292992,0,357.994565475191,0,0,0,0,0,400,25,0,0,0,0,0.01375,0.011,0.01375,0.01375,0,0,0,0
21/09/2008,0,0.1,12.7025059919243,0,357.73164952826,0,0,0,0,0,400,25,0,0,0,0,0.01375,0.011,0.01375,0.01375,0,0,0,0
22/09/2008,0,0.1,12.8064268614986,0,357.446093390089,0,0,0,0,0,400,25,0,0,0,0,0.01375,0.011,0.01375,0.01375,0,0,0,0
23/09/2008,0,0.1,12.9118851389321,0,357.137981591355,0,0,0,0,0,400,25,0,0,0,0,0.01375,0.011,0.01375,0.01375,0,0,0,0
24/09/2008,0.000475029910093829,0.1,13.0188496063369,38.6658617525739,356.807405339689,0,7.97468845620679,31.8987538248272,2.39870305622162,0,400,25,21.2658358832181,71.7721961058611,1.00998023419858,2.90369317332091,0.01375,0.011,0.01375,0.01375,0,0,0,0
25/09/2008,6.43918734137615e-06,0.1,13.1272885999607,38.6658617525741,356.454462492675,0,7.97468845620686,31.8987538248274,2.39870305622162,0,400,25,21.2658358832183,71.7721961058617,1.00998023419858,2.90369317332091,0.01375,0.011,0.01375,0.01375,0,0,0,0
26/09/2008,1.39841028297923e-07,0.1,13.2371700195604,38.6658617525738,356.079257528887,0,7.97468845620688,31.8987538248275,2.39870305622163,0,400,25,21.2658358832183,71.7721961058619,1.00998023419858,2.90369317332093,0.01375,0.011,0.01375,0.01375,0,0,0,0
27/09/2008,0,0.1,13.3484613379039,0,355.681901516956,0,0,0,0,0,400,25,0,0,0,0,0.01375,0.011,0.01375,0.01375,0,0,0,0
28/09/2008,0,0.1,13.4611296103994,0,355.262512082693,0,0,0,0,0,400,25,0,0,0,0,0.01375,0.011,0.01375,0.01375,0,0,0,0
29/09/2008,0,0.1,13.5751414848473,0,354.82121337427,0,0,0,0,0,400,25,0,0,0,0,0.01375,0.011,0.01375,0.01375,0,0,0,0
30/09/2008,0,0.1,13.6904632113135,0,354.35813602547,0,0,0,0,0,400,25,0,0,0,0,0.01375,0.011,0.01375,0.01375,0,0,0,0
01/10/2008,0,0.1,13.8070606521197,0,353.873417117015,0,0,0,0,0,400,25,0,0,0,0,0.01375,0.011,0.01375,0.01375,0,0,0,0
02/10/2008,0,0.1,13.9248992919492,0,353.367200135988,0,0,0,0,0,400,25,0,0,0,0,0.01375,0.011,0.01375,0.01375,0,0,0,0
03/10/2008,0,0.1,14.0439442480639,0,352.839634933357,0,0,0,0,0,400,25,0,0,0,0,0.01375,0.011,0.01375,0.01375,0,0,0,0
04/10/2008,0.00468057463878611,0.1,14.1641602806307,19.6686500397131,352.290877679617,0,5.64957090470764,22.5982836188306,1.65598660836516,0,400,25,15.0655224125537,50.8461381423688,0.697257519311645,2.00461536802098,0.01375,0.011,0.01375,0.01375,0,0,0,0
05/10/2008,0.0284571623243581,0.1,14.2855118031529,31.7049231884893,351.721090818561,0,7.26366856602318,29.0546742640927,2.23021918218913,0,400,25,19.3697828427285,65.3730170942086,0.939039655658581,2.69973901001842,0.01375,0.011,0.01375,0.01375,0,0,0,0
06/10/2008,0.0119738215815569,0.1,14.4079628930047,35.5731335687508,351.13044301919,0,7.8079739222759,31.2318956891036,2.40387638242367,0,400,25,20.8212637927357,70.2717653004831,1.01215847680996,2.90995562082865,0.01375,0.011,0.01375,0.01375,0,0,0,0
07/10/2008,0.00200113837414196,0.1,14.5314773020651,39.361301991096,350.519109125787,0,8.07234735800525,32.289389432021,2.43201109629329,0,400,25,21.5262596213473,72.6511262220473,1.02400467212349,2.94401343235503,0.01375,0.011,0.01375,0.01375,0,0,0,0
08/10/2008,3.46151950768586e-05,0.1,14.6560184674478,38.7754017975013,349.887270106158,0,7.99443348376601,31.977733935064,2.40644875330515,0,400,25,21.3184892900427,71.9499013538941,1.01324158033901,2.91306954347466,0.01375,0.011,0.01375,0.01375,0,0,0,0
09/10/2008,6.24994593128493e-07,0.1,14.7815495223251,38.7754017975014,349.235112998059,0,7.99443348376603,31.9777339350641,2.40644875330516,0,400,25,21.3184892900427,71.9499013538942,1.01324158033901,2.91306954347466,0.01375,0.011,0.01375,0.01375,0,0,0,0
10/10/2008,2.0917319315405e-08,0.1,14.908033306841,0,348.562830853834,0,0,0,0,0,400,25,0,0,0,0,0.01375,0.011,0.01375,0.01375,0,0,0,0
11/10/2008,0,0.1,15.0354323791111,0,347.870622683264,0,0,0,0,0,400,25,0,0,0,0,0.01375,0.011,0.01375,0.01375,0,0,0,0
12/10/2008,0.0114577129096067,0.1,15.1637090263067,35.4977441709269,347.158693394657,0,7.92414466326125,31.696578653045,2.47258833490507,0,400,25,21.1310524353633,71.3173019693512,1.04108982522319,2.99313324751667,0.01375,0.011,0.01375,0.01375,0,0,0,0
13/10/2008,0.00481809221562997,0.1,15.292825275818,39.7090707489017,346.427253734189,0,8.11248484970303,32.4499393988121,2.4436786645495,0,400,25,21.6332929325414,73.0123636473273,1.0289173324419,2.95813733077045,0.01375,0.011,0.01375,0.01375,0,0,0,0
14/10/2008,0.0159082885407475,0.1,15.4227429064953,34.0742773757796,345.676520223521,0,7.73122768707665,30.9249107483066,2.40841991828882,0,400,25,20.6166071655377,69.5810491836898,1.01407154454266,2.91545569056015,0.01375,0.011,0.01375,0.01375,0,0,0,0
15/10/2008,0.046656542199507,0.1,15.553423459963,37.2083883246964,344.906715095704,0,8.1314300278993,32.5257201115972,2.53565780909248,0,400,25,21.6838134077315,73.1828702510937,1.0676453933021,3.06948050574353,0.01375,0.011,0.01375,0.01375,0,0,0,0
16/10/2008,0.00711737220439141,0.1,15.6848282520041,39.7380625104925,344.11806622939,0,8.12289759690525,32.491590387621,2.4486944844104,0,400,25,21.661060258414,73.1060783721473,1.03102925659385,2.96420911270733,0.01375,0.011,0.01375,0.01375,0,0,0,0
17/10/2008,5.8097319261176e-05,0.1,15.8169183840117,39.7380625104928,343.310807081381,0,8.12289759690517,32.4915903876207,2.44869448441041,0,400,25,21.6610602584138,73.1060783721465,1.03102925659386,2.96420911270734,0.01375,0.011,0.01375,0.01375,0,0,0,0
18/10/2008,8.13201686173382e-07,0.1,15.9496547545038,39.7380625104926,342.485176617513,0,8.12289759690517,32.4915903876207,2.44869448441043,0,400,25,21.6610602584138,73.1060783721465,1.03102925659386,2.96420911270736,0.01375,0.011,0.01375,0.01375,0,0,0,0
19/10/2008,2.59196726725733e-08,0.1,16.0829980706979,0,341.641419241926,0,0,0,0,0,400,25,0,0,0,0,0.01375,0.011,0.01375,0.01375,0,0,0,0
20/10/2008,0,0.1,16.2169088601428,0,340.779784724706,0,0,0,0,0,400,25,0,0,0,0,0.01375,0.011,0.01375,0.01375,0,0,0,0
21/10/2008,0,0.1,16.3513474824032,0,339.900528127956,0,0,0,0,0,400,25,0,0,0,0,0.01375,0.011,0.01375,0.01375,0,0,0,0
22/10/2008,0.0343578736340375,0.1,16.486274140794,37.0791884901635,339.003909730285,0,8.14296757776842,32.5718703110737,2.54645003655179,0,400,25,21.7145802073825,73.2867081999158,1.07218948907444,3.08254478108901,0.01375,0.011,0.01375,0.01375,0,0,0,0
23/10/2008,0.0104485463836804,0.1,16.6216488941613,38.4431591549362,338.090194949768,0,8.0157481763345,32.062992705338,2.42941719546407,0,400,25,21.3753284702253,72.1417335870105,1.02291250335329,2.94087344714071,0.01375,0.011,0.01375,0.01375,0,0,0,0
24/10/2008,7.98896760834054e-05,0.1,16.7574316687051,38.4431591549357,337.159654265367,0,8.01574817633452,32.0629927053381,2.42941719546409,0,400,25,21.3753284702254,72.1417335870106,1.0229125033533,2.94087344714073,0.01375,0.011,0.01375,0.01375,0,0,0,0
25/10/2008,1.05564370211714e-06,0.1,16.893582269843,38.4431591549359,336.212563136873,0,8.0157481763345,32.062992705338,2.42941719546409,0,400,25,21.3753284702253,72.1417335870105,1.0229125033533,2.94087344714074,0.01375,0.011,0.01375,0.01375,0,0,0,0
26/10/2008,3.20579828629138e-08,0.1,17.0300603941077,0,335.249201923357,0,0,0,0,0,400,25,0,0,0,0,0.01375,0.011,0.01375,0.01375,0,0,0,0
27/10/2008,5.01945450224771e-24,0.1,17.1668256410784,0,334.269855800181,0,0,0,0,0,400,25,0,0,0,0,0.01375,0.011,0.01375,0.01375,0,0,0,0
28/10/2008,0,0.1,17.3038375253397,0,333.27481467458,0,0,0,0,0,400,25,0,0,0,0,0.01375,0.011,0.01375,0.01375,0,0,0,0
29/10/2008,0.0161058758343222,0.1,17.4410554884664,30.9061901227639,332.264373099842,0,7.21413054719773,28.8565221887909,2.21840560780136,0,400,25,19.237681459194,64.9271749247796,0.934065519074258,2.68543836733849,0.01375,0.011,0.01375,0.01375,0,0,0,0
30/10/2008,0.00270413801420795,0.1,17.5784389110296,39.2920004022564,331.238830188116,0,8.06284217787637,32.2513687115055,2.42894078027298,0,400,25,21.500912474337,72.5655796008873,1.02271190748336,2.94029673401466,0.01375,0.011,0.01375,0.01375,0,0,0,0
31/10/2008,2.63331777156806e-05,0.1,17.7159471246209,39.2920004022564,330.198489521866,0,8.06284217787634,32.2513687115054,2.42894078027297,0,400,25,21.5009124743369,72.565579600887,1.02271190748336,2.94029673401465,0.01375,0.011,0.01375,0.01375,0,0,0,0
01/11/2008,4.25161398772416e-07,0.1,17.853539423891,39.2920004022563,329.143659064006,0,8.06284217787633,32.2513687115053,2.42894078027297,0,400,25,21.5009124743369,72.565579600887,1.02271190748336,2.94029673401465,0.01375,0.011,0.01375,0.01375,0,0,0,0
02/11/2008,1.52830551433823e-08,0.1,17.9911750785997,0,328.074651066735,0,0,0,0,0,400,25,0,0,0,0,0.01375,0.011,0.01375,0.01375,0,0,0,0
03/11/2008,0,0.1,18.1288133456723,0,326.991781979106,0,0,0,0,0,400,25,0,0,0,0,0.01375,0.011,0.01375,0.01375,0,0,0,0
04/11/2008,0,0.1,18.2664134812612,0,325.895372353347,0,0,0,0,0,400,25,0,0,0,0,0.01375,0.011,0.01375,0.01375,0,0,0,0
05/11/2008,0,0.1,18.4039347528061,0,324.785746749974,0,0,0,0,0,400,25,0,0,0,0,0.01375,0.011,0.01375,0.01375,0,0,0,0
06/11/2008,0,0.1,18.5413364510926,0,323.663233641712,0,0,0,0,0,400,25,0,0,0,0,0.01375,0.011,0.01375,0.01375,0,0,0,0
07/11/2008,0,0.1,18.678577902302,0,322.528165316262,0,0,0,0,0,400,25,0,0,0,0,0.01375,0.011,0.01375,0.01375,0,0,0,0
08/11/2008,0,0.1,18.8156184800527,0,321.380877777935,0,0,0,0,0,400,25,0,0,0,0,0.01375,0.011,0.01375,0.01375,0,0,0,0
09/11/2008,0,0.1,18.9524176174254,0,320.221710648189,0,0,0,0,0,400,25,0,0,0,0,0.01375,0.011,0.01375,0.01375,0,0,0,0
10/11/2008,0,0.1,19.0889348189725,0,319.05100706509,0,0,0,0,0,400,25,0,0,0,0,0.01375,0.011,0.01375,0.01375,0,0,0,0
11/11/2008,0,0.1,19.2251296727055,0,317.869113581744,0,0,0,0,0,400,25,0,0,0,0,0.01375,0.011,0.01375,0.01375,0,0,0,0
12/11/2008,0,0.1,19.3609618620575,0,316.676380063702,0,0,0,0,0,400,25,0,0,0,0,0.01375,0.011,0.01375,0.01375,0,0,0,0
13/11/2008,0,0.1,19.496391177818,0,315.473159585395,0,0,0,0,0,400,25,0,0,0,0,0.01375,0.011,0.01375,0.01375,0,0,0,0
14/11/2008,0,0.1,19.6313775300357,0,314.259808325618,0,0,0,0,0,400,25,0,0,0,0,0.01375,0.011,0.01375,0.01375,0,0,0,0
15/11/2008,0.00438365059632206,0.1,19.7658809598859,35.6629505055132,313.036685462092,0,7.93611536390032,31.7444614556013,2.47407550548932,0,400,25,21.1629743037342,71.4250382751029,1.04171600231129,2.99493350664497,0.01375,0.011,0.01375,0.01375,0,0,0,0
16/11/2008,0.00411717650036598,0.1,19.899861651499,39.7739529835956,311.80415306514,0,8.11764912403385,32.4705964961354,2.44452756465386,0,400,25,21.6470643307569,73.0588421163046,1.02927476406478,2.95916494668626,0.01375,0.011,0.01375,0.01375,0,0,0,0
17/11/2008,3.74668886555745e-05,0.1,20.0332799437473,39.7739529835953,310.562575990505,0,8.11764912403388,32.4705964961355,2.44452756465385,0,400,25,21.647064330757,73.0588421163049,1.02927476406478,2.95916494668624,0.01375,0.011,0.01375,0.01375,0,0,0,0
18/11/2008,5.67661845286102e-07,0.1,20.166096341985,39.7739529835956,309.31232177135,0,8.11764912403389,32.4705964961355,2.44452756465386,0,400,25,21.647064330757,73.058842116305,1.02927476406478,2.95916494668625,0.01375,0.011,0.01375,0.01375,0,0,0,0
19/11/2008,1.93405096849108e-08,0.1,20.2982715297398,0,308.053760509454,0,0,0,0,0,400,25,0,0,0,0,0.01375,0.011,0.01375,0.01375,0,0,0,0
20/11/2008,0.025309295600393,0.1,20.4297663803513,37.5014067211597,306.787264765657,0,8.17550804318208,32.7020321727283,2.55136452211156,0,400,25,21.8013547818189,73.5795723886388,1.07425874615224,3.08849389518768,0.01375,0.011,0.01375,0.01375,0,0,0,0
21/11/2008,0.00650948576532619,0.1,20.5605419685534,39.8257556348695,305.513209449576,0,8.1297567942542,32.5190271770168,2.44977278978792,0,400,25,21.6793514513445,73.1678111482878,1.0314832799107,2.96551442974327,0.01375,0.011,0.01375,0.01375,0,0,0,0
22/11/2008,5.42131106237211e-05,0.1,20.6905595819968,39.8257556348691,304.231971708621,0,8.12975679425422,32.5190271770169,2.44977278978793,0,400,25,21.6793514513446,73.1678111482879,1.03148327991071,2.96551442974328,0.01375,0.011,0.01375,0.01375,0,0,0,0
23/11/2008,7.68381438523557e-07,0.1,20.8197807327088,39.8257556348691,302.94393081635,0,8.12975679425418,32.5190271770167,2.44977278978794,0,400,25,21.6793514513445,73.1678111482877,1.03148327991071,2.96551442974329,0.01375,0.011,0.01375,0.01375,0,0,0,0
24/11/2008,2.47499084863291e-08,0.1,20.9481671684868,0,301.649468060202,0,0,0,0,0,400,25,0,0,0,0,0.01375,0.011,0.01375,0.01375,0,0,0,0
25/11/2008,0,0.1,21.0756808842214,0,300.348966628621,0,0,0,0,0,400,25,0,0,0,0,0.01375,0.011,0.01375,0.01375,0,0,0,0
26/11/2008,0,0.1,21.2022841331467,0,299.042811497628,0,0,0,0,0,400,25,0,0,0,0,0.01375,0.011,0.01375,0.01375,0,0,0,0
27/11/2008,0,0.1,21.3279394380145,0,297.73138931686,0,0,0,0,0,400,25,0,0,0,0,0.01375,0.011,0.01375,0.01375,0,0,0,0
28/11/2008,0.00365421805101562,0.1,21.4526096021881,32.1069468867675,296.41508829511,0,7.45886241902988,29.8354496761195,2.31645085166315,0,400,25,19.8902997840797,67.1297617712689,0.975347727016065,2.80412471517119,0.01375,0.011,0.01375,0.01375,0,0,0,0
29/11/2008,0.023640752838471,0.1,21.5762577206533,37.5903733652151,295.094298085414,0,8.17741449363826,32.709657974553,2.54956832031051,0,400,25,21.806438649702,73.5967304427444,1.07350245065706,3.08631954563903,0.01375,0.011,0.01375,0.01375,0,0,0,0
30/11/2008,0.00734212290332207,0.1,21.6988471909432,39.8514494498885,293.769409669701,0,8.13136514674662,32.5254605869865,2.44985912836077,0,400,25,21.6836403913243,73.1822863207196,1.03151963299401,2.96561894485777,0.01375,0.011,0.01375,0.01375,0,0,0,0
01/12/2008,0.00202262168632364,0.1,21.8203417239731,39.7536559228343,292.440815243058,0,8.11202032260101,32.448081290404,2.4419662434655,0,400,25,21.6320541936027,73.0081829034091,1.02819631303811,2.95606439998456,0.01375,0.011,0.01375,0.01375,0,0,0,0
02/12/2008,2.08498551520115e-05,0.1,21.9407053547832,39.7536559228348,291.108908097629,0,8.11202032260111,32.4480812904044,2.4419662434655,0,400,25,21.632054193603,73.0081829034099,1.02819631303811,2.95606439998455,0.01375,0.011,0.01375,0.01375,0,0,0,0
03/12/2008,3.51083801374076e-07,0.1,22.0599024531845,39.7536559228345,289.774082506192,0,8.11202032260112,32.4480812904045,2.4419662434655,0,400,25,21.632054193603,73.0081829034101,1.0281963130381,2.95606439998455,0.01375,0.011,0.01375,0.01375,0,0,0,0
04/12/2008,1.30762884901797e-08,0.1,22.1778977343065,0,288.436733605447,0,0,0,0,0,400,25,0,0,0,0,0.01375,0.011,0.01375,0.01375,0,0,0,0
05/12/2008,0,0.1,22.294656269042,0,287.097257279049,0,0,0,0,0,400,25,0,0,0,0,0.01375,0.011,0.01375,0.01375,0,0,0,0
06/12/2008,0,0.1,22.4101434943871,0,285.756050040415,0,0,0,0,0,400,25,0,0,0,0,0.01375,0.011,0.01375,0.01375,0,0,0,0
07/12/2008,0.000556103687564492,0.1,22.5243252236724,39.4916396639144,284.413508915348,0,8.07877810889677,32.3151124355871,2.43145212329376,0,400,25,21.5434082903914,72.7090029800709,1.02376931507106,2.94333678082929,0.01375,0.011,0.01375,0.01375,0,0,0,0
08/12/2008,7.32396664741766e-06,0.1,22.637167656683,39.4916396639146,283.070031324511,0,8.07877810889681,32.3151124355872,2.43145212329377,0,400,25,21.5434082903915,72.7090029800713,1.02376931507106,2.9433367808293,0.01375,0.011,0.01375,0.01375,0,0,0,0
09/12/2008,1.55303797568201e-07,0.1,22.7486373896641,39.4916396639148,281.726014965779,0,8.07877810889678,32.3151124355871,2.43145212329376,0,400,25,21.5434082903914,72.709002980071,1.02376931507106,2.94333678082929,0.01375,0.011,0.01375,0.01375,0,0,0,0
10/12/2008,0,0.1,22.8587014252095,0,280.381857696517,0,0,0,0,0,400,25,0,0,0,0,0.01375,0.011,0.01375,0.01375,0,0,0,0
11/12/2008,0.0123065031746249,0.1,22.9673271820289,33.8677741103806,279.037957415799,0,7.70413568897415,30.8165427558966,2.39962271046534,0,400,25,20.5443618372644,69.3372212007673,1.01036745703804,2.90480643898435,0.01375,0.011,0.01375,0.01375,0,0,0,0
12/12/2008,0.0226563292469759,0.1,23.0744825045931,36.8934054695481,277.694711946626,0,8.06970634722338,32.2788253888935,2.51056971526945,0,400,25,21.519216925929,72.6273571250104,1.05708198537661,3.03911070795776,0.01375,0.011,0.01375,0.01375,0,0,0,0
13/12/2008,0.297940751014436,0.1,23.180135672653,38.1257268400159,276.352518918163,0,7.96393507494093,31.8557402997637,2.52596354739871,0,400,25,21.2371601998425,71.6754156744684,1.06356359890472,3.05774534685106,0.01375,0.011,0.01375,0.01375,0,0,0,0
14/12/2008,0.105334222562983,0.1,23.2842554106286,35.479769650991,275.011775648026,0,6.95957423571555,27.8382969428622,2.10087371028128,0,400,25,18.5588646285748,62.63616812144,0.884578404328959,2.54316291244576,0.01375,0.011,0.01375,0.01375,0,0,0,0
15/12/2008,0.00244366275956505,0.1,23.3868108968681,12.3663149693959,273.672879024676,0,2.17499576763234,8.69998307052936,0.549803683313564,0,400,25,5.79998871368624,19.5749619086911,0.231496287710974,0.665551827169051,0.01375,0.011,0.01375,0.01375,0,0,0,0
16/12/2008,2.30240977239649e-05,0.1,23.4877717727713,12.3663149693958,272.336225389925,0,2.17499576763235,8.69998307052941,0.549803683313563,0,400,25,5.79998871368628,19.5749619086912,0.231496287710974,0.66555182716905,0.01375,0.011,0.01375,0.01375,0,0,0,0
17/12/2008,0.00042603526034322,0.1,23.5871081517765,6.00581745905984,271.002210421614,0,0.858347094663388,3.43338837865355,0.122971036234591,0,400,25,2.28892558576904,7.72512385197049,0.0517772784145646,0.148859675441873,0.01375,0.011,0.01375,0.01375,0,0,0,0
18/12/2008,5.88964135567056e-06,0.1,23.6847906282074,6.00581745905984,269.671229016481,0,0.858347094663391,3.43338837865356,0.12297103623459,0,400,25,2.28892558576904,7.72512385197052,0.0517772784145644,0.148859675441873,0.01375,0.011,0.01375,0.01375,0,0,0,0
19/12/2008,1.30039712193923e-07,0.1,23.7807902859783,6.00581745905981,268.343675173266,0,0.858347094663393,3.43338837865357,0.12297103623459,0,400,25,2.28892558576905,7.72512385197054,0.0517772784145643,0.148859675441872,0.01375,0.011,0.01375,0.01375,0,0,0,0
20/12/2008,2.00778180089908e-23,0.1,23.8750787071532,0,267.019941876079,0,0,0,0,0,400,25,0,0,0,0,0.01375,0.011,0.01375,0.01375,0,0,0,0
21/12/2008,0,0.1,23.9676279803587,0,265.700420978066,0,0,0,0,0,400,25,0,0,0,0,0.01375,0.011,0.01375,0.01375,0,0,0,0
22/12/2008,0,0.1,24.0584107090458,0,264.385503085413,0,0,0,0,0,400,25,0,0,0,0,0.01375,0.011,0.01375,0.01375,0,0,0,0
23/12/2008,0,0.1,24.1474000196006,0,263.07557744172,0,0,0,0,0,400,25,0,0,0,0,0.01375,0.011,0.01375,0.01375,0,0,0,0
24/12/2008,0,0.1,24.2345695692986,0,261.771031812774,0,0,0,0,0,400,25,0,0,0,0,0.01375,0.011,0.01375,0.01375,0,0,0,0
25/12/2008,0,0.1,24.3198935541034,0,260.472252371766,0,0,0,0,0,400,25,0,0,0,0,0.01375,0.011,0.01375,0.01375,0,0,0,0
26/12/2008,0,0.1,24.4033467163048,0,259.17962358497,0,0,0,0,0,400,25,0,0,0,0,0.01375,0.011,0.01375,0.01375,0,0,0,0
27/12/2008,0,0.1,24.484904351996,0,257.893528097937,0,0,0,0,0,400,25,0,0,0,0,0.01375,0.011,0.01375,0.01375,0,0,0,0
28/12/2008,0,0.1,24.5645423183859,0,256.614346622224,0,0,0,0,0,400,25,0,0,0,0,0.01375,0.011,0.01375,0.01375,0,0,0,0
29/12/2008,0.00312132465414071,0.1,24.6422370409468,39.8486933028968,255.342457822691,0,8.12378487011305,32.4951394804522,2.44561231504847,0,400,25,21.6634263203015,73.1140638310174,1.02973150107304,2.96047806558499,0.01375,0.011,0.01375,0.01375,0,0,0,0
30/12/2008,2.99675054750477e-05,0.1,24.7179655203918,39.8486933028968,254.078238205414,0,8.12378487011309,32.4951394804524,2.44561231504847,0,400,25,21.6634263203016,73.1140638310178,1.02973150107304,2.960478065585,0.01375,0.011,0.01375,0.01375,0,0,0,0
31/12/2008,4.7269805728884e-07,0.1,24.7917053394842,39.8486933028966,252.822062006227,0,8.12378487011309,32.4951394804524,2.44561231504849,0,400,25,21.6634263203016,73.1140638310178,1.02973150107305,2.96047806558502,0.01375,0.011,0.01375,0.01375,0,0,0,0
01/01/2009,1.66611431534812e-08,0.1,24.8051371179797,0,252.59041410873,0,0,0,0,0,400,25,0,0,0,0,0.01375,0.011,0.01375,0.01375,0,0,0,0
02/01/2009,0,0.1,24.8764918925008,0,251.344251726306,0,0,0,0,0,400,25,0,0,0,0,0.01375,0.011,0.01375,0.01375,0,0,0,0
03/01/2009,0,0.1,24.9458110794992,0,250.106942079986,0,0,0,0,0,400,25,0,0,0,0,0.01375,0.011,0.01375,0.01375,0,0,0,0
04/01/2009,0,0.1,25.0130741590243,0,248.878851439682,0,0,0,0,0,400,25,0,0,0,0,0.01375,0.011,0.01375,0.01375,0,0,0,0
05/01/2009,0,0.1,25.0782612197774,0,247.660343346284,0,0,0,0,0,400,25,0,0,0,0,0.01375,0.011,0.01375,0.01375,0,0,0,0
06/01/2009,0,0.1,25.1413529650052,0,246.451778504046,0,0,0,0,0,400,25,0,0,0,0,0.01375,0.011,0.01375,0.01375,0,0,0,0
07/01/2009,0,0.1,25.2023307182122,0,245.253514673805,0,0,0,0,0,400,25,0,0,0,0,0.01375,0.011,0.01375,0.01375,0,0,0,0
08/01/2009,0,0.1,25.2611764286895,0,244.065906567085,0,0,0,0,0,400,25,0,0,0,0,0.01375,0.011,0.01375,0.01375,0,0,0,0
09/01/2009,0,0.1,25.317872676858,0,242.889305741087,0,0,0,0,0,400,25,0,0,0,0,0.01375,0.011,0.01375,0.01375,0,0,0,0
10/01/2009,0,0.1,25.3724026794253,0,241.724060494622,0,0,0,0,0,400,25,0,0,0,0,0.01375,0.011,0.01375,0.01375,0,0,0,0
11/01/2009,0,0.1,25.4247502943533,0,240.570515765012,0,0,0,0,0,400,25,0,0,0,0,0.01375,0.011,0.01375,0.01375,0,0,0,0
12/01/2009,0.000236516565488406,0.1,25.4749000256372,38.6066172282832,239.429013025974,0,8.03990571809129,32.1596228723651,2.43793249059509,0,400,25,21.4397485815768,72.3591514628216,1.02649789077688,2.95118143598353,0.01375,0.011,0.01375,0.01375,0,0,0,0
13/01/2009,0.00370752880780171,0.1,25.5228370278924,39.8882833322762,238.299890186543,0,8.12884764794417,32.5153905917767,2.4472238316603,0,400,25,21.6769270611845,73.1596288314975,1.03041003438329,2.96242884885195,0.01375,0.011,0.01375,0.01375,0,0,0,0
14/01/2009,3.44791584638659e-05,0.1,25.5685471107489,39.8882833322763,237.18348149104,0,8.12884764794419,32.5153905917767,2.44722383166029,0,400,25,21.6769270611845,73.1596288314977,1.03041003438328,2.96242884885193,0.01375,0.011,0.01375,0.01375,0,0,0,0
15/01/2009,5.30284331118802e-07,0.1,25.6120167430522,39.8882833322763,236.08011742013,0,8.12884764794424,32.515390591777,2.44722383166029,0,400,25,21.6769270611847,73.1596288314982,1.03041003438328,2.96242884885194,0.01375,0.011,0.01375,0.01375,0,0,0,0
16/01/2009,1.82966752785316e-08,0.1,25.6532330568687,0,234.990124592991,0,0,0,0,0,400,25,0,0,0,0,0.01375,0.011,0.01375,0.01375,0,0,0,0
17/01/2009,0.000501188236413943,0.1,25.6921838512949,39.649212415137,233.91382567063,0,8.09864022039542,32.3945608815817,2.43770121342763,0,400,25,21.5963739210544,72.8877619835588,1.0264005109169,2.95090146888608,0.01375,0.011,0.01375,0.01375,0,0,0,0
18/01/2009,6.72748194661656e-06,0.1,25.7288575960691,39.6492124151367,232.851539260369,0,8.09864022039537,32.3945608815815,2.43770121342761,0,400,25,21.5963739210543,72.8877619835583,1.02640051091689,2.95090146888605,0.01375,0.011,0.01375,0.01375,0,0,0,0
19/01/2009,1.44920264807846e-07,0.1,25.7632434349846,39.6492124151369,231.803579821526,0,8.09864022039537,32.3945608815815,2.4377012134276,0,400,25,21.5963739210543,72.8877619835583,1.02640051091688,2.95090146888604,0.01375,0.011,0.01375,0.01375,0,0,0,0
20/01/2009,0,0.1,25.7953311891033,0,230.770257572335,0,0,0,0,0,400,25,0,0,0,0,0.01375,0.011,0.01375,0.01375,0,0,0,0
21/01/2009,0,0.1,25.8251113597692,0,229.751878398107,0,0,0,0,0,400,25,0,0,0,0,0.01375,0.011,0.01375,0.01375,0,0,0,0
22/01/2009,0.0148588860879902,0.1,25.8525751314198,37.2434540466353,228.74874376069,0,8.16206465618721,32.6482586247488,2.55204432793379,0,400,25,21.7655057498326,73.4585819056849,1.07454498018265,3.08931681802511,0.01375,0.011,0.01375,0.01375,0,0,0,0
23/01/2009,0.00742307509412673,0.1,25.8777143741959,39.9019725388028,227.761150609223,0,8.13581574906342,32.5432629962537,2.45076570032408,0,400,25,21.6955086641691,73.2223417415708,1.03190134750488,2.96671637407652,0.01375,0.011,0.01375,0.01375,0,0,0,0
24/01/2009,6.0538037563248e-05,0.1,25.9005216463481,39.9019725388025,226.789391292236,0,8.13581574906346,32.5432629962539,2.4507657003241,0,400,25,21.6955086641692,73.2223417415712,1.03190134750488,2.96671637407654,0.01375,0.011,0.01375,0.01375,0,0,0,0
25/01/2009,8.41085820225751e-07,0.1,25.9209901964399,39.9019725388025,225.833753471109,0,8.13581574906344,32.5432629962538,2.45076570032412,0,400,25,21.6955086641692,73.222341741571,1.03190134750489,2.96671637407656,0.01375,0.011,0.01375,0.01375,0,0,0,0
26/01/2009,2.66413677316323e-08,0.1,25.9391139653462,0,224.894520034914,0,0,0,0,0,400,25,0,0,0,0,0.01375,0.011,0.01375,0.01375,0,0,0,0
27/01/2009,0.00069517607055952,0.1,25.9548875880467,34.230129985459,223.971969016682,0,7.70842766385005,30.8337106554002,2.39032024726878,0,400,25,20.5558071036001,69.3758489746505,1.00645063042896,2.89354556248326,0.01375,0.011,0.01375,0.01375,0,0,0,0
28/01/2009,0.00189363000810233,0.1,25.9683063952143,39.8200715990736,223.066373511089,0,8.12154958770023,32.4861983508009,2.44526234919899,0,400,25,21.6574655672006,73.093946289302,1.02958414703115,2.96005442271457,0.01375,0.011,0.01375,0.01375,0,0,0,0
29/01/2009,1.98993477424116e-05,0.1,25.9793664145975,39.8200715990737,222.178001593623,0,8.12154958770025,32.486198350801,2.44526234919899,0,400,25,21.6574655672007,73.0939462893022,1.02958414703115,2.96005442271456,0.01375,0.011,0.01375,0.01375,0,0,0,0
30/01/2009,3.37903673972571e-07,0.1,25.9880643721958,39.8200715990739,221.307116241223,0,8.12154958770023,32.4861983508009,2.44526234919897,0,400,25,21.6574655672006,73.0939462893021,1.02958414703115,2.96005442271455,0.01375,0.011,0.01375,0.01375,0,0,0,0
31/01/2009,1.26750040719477e-08,0.1,25.9943976932292,0,220.453975254433,0,0,0,0,0,400,25,0,0,0,0,0.01375,0.011,0.01375,0.01375,0,0,0,0
01/02/2009,0,0.1,25.9983645029001,0,219.618831181091,0,0,0,0,0,400,25,0,0,0,0,0.01375,0.011,0.01375,0.01375,0,0,0,0
02/02/2009,0,0.1,25.9999636269489,0,218.801931241564,0,0,0,0,0,400,25,0,0,0,0,0.01375,0.011,0.01375,0.01375,0,0,0,0
03/02/2009,0,0.1,25.9991945920008,0,218.00351725557,0,0,0,0,0,400,25,0,0,0,0,0.01375,0.011,0.01375,0.01375,0,0,0,0
04/02/2009,0,0.1,25.9960576257065,0,217.22382557059,0,0,0,0,0,400,25,0,0,0,0,0.01375,0.011,0.01375,0.01375,0,0,0,0
05/02/2009,0,0.1,25.9905536566747,0,216.463086991908,0,0,0,0,0,400,25,0,0,0,0,0.01375,0.011,0.01375,0.01375,0,0,0,0
06/02/2009,0,0.1,25.9826843141968,0,215.721526714289,0,0,0,0,0,400,25,0,0,0,0,0.01375,0.011,0.01375,0.01375,0,0,0,0
07/02/2009,0,0.1,25.9724519277653,0,214.999364255309,0,0,0,0,0,400,25,0,0,0,0,0.01375,0.011,0.01375,0.01375,0,0,0,0
08/02/2009,0,0.1,25.9598595263838,0,214.296813390382,0,0,0,0,0,400,25,0,0,0,0,0.01375,0.011,0.01375,0.01375,0,0,0,0
09/02/2009,0,0.1,25.9449108376702,0,213.614082089472,0,0,0,0,0,400,25,0,0,0,0,0.01375,0.011,0.01375,0.01375,0,0,0,0
10/02/2009,0.000186941786886907,0.1,25.9276102867536,35.4132113933958,212.951372455532,0,7.68185991931971,30.7274396772788,2.33673394468788,0,400,25,20.4849597848526,69.1367392738774,0.983887976710687,2.82867793304322,0.01375,0.011,0.01375,0.01375,0,0,0,0
11/02/2009,0.00133698970787877,0.1,25.9079629949642,39.7479472474811,212.308880664676,0,8.11135266818682,32.4454106727473,2.44176955048221,0,400,25,21.6302737818315,73.0021740136814,1.02811349493988,2.95582629795215,0.01375,0.011,0.01375,0.01375,0,0,0,0
12/02/2009,0.000748777239699706,0.1,25.8859747783173,39.6511326816259,211.686796908109,0,8.0988876432356,32.3955505729424,2.43778044147683,0,400,25,21.5970337152949,72.8899887891204,1.02643387009551,2.95099737652458,0.01375,0.011,0.01375,0.01375,0,0,0,0
13/02/2009,0.000570219997198263,0.1,25.8616521457917,39.610804272908,211.085305335824,0,8.09379894601512,32.3751957840605,2.43617805665774,0,400,25,21.5834638560403,72.8441905141361,1.02575918175063,2.94905764753306,0.01375,0.011,0.01375,0.01375,0,0,0,0
14/02/2009,0.0834434047995534,0.1,25.8350022974027,35.8746442516706,210.50458400209,0,7.72187734703284,30.8875093881313,2.42129669129284,0,400,25,20.5916729254209,69.4968961232955,1.01949334370225,2.93104336314396,0.01375,0.011,0.01375,0.01375,0,0,0,0
15/02/2009,0.159273652761675,0.1,25.8060331220709,37.5252889830348,209.944804812745,0,7.86964243439446,31.4785697375778,2.47170595816698,0,400,25,20.9857131583852,70.8267819095501,1.04071829817557,2.99206510725476,0.01375,0.011,0.01375,0.01375,0,0,0,0
16/02/2009,0.135298576536793,0.1,25.774753195287,36.0193927167808,209.406133474307,0,7.49371854352084,29.9748741740834,2.32779077709646,0,400,25,19.9832494493889,67.4434668916876,0.980122432461665,2.81785199332729,0.01375,0.011,0.01375,0.01375,0,0,0,0
17/02/2009,0.0692878390477331,0.1,25.7411717765731,31.0170269702211,208.888729444924,0,6.54034640651831,26.1613856260732,1.98306309237395,0,400,25,17.4409237507155,58.8631176586648,0.834973933631138,2.40055005918952,0.01375,0.011,0.01375,0.01375,0,0,0,0
18/02/2009,0.0636593207736172,0.1,25.7052988067417,31.7672028277615,208.392745887169,0,6.87097221300826,27.4838888520331,2.12080081284313,0,400,25,18.322592568022,61.8387499170744,0.892968763302368,2.56728519449431,0.01375,0.011,0.01375,0.01375,0,0,0,0
19/02/2009,0.00860630910708953,0.1,25.6671449049533,29.67573233695,207.918329622699,0,5.45905483797522,21.8362193519009,1.57805597295459,0,400,25,14.5574795679339,49.131493541777,0.664444620191408,1.9102782830503,0.01375,0.011,0.01375,0.01375,0,0,0,0
20/02/2009,6.77938963030603e-05,0.1,25.6267213655722,29.6757323369499,207.465621088795,0,5.45905483797522,21.8362193519009,1.57805597295461,0,400,25,14.5574795679339,49.1314935417769,0.664444620191414,1.91027828305031,0.01375,0.011,0.01375,0.01375,0,0,0,0
21/02/2009,9.22814571180438e-07,0.1,25.5840401548241,29.67573233695,207.034754296791,0,5.45905483797519,21.8362193519008,1.57805597295461,0,400,25,14.5574795679339,49.1314935417767,0.664444620191413,1.91027828305031,0.01375,0.011,0.01375,0.01375,0,0,0,0
22/02/2009,2.87317931639385e-08,0.1,25.5391139072529,0,206.625856792401,0,0,0,0,0,400,25,0,0,0,0,0.01375,0.011,0.01375,0.01375,0,0,0,0
23/02/2009,0,0.1,25.4919559219814,0,206.239049617962,0,0,0,0,0,400,25,0,0,0,0,0.01375,0.011,0.01375,0.01375,0,0,0,0
24/02/2009,0,0.1,25.4425801587739,0,205.874447276606,0,0,0,0,0,400,25,0,0,0,0,0.01375,0.011,0.01375,0.01375,0,0,0,0
25/02/2009,0.00304670288912725,0.1,25.391001233904,39.9080093700707,205.532157698364,0,8.13126168530304,32.5250467412121,2.44796469797814,0,400,25,21.6833644941414,73.1813551677273,1.03072197809606,2.96332568702617,0.01375,0.011,0.01375,0.01375,0,0,0,0
26/02/2009,2.9381230166109e-05,0.1,25.3372344158281,39.9080093700708,205.212282208215,0,8.13126168530303,32.5250467412121,2.44796469797816,0,400,25,21.6833644941414,73.1813551677272,1.03072197809607,2.96332568702619,0.01375,0.011,0.01375,0.01375,0,0,0,0
27/02/2009,4.65103625431255e-07,0.1,25.2812956206654,39.908009370071,204.91491549609,0,8.13126168530297,32.5250467412119,2.44796469797816,0,400,25,21.6833644941413,73.1813551677268,1.03072197809607,2.96332568702619,0.01375,0.011,0.01375,0.01375,0,0,0,0
28/02/2009,1.64427721326826e-08,0.1,25.2232014074861,0,204.640145588848,0,0,0,0,0,400,25,0,0,0,0,0.01375,0.011,0.01375,0.01375,0,0,0,0
01/03/2009,0,0.1,25.1629689734102,0,204.388053824211,0,0,0,0,0,400,25,0,0,0,0,0.01375,0.011,0.01375,0.01375,0,0,0,0
02/03/2009,0,0.1,25.1006161485163,0,204.158714826692,0,0,0,0,0,400,25,0,0,0,0,0.01375,0.011,0.01375,0.01375,0,0,0,0
03/03/2009,0,0.1,25.0361613905638,0,203.952196485501,0,0,0,0,0,400,25,0,0,0,0,0.01375,0.011,0.01375,0.01375,0,0,0,0
04/03/2009,0,0.1,24.9696237795288,0,203.768559934448,0,0,0,0,0,400,25,0,0,0,0,0.01375,0.011,0.01375,0.01375,0,0,0,0
05/03/2009,0,0.1,24.9010230119562,0,203.60785953385,0,0,0,0,0,400,25,0,0,0,0,0.01375,0.011,0.01375,0.01375,0,0,0,0
06/03/2009,0,0.1,24.8303793951287,0,203.470142854435,0,0,0,0,0,400,25,0,0,0,0,0.01375,0.011,0.01375,0.01375,0,0,0,0
07/03/2009,0,0.1,24.7577138410562,0,203.355450663264,0,0,0,0,0,400,25,0,0,0,0,0.01375,0.011,0.01375,0.01375,0,0,0,0
08/03/2009,0,0.1,24.6830478602847,0,203.263816911658,0,0,0,0,0,400,25,0,0,0,0,0.01375,0.011,0.01375,0.01375,0,0,0,0
09/03/2009,0.0127690061894719,0.1,24.6064035555288,32.9333798160144,203.195268725153,0,7.57535555353289,30.3014222141316,2.35627398991373,0,400,25,20.2009481427544,68.178199981796,0.992115364174202,2.85233167200083,0.01375,0.011,0.01375,0.01375,0,0,0,0
10/03/2009,0.0030809827562129,0.1,24.5278036151292,39.6923747950483,203.149826395466,0,8.11404517830452,32.4561807132181,2.44511298688971,0,400,25,21.637453808812,73.0264066047407,1.02952125763777,2.95987361570859,0.01375,0.011,0.01375,0.01375,0,0,0,0
11/03/2009,2.93912013605739e-05,0.1,24.4472713063363,39.6923747950483,203.127503374491,0,8.11404517830462,32.4561807132185,2.44511298688969,0,400,25,21.6374538088123,73.0264066047416,1.02952125763776,2.95987361570857,0.01375,0.011,0.01375,0.01375,0,0,0,0
12/03/2009,4.65233017335939e-07,0.1,24.3648304684224,39.6923747950482,203.128306270316,0,8.11404517830462,32.4561807132185,2.44511298688971,0,400,25,21.6374538088123,73.0264066047416,1.02952125763777,2.95987361570859,0.01375,0.011,0.01375,0.01375,0,0,0,0
13/03/2009,0.00252068856834633,0.1,24.2805055056248,39.8841514202671,203.152234845267,0,8.12825444506575,32.513017780263,2.44701856562793,0,400,25,21.675345186842,73.1542900055917,1.03032360658018,2.96218036891802,0.01375,0.011,0.01375,0.01375,0,0,0,0
14/03/2009,2.51685816502177e-05,0.1,24.1943213799221,39.8841514202676,203.199282015978,0,8.12825444506581,32.5130177802632,2.44701856562792,0,400,25,21.6753451868422,73.1542900055923,1.03032360658018,2.96218036891801,0.01375,0.011,0.01375,0.01375,0,0,0,0
15/03/2009,0.0135342081686869,0.1,24.1063036036443,36.5501137638301,203.269433855488,0,8.05541897156841,32.2216758862737,2.51353578861606,0,400,25,21.4811172575158,72.4987707441157,1.05833085836466,3.04270121779839,0.01375,0.011,0.01375,0.01375,0,0,0,0
16/03/2009,0.0064217427652735,0.1,24.016478231921,39.9007341911963,203.362669597364,0,8.13573845979358,32.5429538391743,2.45076166921502,0,400,25,21.6953025594495,73.2216461381422,1.0318996501958,2.96671149431291,0.01375,0.011,0.01375,0.01375,0,0,0,0
17/03/2009,5.3768675169528e-05,0.1,23.9248718549683,39.9007341911957,203.478961641847,0,8.13573845979355,32.5429538391742,2.45076166921501,0,400,25,21.6953025594495,73.2216461381419,1.0318996501958,2.96671149431291,0.01375,0.011,0.01375,0.01375,0,0,0,0
18/03/2009,7.63216550004538e-07,0.1,23.8315115902177,39.9007341911954,203.618275564026,0,8.13573845979356,32.5429538391742,2.45076166921502,0,400,25,21.6953025594495,73.221646138142,1.0318996501958,2.96671149431292,0.01375,0.011,0.01375,0.01375,0,0,0,0
19/03/2009,2.46143088446474e-08,0.1,23.7364250742888,0,203.780570124022,0,0,0,0,0,400,25,0,0,0,0,0.01375,0.011,0.01375,0.01375,0,0,0,0
20/03/2009,0,0.1,23.6396404548081,0,203.965797279202,0,0,0,0,0,400,25,0,0,0,0,0.01375,0.011,0.01375,0.01375,0,0,0,0
21/03/2009,0,0.1,23.5411863820767,0,204.173902198397,0,0,0,0,0,400,25,0,0,0,0,0.01375,0.011,0.01375,0.01375,0,0,0,0
22/03/2009,0,0.1,23.4410920005895,0,204.404823278136,0,0,0,0,0,400,25,0,0,0,0,0.01375,0.011,0.01375,0.01375,0,0,0,0
23/03/2009,0,0.1,23.3393869404073,0,204.658492160877,0,0,0,0,0,400,25,0,0,0,0,0.01375,0.011,0.01375,0.01375,0,0,0,0
24/03/2009,0,0.1,23.2361013083863,0,204.93483375525,0,0,0,0,0,400,25,0,0,0,0,0.01375,0.011,0.01375,0.01375,0,0,0,0
25/03/2009,0,0.1,23.1312656792653,0,205.233766258277,0,0,0,0,0,400,25,0,0,0,0,0.01375,0.011,0.01375,0.01375,0,0,0,0
26/03/2009,0.0176657944693912,0.1,23.0249110866152,36.5463383237038,205.555201179595,0,8.07097311649514,32.2838924659805,2.5225559333031,0,400,25,21.5225949773204,72.6387580484562,1.06212881402236,3.05362034031428,0.01375,0.011,0.01375,0.01375,0,0,0,0
27/03/2009,0.00941396988882486,0.1,22.9170690136522,38.1321732421854,205.899043367646,0,8.01969643457539,32.0787857383016,2.44176658324217,0,400,25,21.3858571588677,72.1772679111785,1.02811224557565,2.95582270603,0.01375,0.011,0.01375,0.01375,0,0,0,0
28/03/2009,0.000514883959691771,0.1,22.8077713839186,39.5502738881119,206.265191037846,0,8.1022136649167,32.4088546596668,2.4429557166923,0,400,25,21.6059031064445,72.9199229842503,1.02861293334413,2.95726218336437,0.01375,0.011,0.01375,0.01375,0,0,0,0
29/03/2009,6.59595344061396e-06,0.1,22.6970505518319,39.5502738881116,206.653535802714,0,8.10221366491664,32.4088546596666,2.44295571669229,0,400,25,21.6059031064444,72.9199229842497,1.02861293334412,2.95726218336435,0.01375,0.011,0.01375,0.01375,0,0,0,0
30/03/2009,1.42608079545426e-07,0.1,22.5849392931081,39.5502738881115,207.063962703959,0,8.10221366491661,32.4088546596664,2.44295571669229,0,400,25,21.6059031064443,72.9199229842495,1.02861293334412,2.95726218336436,0.01375,0.011,0.01375,0.01375,0,0,0,0
31/03/2009,0,0.1,22.4714707950588,0,207.496350246509,0,0,0,0,0,400,25,0,0,0,0,0.01375,0.011,0.01375,0.01375,0,0,0,0
01/04/2009,0.234889123941754,0.1,22.3566786467673,37.368157308847,207.950570434476,0,7.7867420993875,31.14696839755,2.46955395491434,0,400,25,20.7646455983667,70.0806788944875,1.03981219154288,2.98946005068578,0.01375,0.011,0.01375,0.01375,0,0,0,0
02/04/2009,0.497816960478478,0.1,22.2405968291455,37.2254665974625,208.426488809045,0,7.50255186784762,30.0102074713905,2.39737707490759,0,400,25,20.006804980927,67.5229668106286,1.00942192627688,2.90208803804603,0.01375,0.011,0.01375,0.01375,0,0,0,0
03/04/2009,0.447931654692502,0.1,22.1232597048746,36.2923620424145,208.923964488279,0,7.2982112464848,29.1928449859392,2.33211025635102,0,400,25,19.4618966572928,65.6839012183632,0.981941160568849,2.82308083663544,0.01375,0.011,0.01375,0.01375,0,0,0,0
04/04/2009,0.114948996752563,0.1,22.0047020082334,29.7174067931048,209.442850208819,0,6.1715846584925,24.68633863397,1.87777716555264,0,400,25,16.4575590893133,55.5442619264326,0.790643017074794,2.27309867409003,0.01375,0.011,0.01375,0.01375,0,0,0,0
05/04/2009,0.00795916181309412,0.1,21.8849588348159,11.0367628179383,209.982992369482,0,1.85775201116994,7.43100804467977,0.441929832056657,0,400,25,4.95400536311985,16.7197681005295,0.186075718760698,0.534967691437006,0.01375,0.011,0.01375,0.01375,0,0,0,0
06/04/2009,0.0051170250374899,0.1,21.7640656311426,6.06238728399572,210.544231076725,0,0.869536787474196,3.47814714989678,0.126536227176327,0,400,25,2.31876476659786,7.82583108726776,0.0532784114426641,0.153175432897659,0.01375,0.011,0.01375,0.01375,0,0,0,0
07/04/2009,0.00335190617545269,0.1,21.642058184167,6.00083673700526,211.126400191981,0,0.857309084288593,3.42923633715437,0.122633697348168,0,400,25,2.28615755810291,7.71578175859734,0.0516352409887022,0.148451317842519,0.01375,0.011,0.01375,0.01375,0,0,0,0
08/04/2009,0.00268397197434674,0.1,21.5189726106826,6.00000992476638,211.72932738084,0,0.857144828808479,3.42857931523392,0.122581274427783,0,400,25,2.28571954348928,7.71430345927631,0.0516131681801193,0.148387858517843,0.01375,0.011,0.01375,0.01375,0,0,0,0
09/04/2009,0.00139017593463758,0.1,21.3948453466311,6.00000018950986,212.352834164057,0,0.857142894791107,3.42857157916443,0.122580657176909,0,400,25,2.28571438610962,7.71428605311996,0.0516129082850143,0.148387111319416,0.01375,0.011,0.01375,0.01375,0,0,0,0
10/04/2009,0.00143353963928168,0.1,21.2697131363166,6.00000000204997,212.996735970394,0,0.857142857550106,3.42857143020043,0.122580645291266,0,400,25,2.28571428680028,7.71428571795096,0.051612903280533,0.148387096931532,0.01375,0.011,0.01375,0.01375,0,0,0,0
11/04/2009,0.0166766170814184,0.1,21.1436130215288,6.00000000000197,213.660842191253,0,3.18861123039427,12.7544449215771,0.650313838731469,0,400,25,8.5029632810514,28.6975010735485,0.273816353150092,0.787222015306515,0.01375,0.011,0.01375,0.01375,0,0,0,0
12/04/2009,0.00102977435185321,0.1,21.0165823305776,17.0407679103144,214.3449562371,0,5.31154276658254,21.2461710663302,1.56889482238919,0,400,25,14.1641140442201,47.8038848992429,0.660587293637555,1.89918846920797,0.01375,0.011,0.01375,0.01375,0,0,0,0
13/04/2009,0.0348287645013411,0.1,20.8886586672431,22.4502677579704,215.04887559566,0,5.78132421353946,23.1252968541578,1.66557530946148,0,400,25,15.4168645694385,52.0319179218551,0.701294867141676,2.01622274303232,0.01375,0.011,0.01375,0.01375,0,0,0,0
14/04/2009,0.046658825398591,0.1,20.7598798996444,32.9076400346631,215.772391891864,0,7.45912828072797,29.8365131229119,2.30039604151744,0,400,25,19.8910087486079,67.1321545265518,0.968587806954711,2.78468994499479,0.01375,0.011,0.01375,0.01375,0,0,0,0
15/04/2009,0.00930733159207636,0.1,20.6302841490292,36.9558177359251,216.515290949537,0,7.85389035183992,31.4155614073597,2.38537514559442,0,400,25,20.9437076049065,70.6850131665593,1.00436848235555,2.8875593867722,0.01375,0.011,0.01375,0.01375,0,0,0,0
16/04/2009,0.00130547485158298,0.1,20.49990977849,39.0144719507129,217.277352854791,0,8.02390699704186,32.0956279881674,2.41556249699774,0,400,25,21.397085325445,72.2151629733767,1.01707894610431,2.9241019700499,0.01375,0.011,0.01375,0.01375,0,0,0,0
17/04/2009,1.44728265292679e-05,0.1,20.3687953816071,39.0144719507128,218.058352021133,0,8.02390699704184,32.0956279881674,2.41556249699771,0,400,25,21.3970853254449,72.2151629733766,1.0170789461043,2.92410197004986,0.01375,0.011,0.01375,0.01375,0,0,0,0
18/04/2009,2.70483455054053e-07,0.1,20.2369797710241,39.0144719507127,218.858057256235,0,8.02390699704179,32.0956279881672,2.41556249699769,0,400,25,21.3970853254448,72.2151629733761,1.01707894610429,2.92410197004984,0.01375,0.011,0.01375,0.01375,0,0,0,0
19/04/2009,0,0.1,20.104501966959,0,219.676231830379,0,0,0,0,0,400,25,0,0,0,0,0.01375,0.011,0.01375,0.01375,0,0,0,0
20/04/2009,0,0.1,19.9714011856532,0,220.512633546526,0,0,0,0,0,400,25,0,0,0,0,0.01375,0.011,0.01375,0.01375,0,0,0,0
21/04/2009,0.00197348635173713,0.1,19.8377168277622,26.8573826795817,221.367014812022,0,6.64000541076868,26.5600216430747,2.01836632639889,0,400,25,17.7066810953831,59.7600486969181,0.849838453220586,2.44328555300919,0.01375,0.011,0.01375,0.01375,0,0,0,0
22/04/2009,0.0283222932869491,0.1,19.703488466693,33.2551734954543,222.239122711881,0,7.57725576265641,30.3090230506257,2.3491634475065,0,400,25,20.2060153670838,68.1953018639077,0.989121451581684,2.84372417329734,0.01375,0.011,0.01375,0.01375,0,0,0,0
23/04/2009,0.026728573177623,0.1,19.5687558368887,31.4357152776124,223.128699083657,0,7.22058268786331,28.8823307514532,2.20155698156334,0,400,25,19.2548871676355,64.9852441907697,0.926971360658249,2.66504266189247,0.01375,0.011,0.01375,0.01375,0,0,0,0
24/04/2009,0.0017318116536602,0.1,19.4335588220669,38.6986069932917,224.035480593869,0,7.99450920111447,31.9780368044579,2.40894217762582,0,400,25,21.3186912029719,71.9505828100302,1.01429144321087,2.91608789923125,0.01375,0.011,0.01375,0.01375,0,0,0,0
25/04/2009,1.79970723304207e-05,0.1,19.2979374434129,38.6986069932918,224.959198815945,0,7.99450920111447,31.9780368044579,2.40894217762581,0,400,25,21.3186912029719,71.9505828100302,1.01429144321087,2.91608789923125,0.01375,0.011,0.01375,0.01375,0,0,0,0
26/04/2009,3.11175450992212e-07,0.1,19.1619318477328,38.6986069932919,225.899580309692,0,7.99450920111443,31.9780368044577,2.40894217762582,0,400,25,21.3186912029718,71.9505828100299,1.01429144321087,2.91608789923125,0.01375,0.011,0.01375,0.01375,0,0,0,0
27/04/2009,1.18521383377553e-08,0.1,19.025582295569,0,226.856346702231,0,0,0,0,0,400,25,0,0,0,0,0.01375,0.011,0.01375,0.01375,0,0,0,0
28/04/2009,0,0.1,18.8889291492823,0,227.829214770406,0,0,0,0,0,400,25,0,0,0,0,0.01375,0.011,0.01375,0.01375,0,0,0,0
29/04/2009,0,0.1,18.7520128611039,0,228.817896524626,0,0,0,0,0,400,25,0,0,0,0,0.01375,0.011,0.01375,0.01375,0,0,0,0
30/04/2009,0,0.1,18.6148739611606,0,229.82209929411,0,0,0,0,0,400,25,0,0,0,0,0.01375,0.011,0.01375,0.01375,0,0,0,0
01/05/2009,0,0.1,18.4775530454767,0,230.84152581353,0,0,0,0,0,400,25,0,0,0,0,0.01375,0.011,0.01375,0.01375,0,0,0,0
02/05/2009,0,0.1,18.3400907639575,0,231.875874311002,0,0,0,0,0,400,25,0,0,0,0,0.01375,0.011,0.01375,0.01375,0,0,0,0
03/05/2009,0,0.1,18.2025278083553,0,232.924838597422,0,0,0,0,0,400,25,0,0,0,0,0.01375,0.011,0.01375,0.01375,0,0,0,0
04/05/2009,0,0.1,18.0649049002241,0,233.988108157101,0,0,0,0,0,400,25,0,0,0,0,0.01375,0.011,0.01375,0.01375,0,0,0,0
05/05/2009,0,0.1,17.927262778865,0,235.065368239687,0,0,0,0,0,400,25,0,0,0,0,0.01375,0.011,0.01375,0.01375,0,0,0,0
06/05/2009,0,0.1,17.789642189267,0,236.156299953336,0,0,0,0,0,400,25,0,0,0,0,0.01375,0.011,0.01375,0.01375,0,0,0,0
07/05/2009,0,0.1,17.6520838700448,0,237.260580359109,0,0,0,0,0,400,25,0,0,0,0,0.01375,0.011,0.01375,0.01375,0,0,0,0
08/05/2009,0,0.1,17.5146285413801,0,238.377882566574,0,0,0,0,0,400,25,0,0,0,0,0.01375,0.011,0.01375,0.01375,0,0,0,0
09/05/2009,0,0.1,17.3773168929669,0,239.507875830567,0,0,0,0,0,400,25,0,0,0,0,0.01375,0.011,0.01375,0.01375,0,0,0,0
10/05/2009,0,0.1,17.2401895719671,0,240.650225649104,0,0,0,0,0,400,25,0,0,0,0,0.01375,0.011,0.01375,0.01375,0,0,0,0
11/05/2009,0,0.1,17.1032871709775,0,241.804593862396,0,0,0,0,0,400,25,0,0,0,0,0.01375,0.011,0.01375,0.01375,0,0,0,0
12/05/2009,0,0.1,16.966650216014,0,242.970638752956,0,0,0,0,0,400,25,0,0,0,0,0.01375,0.011,0.01375,0.01375,0,0,0,0
13/05/2009,0,0.1,16.8303191545148,0,244.148015146753,0,0,0,0,0,400,25,0,0,0,0,0.01375,0.011,0.01375,0.01375,0,0,0,0
14/05/2009,0,0.1,16.6943343433671,0,245.33637451539,0,0,0,0,0,400,25,0,0,0,0,0.01375,0.011,0.01375,0.01375,0,0,0,0
15/05/2009,0,0.1,16.5587360369606,0,246.535365079275,0,0,0,0,0,400,25,0,0,0,0,0.01375,0.011,0.01375,0.01375,0,0,0,0
16/05/2009,0,0.1,16.4235643752715,0,247.744631911759,0,0,0,0,0,400,25,0,0,0,0,0.01375,0.011,0.01375,0.01375,0,0,0,0
17/05/2009,0,0.1,16.2888593719801,0,248.963817044198,0,0,0,0,0,400,25,0,0,0,0,0.01375,0.011,0.01375,0.01375,0,0,0,0
18/05/2009,0,0.1,16.1546609026259,0,250.192559571921,0,0,0,0,0,400,25,0,0,0,0,0.01375,0.011,0.01375,0.01375,0,0,0,0
19/05/2009,0,0.1,16.0210086928035,0,251.430495761065,0,0,0,0,0,400,25,0,0,0,0,0.01375,0.011,0.01375,0.01375,0,0,0,0
20/05/2009,0.105023428824308,0.1,15.8879423064033,36.6836608513992,252.677259156249,0,7.87957514398956,31.5183005759582,2.47519174746245,0,400,25,21.0122003839722,70.916176295906,1.04218599893156,2.99628474692823,0.01375,0.011,0.01375,0.01375,0,0,0,0
21/05/2009,0.363299636498634,0.1,15.7555011338993,37.8083736270797,253.932480689051,0,7.65312652063987,30.6125060825595,2.45319712787539,0,400,25,20.408337388373,68.8781386857588,1.03292510647385,2.96965968111231,0.01375,0.011,0.01375,0.01375,0,0,0,0
22/05/2009,0.156829980865988,0.1,15.623724380689,34.8210930438801,255.19578878726,0,6.97029233248252,27.8811693299301,2.17395043551537,0,400,25,18.5874462199534,62.7326309923427,0.915347551795944,2.63162421141334,0.01375,0.011,0.01375,0.01375,0,0,0,0
23/05/2009,0.366655478528893,0.1,15.4926510554879,36.8887605954551,256.466809484872,0,7.4517534359158,29.8070137436632,2.4041159104919,0,400,25,19.8713424957755,67.0657809232422,1.01225933073343,2.91024557585862,0.01375,0.011,0.01375,0.01375,0,0,0,0
24/05/2009,0.151800199613811,0.1,15.3623199587815,32.3846439747497,257.745166532788,0,6.5636591295086,26.2546365180344,2.03500700824762,0,400,25,17.5030910120229,59.0729321655774,0.85684505610426,2.46342953629975,0.01375,0.011,0.01375,0.01375,0,0,0,0
25/05/2009,0.0178419131889003,0.1,15.2327696713403,8.82143376968899,259.030481510195,0,3.01699436944494,12.0679774777798,0.680350300397706,0,400,25,8.04531831851985,27.1529493250045,0.286463284377981,0.823581942586696,0.01375,0.011,0.01375,0.01375,0,0,0,0
26/05/2009,0.00778262331829452,0.1,15.1040385427983,6.04476599112069,260.322373936585,0,2.10500941966218,8.42003767864872,0.384319999016492,0,400,25,5.61335845243248,18.9450847769596,0.161818946954312,0.465229472493648,0.01375,0.011,0.01375,0.01375,0,0,0,0
27/05/2009,0.0268240405092846,0.1,14.9761646803015,6.00010576899972,261.620461384384,0,3.1134532554306,12.4538130217224,0.640230854941756,0,400,25,8.3025420144816,28.0210792988754,0.269570886291266,0.775016298087389,0.01375,0.011,0.01375,0.01375,0,0,0,0
28/05/2009,0.182222172336719,0.1,14.8491859372266,34.0476537874449,262.924359592162,0,7.11448437900447,28.4579375160179,2.25779326731789,0,400,25,18.9719583440119,64.0303594110402,0.950649796765428,2.73311816570061,0.01375,0.011,0.01375,0.01375,0,0,0,0
29/05/2009,0.0860952595846063,0.1,14.7231399019762,28.1535240543516,264.23368257838,0,6.08161733927097,24.3264693570839,1.82729160199098,0,400,25,16.2176462380559,54.7345560534387,0.769385937680414,2.21198457083119,0.01375,0.011,0.01375,0.01375,0,0,0,0
30/05/2009,0.0108042828542567,0.1,14.5980638868514,6.92048516507901,265.54804275565,0,3.02131074763945,12.0852429905578,0.625802049068031,0,400,25,8.05682866037187,27.1917967287551,0.263495599607592,0.757549848871828,0.01375,0.011,0.01375,0.01375,0,0,0,0
31/05/2009,0.0510889287777294,0.1,14.4739949170069,27.2054099178248,266.867051045467,0,6.310729654115,25.24291861646,1.90601289718785,0,400,25,16.8286124109733,56.796566887035,0.802531746184357,2.30727877028003,0.01375,0.011,0.01375,0.01375,0,0,0,0
01/06/2009,0.0479198350464684,0.1,14.3509697194906,22.2398587376903,268.190316993389,0,5.46655613824627,21.8662245529851,1.5580331742248,0,400,25,14.5774830353234,49.1990052442165,0.656013968094651,1.88604015827212,0.01375,0.011,0.01375,0.01375,0,0,0,0
02/06/2009,0.00653265035999352,0.1,14.2290247123716,10.238397031242,269.517448884614,0,3.64190099401369,14.5676039760548,0.854728960892938,0,400,25,9.7117359840365,32.7771089461232,0.359885878270711,1.03467190002829,0.01375,0.011,0.01375,0.01375,0,0,0,0
03/06/2009,0.213092943471751,0.1,14.1081959939597,34.6440279540132,270.848053859939,0,7.1625038508083,28.6500154032332,2.28689875363913,0,400,25,19.1000102688221,64.4625346572747,0.962904738374372,2.76835112282632,0.01375,0.011,0.01375,0.01375,0,0,0,0
04/06/2009,0.104830400825549,0.1,13.9885193321197,28.9790642197821,272.181738032057,0,6.21530136458052,24.8612054583221,1.88701227646556,0,400,25,16.5741369722147,55.9377122812247,0.794531484827603,2.28427801887936,0.01375,0.011,0.01375,0.01375,0,0,0,0
05/06/2009,0.0115326589980118,0.1,13.870030153683,12.9089612443412,273.51810660215,0,4.19930490051299,16.797219602052,1.08441557447752,0,400,25,11.198146401368,37.7937441046169,0.456596031358955,1.31271359015699,0.01375,0.011,0.01375,0.01375,0,0,0,0
06/06/2009,0.000573363233862726,0.1,13.7527635339609,22.5533886527777,274.856763976763,0,4.97416792755535,19.8966717102214,1.42231515691281,0,400,25,13.2644478068143,44.7675113479981,0.598869539752762,1.72174992678919,0.01375,0.011,0.01375,0.01375,0,0,0,0
07/06/2009,0.00219819708775284,0.1,13.6367541863612,18.1498648831336,276.197313884907,0,5.53789462187804,22.1515784875121,1.67116932676222,0,400,25,14.7677189916748,49.8410515969023,0.703650242847249,2.02299444818584,0.01375,0.011,0.01375,0.01375,0,0,0,0
08/06/2009,0.000540736218860945,0.1,13.5220364521127,34.8080133195939,277.539359495362,0,7.49463525409494,29.9785410163798,2.24930070354182,0,400,25,19.9856940109198,67.4517172868545,0.947073980438662,2.72283769376115,0.01375,0.011,0.01375,0.01375,0,0,0,0
09/06/2009,7.07289898751817e-06,0.1,13.408644290099,34.8080133195942,278.882503534148,0,7.49463525409498,29.9785410163799,2.24930070354182,0,400,25,19.98569401092,67.4517172868549,0.947073980438661,2.72283769376115,0.01375,0.011,0.01375,0.01375,0,0,0,0
10/06/2009,1.50953117125869e-07,0.1,13.2966112668063,34.8080133195942,280.226348402127,0,7.494635254095,29.97854101638,2.24930070354182,0,400,25,19.98569401092,67.451717286855,0.94707398043866,2.72283769376115,0.01375,0.011,0.01375,0.01375,0,0,0,0
11/06/2009,0,0.1,13.1859705463869,0,281.570496292702,0,0,0,0,0,400,25,0,0,0,0,0.01375,0.011,0.01375,0.01375,0,0,0,0
12/06/2009,0.000976932031209064,0.1,13.076754880842,6,282.914549309573,0,3.42857142857143,13.7142857142857,0.612903225806452,0,400,25,9.14285714285714,30.8571428571429,0.258064516129032,0.741935483870968,0.01375,0.011,0.01375,0.01375,0,0,0,0
13/06/2009,1.16053557936177e-05,0.1,12.9689966003261,6.00000000000003,284.258109584525,0,3.42857142857143,13.7142857142857,0.612903225806452,0,400,25,9.14285714285714,30.8571428571429,0.258064516129032,0.741935483870968,0.01375,0.011,0.01375,0.01375,0,0,0,0
14/06/2009,0.00624213085010111,0.1,12.8627276035769,6,285.600779395208,0,3.51521402897956,14.0608561159183,0.712029813800275,0,400,25,9.37390407727884,31.6369262608161,0.299802026863274,0.861930827231911,0.01375,0.011,0.01375,0.01375,0,0,0,0
15/06/2009,5.27696099068132e-05,0.1,12.7579793484726,5.99999999999991,286.942161282863,0,3.51521402897958,14.0608561159183,0.712029813800285,0,400,25,9.37390407727889,31.6369262608162,0.299802026863278,0.861930827231924,0.01375,0.011,0.01375,0.01375,0,0,0,0
16/06/2009,0.00739631850026154,0.1,12.6547828427194,6,288.281858169988,0,3.5214891012287,14.0859564049148,0.719209036244444,0,400,25,9.39063760327652,31.6934019110583,0.302824857366082,0.870621464927485,0.01375,0.011,0.01375,0.01375,0,0,0,0
17/06/2009,0.00913358064844351,0.1,12.5531686346731,6,289.619473477875,0,3.5268615657567,14.1074462630268,0.725355597811966,0,400,25,9.4049641753512,31.7417540918103,0.305412883289249,0.87806203945659,0.01375,0.011,0.01375,0.01375,0,0,0,0
18/06/2009,0.010023703331446,0.1,12.4531668042954,16.4090501765395,290.954611244008,0,5.06884084445932,20.2753633778373,1.38869004295808,0,400,25,13.5169089185582,45.6195676001339,0.584711597034981,1.68104584147557,0.01375,0.011,0.01375,0.01375,0,0,0,0
19/06/2009,0.0111620037197819,0.1,12.3548069542502,30.3904170896479,292.286876239276,0,7.19202680525507,28.7681072210203,2.21901851550508,0,400,25,19.1787381473469,64.7282412472956,0.934323585475823,2.68618030824299,0.01375,0.011,0.01375,0.01375,0,0,0,0
20/06/2009,0.0228298208370967,0.1,12.2581182011404,20.9546997335388,293.61587408497,0,5.62972122294843,22.5188848917937,1.58391487251602,0,400,25,15.0125899278625,50.6674910065358,0.666911525269904,1.91737063515097,0.01375,0.011,0.01375,0.01375,0,0,0,0
21/06/2009,0.0197899700357519,0.1,12.1631291668888,23.6941606633085,294.941211369524,0,6.07589723875387,24.3035889550155,1.77329456730696,0,400,25,16.202392636677,54.6830751487848,0.746650344129247,2.14661973937158,0.01375,0.011,0.01375,0.01375,0,0,0,0
22/06/2009,0.0437140710394939,0.1,12.0698679702651,30.2284139735516,296.262495764978,0,6.96517598435382,27.8607039374153,2.11648559406258,0,400,25,18.5738026249435,62.6865838591844,0.891151829078983,2.56206150860208,0.01375,0.011,0.01375,0.01375,0,0,0,0
23/06/2009,0.0171553379345105,0.1,11.9783622185626,25.7037373351011,297.579336143113,0,6.31452389677342,25.2580955870937,1.84538746695738,0,400,25,16.8387303913958,56.8307150709608,0.777005249245214,2.23389009157999,0.01375,0.011,0.01375,0.01375,0,0,0,0
24/06/2009,0.00165152912194662,0.1,11.8886389994256,7.43339150573111,298.891342691233,0,3.64468041896364,14.5787216758546,0.709615205378762,0,400,25,9.71914778390305,32.8021237706728,0.298785349633163,0.859007880195343,0.01375,0.011,0.01375,0.01375,0,0,0,0
25/06/2009,1.74503991378896e-05,0.1,11.8007248728309,7.43339150573114,300.198127027558,0,3.64468041896364,14.5787216758546,0.709615205378759,0,400,25,9.71914778390305,32.8021237706728,0.298785349633162,0.85900788019534,0.01375,0.011,0.01375,0.01375,0,0,0,0
26/06/2009,3.03401597969127e-07,0.1,11.7146458632257,7.43339150573114,301.499302316194,0,3.64468041896365,14.5787216758546,0.709615205378758,0,400,25,9.71914778390307,32.8021237706729,0.298785349633161,0.859007880195338,0.01375,0.011,0.01375,0.01375,0,0,0,0
27/06/2009,0.00224354269208792,0.1,11.6304274518233,6.00000734166157,302.794483381644,0,3.47464466600447,13.8985786640179,0.665614201695135,0,400,25,9.26571910934526,31.2718019940402,0.280258611240057,0.805743507315163,0.01375,0.011,0.01375,0.01375,0,0,0,0
28/06/2009,2.28850592722343e-05,0.1,11.5480945690608,6.00000734166159,304.083286822828,0,3.4746446660045,13.898578664018,0.66561420169514,0,400,25,9.26571910934533,31.2718019940405,0.280258611240059,0.805743507315169,0.01375,0.011,0.01375,0.01375,0,0,0,0
29/06/2009,3.78947603134998e-07,0.1,11.4676715872185,6.00000734166157,305.365331126578,0,3.47464466600449,13.898578664018,0.665614201695142,0,400,25,9.26571910934531,31.2718019940404,0.28025861124006,0.805743507315171,0.01375,0.011,0.01375,0.01375,0,0,0,0
30/06/2009,1.39156144842076e-08,0.1,11.3891823132057,0,306.640236780576,0,0,0,0,0,400,25,0,0,0,0,0.01375,0.011,0.01375,0.01375,0,0,0,0
01/07/2009,0,0.1,11.3126499815131,0,307.907626385693,0,0,0,0,0,400,25,0,0,0,0,0.01375,0.011,0.01375,0.01375,0,0,0,0
02/07/2009,0,0.1,11.238097247335,0,309.167124767712,0,0,0,0,0,400,25,0,0,0,0,0.01375,0.011,0.01375,0.01375,0,0,0,0
03/07/2009,0,0.1,11.1655461798626,0,310.418359088383,0,0,0,0,0,400,25,0,0,0,0,0.01375,0.011,0.01375,0.01375,0,0,0,0
04/07/2009,0,0.1,11.0950182557516,0,311.660958955797,0,0,0,0,0,400,25,0,0,0,0,0.01375,0.011,0.01375,0.01375,0,0,0,0
05/07/2009,0,0.1,11.026534352764,0,312.894556534024,0,0,0,0,0,400,25,0,0,0,0,0.01375,0.011,0.01375,0.01375,0,0,0,0
06/07/2009,0,0.1,10.9601147435886,0,314.118786652004,0,0,0,0,0,400,25,0,0,0,0,0.01375,0.011,0.01375,0.01375,0,0,0,0
07/07/2009,0,0.1,10.8957790898389,0,315.333286911643,0,0,0,0,0,400,25,0,0,0,0,0.01375,0.011,0.01375,0.01375,0,0,0,0
08/07/2009,0.00243657313871034,0.1,10.8335464362339,21.2053529499321,316.53769779509,0,5.96544809809983,23.8617923923993,1.81588656141048,0,400,25,15.9078615949329,53.6890328828985,0.764583815330728,2.19817846907584,0.01375,0.011,0.01375,0.01375,0,0,0,0
09/07/2009,0.0274085697003492,0.1,10.7734352049594,25.1604663043479,317.731662771168,0,6.22421770993466,24.8968708397387,1.82746512184954,0,400,25,16.5979138931591,56.017959389412,0.769458998673489,2.21219462118628,0.01375,0.011,0.01375,0.01375,0,0,0,0
10/07/2009,0.00796878910363096,0.1,10.7154631902157,31.0241304162634,318.914828400906,0,7.21243228665026,28.849729146601,2.21043690517935,0,400,25,19.2331527644007,64.9118905798523,0.930710275864988,2.67579204311184,0.01375,0.011,0.01375,0.01375,0,0,0,0
11/07/2009,0.0063062330080794,0.1,10.6596475529492,17.9901771896969,320.086844442171,0,5.26742886753299,21.069715470132,1.45196279279778,0,400,25,14.046476980088,47.4068598077969,0.611352754862224,1.75763917022889,0.01375,0.011,0.01375,0.01375,0,0,0,0
12/07/2009,5.30581226108025e-05,0.1,10.6060048157731,17.9901771896966,321.247363953343,0,5.26742886753304,21.0697154701322,1.45196279279778,0,400,25,14.0464769800881,47.4068598077974,0.611352754862223,1.75763917022889,0.01375,0.011,0.01375,0.01375,0,0,0,0
13/07/2009,7.5494290913977e-07,0.1,10.5545508580758,17.9901771896966,322.396043396021,0,5.26742886753305,21.0697154701322,1.45196279279778,0,400,25,14.0464769800881,47.4068598077975,0.611352754862222,1.75763917022889,0.01375,0.011,0.01375,0.01375,0,0,0,0
14/07/2009,2.43967362304337e-08,0.1,10.5053009113207,0,323.532542736714,0,0,0,0,0,400,25,0,0,0,0,0.01375,0.011,0.01375,0.01375,0,0,0,0
15/07/2009,0,0.1,10.4582695545372,0,324.656525547499,0,0,0,0,0,400,25,0,0,0,0,0.01375,0.011,0.01375,0.01375,0,0,0,0
16/07/2009,0,0.1,10.4134707100049,0,325.767659105614,0,0,0,0,0,400,25,0,0,0,0,0.01375,0.011,0.01375,0.01375,0,0,0,0
17/07/2009,0.000122155162970578,0.1,10.3709176391324,37.2390631000894,326.865614491947,0,7.79483988656589,31.1793595462635,2.3421184417303,0,400,25,20.786239697509,70.153558979093,0.986155133360126,2.83519600841036,0.01375,0.011,0.01375,0.01375,0,0,0,0
18/07/2009,0.000250948610594135,0.1,10.3306229385318,37.791525589317,327.950066688404,0,7.86447801546012,31.4579120618405,2.36402824443401,0,400,25,20.9719413745603,70.7803021391411,0.9953803134459,2.86171840115696,0.01375,0.011,0.01375,0.01375,0,0,0,0
19/07/2009,3.81323757382474e-06,0.1,10.2925985362894,37.791525589317,329.020694674121,0,7.8644780154601,31.4579120618404,2.36402824443402,0,400,25,20.9719413745603,70.7803021391409,0.995380313445904,2.86171840115697,0.01375,0.011,0.01375,0.01375,0,0,0,0
20/07/2009,9.12615008526924e-08,0.1,10.2568556884352,0,330.077181520497,0,0,0,0,0,400,25,0,0,0,0,0.01375,0.011,0.01375,0.01375,0,0,0,0
21/07/2009,0,0.1,10.2234049756106,0,331.119214485005,0,0,0,0,0,400,25,0,0,0,0,0.01375,0.011,0.01375,0.01375,0,0,0,0
22/07/2009,0,0.1,10.1922562999366,0,332.146485103776,0,0,0,0,0,400,25,0,0,0,0,0.01375,0.011,0.01375,0.01375,0,0,0,0
23/07/2009,0,0.1,10.1634188820821,0,333.158689282906,0,0,0,0,0,400,25,0,0,0,0,0.01375,0.011,0.01375,0.01375,0,0,0,0
24/07/2009,0.000970628001731463,0.1,10.1369012585347,39.0350433599273,334.155527388481,0,8.02122395293201,32.084895811728,2.41334422433108,0,400,25,21.389930541152,72.1910155763881,1.01614493656046,2.92141669261131,0.01375,0.011,0.01375,0.01375,0,0,0,0
25/07/2009,1.15441472811527e-05,0.1,10.1127112790737,39.0350433599269,335.136704335266,0,8.02122395293204,32.0848958117282,2.41334422433107,0,400,25,21.3899305411521,72.1910155763884,1.01614493656045,2.9214166926113,0.01375,0.011,0.01375,0.01375,0,0,0,0
26/07/2009,2.24986146207599e-07,0.1,10.0908561044464,39.0350433599269,336.101929674065,0,8.02122395293202,32.0848958117281,2.41334422433109,0,400,25,21.3899305411521,72.1910155763882,1.01614493656046,2.92141669261132,0.01375,0.011,0.01375,0.01375,0,0,0,0
27/07/2009,0.00671666170663074,0.1,10.0713422042482,33.030740970249,337.050917677694,0,7.58688123123746,30.3475249249498,2.35970801629183,0,400,25,20.2316832832999,68.2819310811372,0.993561270017614,2.85648865130064,0.01375,0.011,0.01375,0.01375,0,0,0,0
28/07/2009,0.00251967101232105,0.1,10.0541753550077,39.4487263628175,337.983387425568,0,8.08057102715866,32.3222841086346,2.43387019263109,0,400,25,21.5481894057564,72.725139244428,1.02478744952888,2.94626391739553,0.01375,0.011,0.01375,0.01375,0,0,0,0
29/07/2009,2.50006654956772e-05,0.1,10.0393606384765,39.4487263628173,338.899062886852,0,8.08057102715862,32.3222841086345,2.43387019263106,0,400,25,21.5481894057563,72.7251392444276,1.02478744952887,2.94626391739549,0.01375,0.011,0.01375,0.01375,0,0,0,0
30/07/2009,4.07440496919411e-07,0.1,10.0269024401251,39.4487263628175,339.797673002179,0,8.08057102715863,32.3222841086345,2.43387019263105,0,400,25,21.5481894057563,72.7251392444277,1.02478744952886,2.94626391739548,0.01375,0.011,0.01375,0.01375,0,0,0,0
31/07/2009,1.47621325397263e-08,0.1,10.0168044478446,0,340.678951763886,0,0,0,0,0,400,25,0,0,0,0,0.01375,0.011,0.01375,0.01375,0,0,0,0
01/08/2009,0,0.1,10.0090696508551,0,341.542638294759,0,0,0,0,0,400,25,0,0,0,0,0.01375,0.011,0.01375,0.01375,0,0,0,0
02/08/2009,0,0.1,10.0037003388204,0,342.388476925256,0,0,0,0,0,400,25,0,0,0,0,0.01375,0.011,0.01375,0.01375,0,0,0,0
03/08/2009,0,0.1,10.000698101171,0,343.216217269194,0,0,0,0,0,400,25,0,0,0,0,0.01375,0.011,0.01375,0.01375,0,0,0,0
04/08/2009,0,0.1,10.0000638266329,0,344.025614297865,0,0,0,0,0,400,25,0,0,0,0,0.01375,0.011,0.01375,0.01375,0,0,0,0
05/08/2009,0,0.1,10.0017977029648,0,344.816428412574,0,0,0,0,0,400,25,0,0,0,0,0.01375,0.011,0.01375,0.01375,0,0,0,0
06/08/2009,0,0.1,10.0058992169025,0,345.588425515561,0,0,0,0,0,400,25,0,0,0,0,0.01375,0.011,0.01375,0.01375,0,0,0,0
07/08/2009,0,0.1,10.0123671543109,0,346.341377079302,0,0,0,0,0,400,25,0,0,0,0,0.01375,0.011,0.01375,0.01375,0,0,0,0
08/08/2009,0,0.1,10.0211996005432,0,347.075060214155,0,0,0,0,0,400,25,0,0,0,0,0.01375,0.011,0.01375,0.01375,0,0,0,0
09/08/2009,0,0.1,10.032393941008,0,347.789257734344,0,0,0,0,0,400,25,0,0,0,0,0.01375,0.011,0.01375,0.01375,0,0,0,0
10/08/2009,0,0.1,10.0459468619428,0,348.483758222246,0,0,0,0,0,400,25,0,0,0,0,0.01375,0.011,0.01375,0.01375,0,0,0,0
11/08/2009,0,0.1,10.0618543513956,0,349.15835609098,0,0,0,0,0,400,25,0,0,0,0,0.01375,0.011,0.01375,0.01375,0,0,0,0
12/08/2009,0.00926201318393098,0.1,10.0801117004118,34.3903823041647,349.812851645262,0,7.77458441312462,31.0983376524985,2.42296491526013,0,400,25,20.7322251016657,69.9712597181216,1.02019575379374,2.933062792157,0.01375,0.011,0.01375,0.01375,0,0,0,0
13/08/2009,0.00285437707347354,0.1,10.1007135044287,39.5630069897691,350.447051140518,0,8.09645269568793,32.3858107827517,2.43924703314675,0,400,25,21.5905405218345,72.8680742611914,1.02705138237758,2.95277272433554,0.01375,0.011,0.01375,0.01375,0,0,0,0
14/08/2009,2.76550784119307e-05,0.1,10.1236536648752,39.5630069897689,351.06076684024,0,8.096452695688,32.385810782752,2.43924703314672,0,400,25,21.5905405218347,72.868074261192,1.02705138237757,2.9527727243355,0.01375,0.011,0.01375,0.01375,0,0,0,0
15/08/2009,4.42581361484058e-07,0.1,10.1489253909769,39.5630069897691,351.653817071558,0,8.09645269568794,32.3858107827518,2.43924703314671,0,400,25,21.5905405218345,72.8680742611915,1.02705138237756,2.95277272433549,0.01375,0.011,0.01375,0.01375,0,0,0,0
16/08/2009,1.57912201849174e-08,0.1,10.1765212017667,0,352.226026279017,0,0,0,0,0,400,25,0,0,0,0,0.01375,0.011,0.01375,0.01375,0,0,0,0
17/08/2009,0,0.1,10.206432928299,0,352.777225076551,0,0,0,0,0,400,25,0,0,0,0,0.01375,0.011,0.01375,0.01375,0,0,0,0
18/08/2009,0,0.1,10.2386517160679,0,353.307250297619,0,0,0,0,0,400,25,0,0,0,0,0.01375,0.011,0.01375,0.01375,0,0,0,0
19/08/2009,0,0.1,10.2731680276286,0,353.815945043506,0,0,0,0,0,400,25,0,0,0,0,0.01375,0.011,0.01375,0.01375,0,0,0,0
20/08/2009,0,0.1,10.3099716454204,0,354.303158729775,0,0,0,0,0,400,25,0,0,0,0,0.01375,0.011,0.01375,0.01375,0,0,0,0
21/08/2009,0,0.1,10.3490516747915,0,354.768747130835,0,0,0,0,0,400,25,0,0,0,0,0.01375,0.011,0.01375,0.01375,0,0,0,0
22/08/2009,0,0.1,10.3903965472238,0,355.212572422639,0,0,0,0,0,400,25,0,0,0,0,0.01375,0.011,0.01375,0.01375,0,0,0,0
23/08/2009,0,0.1,10.4339940237578,0,355.634503223483,0,0,0,0,0,400,25,0,0,0,0,0.01375,0.011,0.01375,0.01375,0,0,0,0
24/08/2009,0,0.1,10.4798311986152,0,356.034414632895,0,0,0,0,0,400,25,0,0,0,0,0.01375,0.011,0.01375,0.01375,0,0,0,0
25/08/2009,0,0.1,10.5278945030197,0,356.412188268613,0,0,0,0,0,400,25,0,0,0,0,0.01375,0.011,0.01375,0.01375,0,0,0,0
26/08/2009,0.000128405320280188,0.1,10.5781697092131,39.1721614663425,356.767712301624,0,8.0385077478583,32.1540309914332,2.41878211507886,0,400,25,21.4360206609555,72.3465697307247,1.01843457477005,2.92799940246388,0.01375,0.011,0.01375,0.01375,0,0,0,0
27/08/2009,2.21043465258584e-06,0.1,10.6306419346675,39.1721614663423,357.10088148927,0,8.03850774785831,32.1540309914332,2.41878211507887,0,400,25,21.4360206609555,72.3465697307248,1.01843457477005,2.92799940246389,0.01375,0.011,0.01375,0.01375,0,0,0,0
28/08/2009,5.85305352105806e-08,0.1,10.6852956464909,0,357.4115972064,0,0,0,0,0,400,25,0,0,0,0,0.01375,0.011,0.01375,0.01375,0,0,0,0
29/08/2009,0,0.1,10.7421146660246,0,357.69976747457,0,0,0,0,0,400,25,0,0,0,0,0.01375,0.011,0.01375,0.01375,0,0,0,0
30/08/2009,0,0.1,10.8010821736331,0,357.965306989265,0,0,0,0,0,400,25,0,0,0,0,0.01375,0.011,0.01375,0.01375,0,0,0,0
31/08/2009,0,0.1,10.862180713683,0,358.208137145153,0,0,0,0,0,400,25,0,0,0,0,0.01375,0.011,0.01375,0.01375,0,0,0,0
01/09/2009,0,0.1,10.9253921997097,0,358.428186059355,0,0,0,0,0,400,25,0,0,0,0,0.01375,0.011,0.01375,0.01375,0,0,0,0
02/09/2009,0,0.1,10.9906979197721,0,358.625388592724,0,0,0,0,0,400,25,0,0,0,0,0.01375,0.011,0.01375,0.01375,0,0,0,0
03/09/2009,0,0.1,11.0580785419912,0,358.799686369124,0,0,0,0,0,400,25,0,0,0,0,0.01375,0.011,0.01375,0.01375,0,0,0,0
04/09/2009,0.000512960091434185,0.1,11.1275141202729,35.8999548846664,358.951027792715,0,7.88787587360813,31.5515034944325,2.43879016730412,0,400,25,21.034335662955,70.9908828624732,1.02685901781226,2.95221967621025,0.01375,0.011,0.01375,0.01375,0,0,0,0
05/09/2009,0.00251948829124279,0.1,11.1989841002127,39.7407262284885,359.079368063225,0,8.11089608390022,32.4435843356009,2.44174267094111,0,400,25,21.6290562237339,72.998064755102,1.02810217723836,2.9557937595603,0.01375,0.011,0.01375,0.01375,0,0,0,0
06/09/2009,2.51391792749924e-05,0.1,11.2724673251798,39.7407262284883,359.184669189209,0,8.11089608390016,32.4435843356006,2.44174267094111,0,400,25,21.6290562237338,72.9980647551015,1.02810217723836,2.95579375956029,0.01375,0.011,0.01375,0.01375,0,0,0,0
07/09/2009,4.09290395706335e-07,0.1,11.3479420425803,39.7407262284882,359.2668999993,0,8.11089608390013,32.4435843356005,2.4417426709411,0,400,25,21.6290562237337,72.9980647551012,1.02810217723836,2.95579375956028,0.01375,0.011,0.01375,0.01375,0,0,0,0
08/09/2009,0.00939058170418048,0.1,11.4253859102962,35.9047096231318,359.326036151433,0,7.98147923139142,31.9259169255657,2.49218103301944,0,400,25,21.2839446170438,71.8333130825228,1.04933938232398,3.01685072418143,0.01375,0.011,0.01375,0.01375,0,0,0,0
09/09/2009,0.00356126550881683,0.1,11.5047760032994,39.7278971901224,359.362060140052,0,8.11592828307326,32.463713132293,2.44503757960669,0,400,25,21.6424754215287,73.0433545476593,1.02948950720282,2.9597823332081,0.01375,0.011,0.01375,0.01375,0,0,0,0
10/09/2009,3.31771194380681e-05,0.1,11.5860888204375,39.7278971901226,359.374961301293,0,8.11592828307326,32.463713132293,2.44503757960669,0,400,25,21.6424754215287,73.0433545476593,1.02948950720282,2.95978233320809,0.01375,0.011,0.01375,0.01375,0,0,0,0
11/09/2009,5.13813642849155e-07,0.1,11.6693002913912,39.7278971901224,359.364735816136,0,8.11592828307331,32.4637131322932,2.4450375796067,0,400,25,21.6424754215288,73.0433545476598,1.02948950720282,2.95978233320811,0.01375,0.011,0.01375,0.01375,0,0,0,0
12/09/2009,1.78324080250148e-08,0.1,11.7543857837993,0,359.331386711544,0,0,0,0,0,400,25,0,0,0,0,0.01375,0.011,0.01375,0.01375,0,0,0,0
13/09/2009,0,0.1,11.8413201105505,0,359.274923859559,0,0,0,0,0,400,25,0,0,0,0,0.01375,0.011,0.01375,0.01375,0,0,0,0
14/09/2009,0,0.1,11.9300775372393,0,359.195363974383,0,0,0,0,0,400,25,0,0,0,0,0.01375,0.011,0.01375,0.01375,0,0,0,0
15/09/2009,0,0.1,12.0206317897838,0,359.09273060743,0,0,0,0,0,400,25,0,0,0,0,0.01375,0.011,0.01375,0.01375,0,0,0,0
16/09/2009,0,0.1,12.1129560622039,0,358.967054140356,0,0,0,0,0,400,25,0,0,0,0,0.01375,0.011,0.01375,0.01375,0,0,0,0
17/09/2009,0,0.1,12.2070230245555,0,358.818371776061,0,0,0,0,0,400,25,0,0,0,0,0.01375,0.011,0.01375,0.01375,0,0,0,0
18/09/2009,0,0.1,12.3028048310218,0,358.646727527679,0,0,0,0,0,400,25,0,0,0,0,0.01375,0.011,0.01375,0.01375,0,0,0,0
19/09/2009,0,0.1,12.4002731281556,0,358.452172205552,0,0,0,0,0,400,25,0,0,0,0,0.01375,0.011,0.01375,0.01375,0,0,0,0
20/09/2009,0,0.1,12.4993990632724,0,358.234763402183,0,0,0,0,0,400,25,0,0,0,0,0.01375,0.011,0.01375,0.01375,0,0,0,0
21/09/2009,0,0.1,12.600153292992,0,357.994565475191,0,0,0,0,0,400,25,0,0,0,0,0.01375,0.011,0.01375,0.01375,0,0,0,0
22/09/2009,0,0.1,12.7025059919243,0,357.73164952826,0,0,0,0,0,400,25,0,0,0,0,0.01375,0.011,0.01375,0.01375,0,0,0,0
23/09/2009,0.0205538365255027,0.1,12.8064268614986,37.7770844210655,357.446093390089,0,8.23779218981868,32.9511687592747,2.57804859308751,0,400,25,21.9674458395165,74.1401297083681,1.0854941444579,3.12079566531646,0.01375,0.011,0.01375,0.01375,0,0,0,0
24/09/2009,0.00660449334607927,0.1,12.9118851389321,39.8618850797542,357.137981591355,0,8.13340591355104,32.5336236542041,2.45068792133091,0,400,25,21.6890824361361,73.2006532219593,1.03186859845512,2.96662222055847,0.01375,0.011,0.01375,0.01375,0,0,0,0
25/09/2009,5.49253650383216e-05,0.1,13.0188496063369,39.8618850797538,356.807405339689,0,8.13340591355102,32.5336236542041,2.45068792133094,0,400,25,21.6890824361361,73.2006532219592,1.03186859845513,2.96662222055851,0.01375,0.011,0.01375,0.01375,0,0,0,0
26/09/2009,7.76642726930807e-07,0.1,13.1272885999607,39.8618850797536,356.454462492675,0,8.13340591355104,32.5336236542041,2.45068792133094,0,400,25,21.6890824361361,73.2006532219593,1.03186859845513,2.96662222055851,0.01375,0.011,0.01375,0.01375,0,0,0,0
27/09/2009,2.49664508178765e-08,0.1,13.2371700195604,0,356.079257528887,0,0,0,0,0,400,25,0,0,0,0,0.01375,0.011,0.01375,0.01375,0,0,0,0
28/09/2009,0,0.1,13.3484613379039,0,355.681901516956,0,0,0,0,0,400,25,0,0,0,0,0.01375,0.011,0.01375,0.01375,0,0,0,0
29/09/2009,0,0.1,13.4611296103994,0,355.262512082693,0,0,0,0,0,400,25,0,0,0,0,0.01375,0.011,0.01375,0.01375,0,0,0,0
30/09/2009,0,0.1,13.5751414848473,0,354.82121337427,0,0,0,0,0,400,25,0,0,0,0,0.01375,0.011,0.01375,0.01375,0,0,0,0
01/10/2009,0,0.1,13.6904632113135,0,354.35813602547,0,0,0,0,0,400,25,0,0,0,0,0.01375,0.011,0.01375,0.01375,0,0,0,0
02/10/2009,0,0.1,13.8070606521197,0,353.873417117015,0,0,0,0,0,400,25,0,0,0,0,0.01375,0.011,0.01375,0.01375,0,0,0,0
03/10/2009,0.0168941399158906,0.1,13.9248992919492,35.990243332901,353.367200135988,0,7.9972047662449,31.9888190649796,2.49840133308923,0,400,25,21.3258793766531,71.9748428962042,1.05195845603757,3.02438056110801,0.01375,0.011,0.01375,0.01375,0,0,0,0
04/10/2009,0.0403143515509444,0.1,14.0439442480639,35.7497954219896,352.839634933357,0,7.77117841675028,31.0847136670011,2.41737560979202,0,400,25,20.7231424446674,69.9406057507525,1.01784236201769,2.92629679080087,0.01375,0.011,0.01375,0.01375,0,0,0,0
05/10/2009,0.0335241141682994,0.1,14.1641602806307,34.2306831777107,352.290877679617,0,7.47243517878113,29.8897407151245,2.30277112892154,0,400,25,19.926493810083,67.2519166090302,0.96958784375644,2.78756505079977,0.01375,0.011,0.01375,0.01375,0,0,0,0
06/10/2009,0.0476542816392548,0.1,14.2855118031529,38.4881478394518,351.721090818561,0,8.32129739411175,33.285189576447,2.60295266091674,0,400,25,22.190126384298,74.8916765470058,1.09598006775442,3.15094269479395,0.01375,0.011,0.01375,0.01375,0,0,0,0
07/10/2009,0.0357756813598217,0.1,14.4079628930047,38.631622553376,351.13044301919,0,8.26000532478797,33.0400212991519,2.56302918084527,0,400,25,22.0266808661013,74.3400479230917,1.07917018140854,3.10261427154954,0.01375,0.011,0.01375,0.01375,0,0,0,0
08/10/2009,0.00509050494815543,0.1,14.5314773020651,39.8347756019456,350.519109125787,0,8.13451672953003,32.5380669181201,2.4522030689466,0,400,25,21.6920446120801,73.2106505657703,1.03250655534594,2.96845634661957,0.01375,0.011,0.01375,0.01375,0,0,0,0
09/10/2009,4.4129925609193e-05,0.1,14.6560184674478,39.8347756019461,349.887270106158,0,8.13451672953,32.53806691812,2.45220306894658,0,400,25,21.69204461208,73.21065056577,1.03250655534593,2.96845634661955,0.01375,0.011,0.01375,0.01375,0,0,0,0
10/10/2009,6.49152075061085e-07,0.1,14.7815495223251,39.8347756019461,349.235112998059,0,8.13451672953,32.53806691812,2.45220306894659,0,400,25,21.69204461208,73.21065056577,1.03250655534593,2.96845634661955,0.01375,0.011,0.01375,0.01375,0,0,0,0
11/10/2009,2.15735774775556e-08,0.1,14.908033306841,0,348.562830853834,0,0,0,0,0,400,25,0,0,0,0,0.01375,0.011,0.01375,0.01375,0,0,0,0
12/10/2009,2.50972725112385e-24,0.1,15.0354323791111,0,347.870622683264,0,0,0,0,0,400,25,0,0,0,0,0.01375,0.011,0.01375,0.01375,0,0,0,0
13/10/2009,0,0.1,15.1637090263067,0,347.158693394657,0,0,0,0,0,400,25,0,0,0,0,0.01375,0.011,0.01375,0.01375,0,0,0,0
14/10/2009,0,0.1,15.292825275818,0,346.427253734189,0,0,0,0,0,400,25,0,0,0,0,0.01375,0.011,0.01375,0.01375,0,0,0,0
15/10/2009,0,0.1,15.4227429064953,0,345.676520223521,0,0,0,0,0,400,25,0,0,0,0,0.01375,0.011,0.01375,0.01375,0,0,0,0
16/10/2009,0,0.1,15.553423459963,0,344.906715095704,0,0,0,0,0,400,25,0,0,0,0,0.01375,0.011,0.01375,0.01375,0,0,0,0
17/10/2009,0,0.1,15.6848282520041,0,344.11806622939,0,0,0,0,0,400,25,0,0,0,0,0.01375,0.011,0.01375,0.01375,0,0,0,0
18/10/2009,0,0.1,15.8169183840117,0,343.310807081381,0,0,0,0,0,400,25,0,0,0,0,0.01375,0.011,0.01375,0.01375,0,0,0,0
19/10/2009,0,0.1,15.9496547545038,0,342.485176617513,0,0,0,0,0,400,25,0,0,0,0,0.01375,0.011,0.01375,0.01375,0,0,0,0
20/10/2009,0,0.1,16.0829980706979,0,341.641419241926,0,0,0,0,0,400,25,0,0,0,0,0.01375,0.011,0.01375,0.01375,0,0,0,0
21/10/2009,0,0.1,16.2169088601428,0,340.779784724706,0,0,0,0,0,400,25,0,0,0,0,0.01375,0.011,0.01375,0.01375,0,0,0,0
22/10/2009,0,0.1,16.3513474824032,0,339.900528127956,0,0,0,0,0,400,25,0,0,0,0,0.01375,0.011,0.01375,0.01375,0,0,0,0
23/10/2009,0,0.1,16.486274140794,0,339.003909730285,0,0,0,0,0,400,25,0,0,0,0,0.01375,0.011,0.01375,0.01375,0,0,0,0
24/10/2009,0,0.1,16.6216488941613,0,338.090194949768,0,0,0,0,0,400,25,0,0,0,0,0.01375,0.011,0.01375,0.01375,0,0,0,0
25/10/2009,0,0.1,16.7574316687051,0,337.159654265367,0,0,0,0,0,400,25,0,0,0,0,0.01375,0.011,0.01375,0.01375,0,0,0,0
26/10/2009,0.0243641527775562,0.1,16.893582269843,37.2870296165354,336.212563136873,0,8.17624513292349,32.7049805316939,2.55874223838567,0,400,25,21.8033203544626,73.5862061963114,1.07736515300449,3.09742481488791,0.01375,0.011,0.01375,0.01375,0,0,0,0
27/10/2009,0.018716775689453,0.1,17.0300603941077,37.0601340851955,335.249201923357,0,8.03647773532415,32.1459109412966,2.48615154032677,0,400,25,21.4306072941977,72.3282996179173,1.04680064855864,3.00955186460609,0.01375,0.011,0.01375,0.01375,0,0,0,0
28/10/2009,0.00105064978827469,0.1,17.1668256410784,39.363441158696,334.269855800181,0,8.09508510059611,32.3803404023845,2.44494018566605,0,400,25,21.5868936015896,72.855765905365,1.02944849922781,2.95966443527995,0.01375,0.011,0.01375,0.01375,0,0,0,0
29/10/2009,6.63431668697572e-05,0.1,17.3038375253397,39.2471793548513,333.27481467458,0,8.0537817444554,32.2151269778216,2.42508533129765,0,400,25,21.4767513185477,72.4840357000986,1.02108856054638,2.93562961157084,0.01375,0.011,0.01375,0.01375,0,0,0,0
30/10/2009,0.000917283123572156,0.1,17.4410554884664,39.7449708659789,332.264373099842,0,8.11071849354933,32.4428739741973,2.44150335239804,0,400,25,21.6285826494649,72.996466441944,1.02800141153602,2.95550405816605,0.01375,0.011,0.01375,0.01375,0,0,0,0
31/10/2009,1.10189684162781e-05,0.1,17.5784389110296,39.744970865979,331.238830188116,0,8.1107184935494,32.4428739741976,2.44150335239803,0,400,25,21.6285826494651,72.9964664419446,1.02800141153601,2.95550405816603,0.01375,0.011,0.01375,0.01375,0,0,0,0
01/11/2009,2.16612843824787e-07,0.1,17.7159471246209,39.7449708659791,330.198489521866,0,8.11071849354944,32.4428739741978,2.44150335239801,0,400,25,21.6285826494652,72.9964664419449,1.02800141153601,2.95550405816602,0.01375,0.011,0.01375,0.01375,0,0,0,0
02/11/2009,0,0.1,17.853539423891,0,329.143659064006,0,0,0,0,0,400,25,0,0,0,0,0.01375,0.011,0.01375,0.01375,0,0,0,0
03/11/2009,0,0.1,17.9911750785997,0,328.074651066735,0,0,0,0,0,400,25,0,0,0,0,0.01375,0.011,0.01375,0.01375,0,0,0,0
04/11/2009,0,0.1,18.1288133456723,0,326.991781979106,0,0,0,0,0,400,25,0,0,0,0,0.01375,0.011,0.01375,0.01375,0,0,0,0
05/11/2009,0,0.1,18.2664134812612,0,325.895372353347,0,0,0,0,0,400,25,0,0,0,0,0.01375,0.011,0.01375,0.01375,0,0,0,0
06/11/2009,0.0234363412004111,0.1,18.4039347528061,37.6766999375008,324.785746749974,0,8.2187354512624,32.8749418050496,2.570404576425,0,400,25,21.9166278700331,73.9686190613616,1.08227561112632,3.11154238198816,0.01375,0.011,0.01375,0.01375,0,0,0,0
07/11/2009,0.00851299823346749,0.1,18.5413364510926,38.8124278511349,323.663233641712,0,8.12777274722464,32.5110909888986,2.48151810488725,0,400,25,21.6740606592657,73.1499547250218,1.04484972837358,3.00394296907404,0.01375,0.011,0.01375,0.01375,0,0,0,0
08/11/2009,0.00175647044903144,0.1,18.678577902302,39.7636210331866,322.528165316262,0,8.11826112939893,32.4730445175957,2.44521290729027,0,400,25,21.6486963450638,73.0643501645904,1.02956332938538,2.95999457198296,0.01375,0.011,0.01375,0.01375,0,0,0,0
09/11/2009,1.85331777125118e-05,0.1,18.8156184800527,39.7636210331869,321.380877777935,0,8.11826112939889,32.4730445175956,2.44521290729026,0,400,25,21.6486963450637,73.06435016459,1.02956332938537,2.95999457198294,0.01375,0.011,0.01375,0.01375,0,0,0,0
10/11/2009,3.1875765148898e-07,0.1,18.9524176174254,39.7636210331869,320.221710648189,0,8.11826112939889,32.4730445175956,2.44521290729025,0,400,25,21.6486963450637,73.06435016459,1.02956332938537,2.95999457198294,0.01375,0.011,0.01375,0.01375,0,0,0,0
11/11/2009,1.20868531965626e-08,0.1,19.0889348189725,0,319.05100706509,0,0,0,0,0,400,25,0,0,0,0,0.01375,0.011,0.01375,0.01375,0,0,0,0
12/11/2009,0,0.1,19.2251296727055,0,317.869113581744,0,0,0,0,0,400,25,0,0,0,0,0.01375,0.011,0.01375,0.01375,0,0,0,0
13/11/2009,0,0.1,19.3609618620575,0,316.676380063702,0,0,0,0,0,400,25,0,0,0,0,0.01375,0.011,0.01375,0.01375,0,0,0,0
14/11/2009,0,0.1,19.496391177818,0,315.473159585395,0,0,0,0,0,400,25,0,0,0,0,0.01375,0.011,0.01375,0.01375,0,0,0,0
15/11/2009,0,0.1,19.6313775300357,0,314.259808325618,0,0,0,0,0,400,25,0,0,0,0,0.01375,0.011,0.01375,0.01375,0,0,0,0
16/11/2009,0,0.1,19.7658809598859,0,313.036685462092,0,0,0,0,0,400,25,0,0,0,0,0.01375,0.011,0.01375,0.01375,0,0,0,0
17/11/2009,0,0.1,19.899861651499,0,311.80415306514,0,0,0,0,0,400,25,0,0,0,0,0.01375,0.011,0.01375,0.01375,0,0,0,0
18/11/2009,0,0.1,20.0332799437473,0,310.562575990505,0,0,0,0,0,400,25,0,0,0,0,0.01375,0.011,0.01375,0.01375,0,0,0,0
19/11/2009,0,0.1,20.166096341985,0,309.31232177135,0,0,0,0,0,400,25,0,0,0,0,0.01375,0.011,0.01375,0.01375,0,0,0,0
20/11/2009,0,0.1,20.2982715297398,0,308.053760509454,0,0,0,0,0,400,25,0,0,0,0,0.01375,0.011,0.01375,0.01375,0,0,0,0
21/11/2009,0,0.1,20.4297663803513,0,306.787264765657,0,0,0,0,0,400,25,0,0,0,0,0.01375,0.011,0.01375,0.01375,0,0,0,0
22/11/2009,0,0.1,20.5605419685534,0,305.513209449576,0,0,0,0,0,400,25,0,0,0,0,0.01375,0.011,0.01375,0.01375,0,0,0,0
23/11/2009,0,0.1,20.6905595819968,0,304.231971708621,0,0,0,0,0,400,25,0,0,0,0,0.01375,0.011,0.01375,0.01375,0,0,0,0
24/11/2009,0.0104718633635536,0.1,20.8197807327088,36.0170590016231,302.94393081635,0,7.97985005898298,31.9194002359319,2.48760358416252,0,400,25,21.2796001572879,71.8186505308468,1.04741203543685,3.01130960188094,0.01375,0.011,0.01375,0.01375,0,0,0,0
25/11/2009,0.00149006248035905,0.1,20.9481671684868,39.6459200172743,301.649468060202,0,8.11658859011178,32.4663543604471,2.44807528400438,0,400,25,21.6442362402981,73.049297311006,1.03076854063342,2.96345955432109,0.01375,0.011,0.01375,0.01375,0,0,0,0
26/11/2009,1.61308445105865e-05,0.1,21.0756808842214,39.6459200172743,300.348966628621,0,8.11658859011173,32.4663543604469,2.44807528400438,0,400,25,21.6442362402979,73.0492973110056,1.03076854063342,2.96345955432109,0.01375,0.011,0.01375,0.01375,0,0,0,0
27/11/2009,2.95468057970671e-07,0.1,21.2022841331467,39.6459200172743,299.042811497628,0,8.11658859011171,32.4663543604468,2.44807528400438,0,400,25,21.6442362402979,73.0492973110054,1.03076854063342,2.96345955432109,0.01375,0.011,0.01375,0.01375,0,0,0,0
28/11/2009,0,0.1,21.3279394380145,0,297.73138931686,0,0,0,0,0,400,25,0,0,0,0,0.01375,0.011,0.01375,0.01375,0,0,0,0
29/11/2009,0,0.1,21.4526096021881,0,296.41508829511,0,0,0,0,0,400,25,0,0,0,0,0.01375,0.011,0.01375,0.01375,0,0,0,0
30/11/2009,0,0.1,21.5762577206533,0,295.094298085414,0,0,0,0,0,400,25,0,0,0,0,0.01375,0.011,0.01375,0.01375,0,0,0,0
01/12/2009,0.0110904452389667,0.1,21.6988471909432,38.2501187809142,293.769409669701,0,8.2986641277324,33.1946565109296,2.5975210269831,0,400,25,22.1297710072864,74.6879771495916,1.09369306399288,3.14436755897954,0.01375,0.011,0.01375,0.01375,0,0,0,0
02/12/2009,0.00637788791729891,0.1,21.8203417239731,39.9249931580206,292.440815243058,0,8.13840542974758,32.5536217189903,2.45150014020067,0,400,25,21.7024144793269,73.2456488677283,1.03221058534765,2.9676054328745,0.01375,0.011,0.01375,0.01375,0,0,0,0
03/12/2009,5.35027552117772e-05,0.1,21.9407053547832,39.9249931580212,291.108908097629,0,8.13840542974757,32.5536217189903,2.45150014020069,0,400,25,21.7024144793269,73.2456488677281,1.03221058534766,2.96760543287452,0.01375,0.011,0.01375,0.01375,0,0,0,0
04/12/2009,7.60122528294086e-07,0.1,22.0599024531845,39.9249931580213,289.774082506192,0,8.13840542974753,32.5536217189901,2.45150014020068,0,400,25,21.7024144793267,73.2456488677277,1.03221058534766,2.96760543287451,0.01375,0.011,0.01375,0.01375,0,0,0,0
05/12/2009,2.45329965457769e-08,0.1,22.1778977343065,0,288.436733605447,0,0,0,0,0,400,25,0,0,0,0,0.01375,0.011,0.01375,0.01375,0,0,0,0
06/12/2009,0,0.1,22.294656269042,0,287.097257279049,0,0,0,0,0,400,25,0,0,0,0,0.01375,0.011,0.01375,0.01375,0,0,0,0
07/12/2009,0,0.1,22.4101434943871,0,285.756050040415,0,0,0,0,0,400,25,0,0,0,0,0.01375,0.011,0.01375,0.01375,0,0,0,0
08/12/2009,0,0.1,22.5243252236724,0,284.413508915348,0,0,0,0,0,400,25,0,0,0,0,0.01375,0.011,0.01375,0.01375,0,0,0,0
09/12/2009,0,0.1,22.637167656683,0,283.070031324511,0,0,0,0,0,400,25,0,0,0,0,0.01375,0.011,0.01375,0.01375,0,0,0,0
10/12/2009,0,0.1,22.7486373896641,0,281.726014965779,0,0,0,0,0,400,25,0,0,0,0,0.01375,0.011,0.01375,0.01375,0,0,0,0
11/12/2009,0,0.1,22.8587014252095,0,280.381857696517,0,0,0,0,0,400,25,0,0,0,0,0.01375,0.011,0.01375,0.01375,0,0,0,0
12/12/2009,0,0.1,22.9673271820289,0,279.037957415799,0,0,0,0,0,400,25,0,0,0,0,0.01375,0.011,0.01375,0.01375,0,0,0,0
13/12/2009,0,0.1,23.0744825045931,0,277.694711946626,0,0,0,0,0,400,25,0,0,0,0,0.01375,0.011,0.01375,0.01375,0,0,0,0
14/12/2009,0,0.1,23.180135672653,0,276.352518918163,0,0,0,0,0,400,25,0,0,0,0,0.01375,0.011,0.01375,0.01375,0,0,0,0
15/12/2009,0,0.1,23.2842554106286,0,275.011775648026,0,0,0,0,0,400,25,0,0,0,0,0.01375,0.011,0.01375,0.01375,0,0,0,0
16/12/2009,0,0.1,23.3868108968681,0,273.672879024676,0,0,0,0,0,400,25,0,0,0,0,0.01375,0.011,0.01375,0.01375,0,0,0,0
17/12/2009,0,0.1,23.4877717727713,0,272.336225389925,0,0,0,0,0,400,25,0,0,0,0,0.01375,0.011,0.01375,0.01375,0,0,0,0
18/12/2009,0,0.1,23.5871081517765,0,271.002210421614,0,0,0,0,0,400,25,0,0,0,0,0.01375,0.011,0.01375,0.01375,0,0,0,0
19/12/2009,0.000995721399779525,0.1,23.6847906282074,39.8776409912863,269.671229016481,0,8.12743373839744,32.5097349535897,2.44676033532805,0,400,25,21.6731566357265,73.1469036455769,1.03021487803287,2.96186777434449,0.01375,0.011,0.01375,0.01375,0,0,0,0
20/12/2009,0.00158076965691662,0.1,23.7807902859783,39.8581968574854,268.343675173266,0,8.12498279716203,32.4999311886481,2.44598921123614,0,400,25,21.6666207924321,73.1248451744583,1.02989019420469,2.96093430833849,0.01375,0.011,0.01375,0.01375,0,0,0,0
21/12/2009,1.71568893798672e-05,0.1,23.8750787071532,39.8581968574852,267.019941876079,0,8.12498279716208,32.4999311886483,2.44598921123614,0,400,25,21.6666207924322,73.1248451744587,1.02989019420469,2.96093430833848,0.01375,0.011,0.01375,0.01375,0,0,0,0
22/12/2009,2.99209684800509e-07,0.1,23.9676279803587,39.8581968574854,265.700420978066,0,8.12498279716207,32.4999311886483,2.44598921123613,0,400,25,21.6666207924322,73.1248451744586,1.02989019420469,2.96093430833848,0.01375,0.011,0.01375,0.01375,0,0,0,0
23/12/2009,1.14795509093994e-08,0.1,24.0584107090458,0,264.385503085413,0,0,0,0,0,400,25,0,0,0,0,0.01375,0.011,0.01375,0.01375,0,0,0,0
24/12/2009,0,0.1,24.1474000196006,0,263.07557744172,0,0,0,0,0,400,25,0,0,0,0,0.01375,0.011,0.01375,0.01375,0,0,0,0
25/12/2009,0,0.1,24.2345695692986,0,261.771031812774,0,0,0,0,0,400,25,0,0,0,0,0.01375,0.011,0.01375,0.01375,0,0,0,0
26/12/2009,0.0335655188031123,0.1,24.3198935541034,37.3363966219198,260.472252371766,0,8.08892180987593,32.3556872395037,2.53624327075907,0,400,25,21.5704581596691,72.8002962888834,1.0678919034775,3.07018922249782,0.01375,0.011,0.01375,0.01375,0,0,0,0
27/12/2009,0.0216377725863431,0.1,24.4033467163048,38.0645199649057,259.17962358497,0,8.17688294621676,32.7075317848671,2.53416018024208,0,400,25,21.8050211899114,73.5919465159509,1.06701481273351,3.06766758660884,0.01375,0.011,0.01375,0.01375,0,0,0,0
28/12/2009,0.115101835536036,0.1,24.484904351996,38.9393469116748,257.893528097937,0,8.24686780565831,32.9874712226332,2.60221775806509,0,400,25,21.9916474817555,74.2218102509248,1.09567063497477,3.15005307555247,0.01375,0.011,0.01375,0.01375,0,0,0,0
29/12/2009,0.0342324543897062,0.1,24.5645423183859,39.4168038549742,256.614346622224,0,8.26546721815941,33.0618688726376,2.54161989318886,0,400,25,22.0412459150918,74.3892049634347,1.07015574450057,3.07669776543914,0.01375,0.011,0.01375,0.01375,0,0,0,0
30/12/2009,0.00313591826528501,0.1,24.6422370409468,39.8923212126323,255.342457822691,0,8.14248161007082,32.5699264402833,2.45495563571953,0,400,25,21.7132842935222,73.2823344906374,1.03366553082927,2.97178840113416,0.01375,0.011,0.01375,0.01375,0,0,0,0
31/12/2009,2.95061484533356e-05,0.1,24.7179655203918,39.8923212126325,254.078238205414,0,8.14248161007082,32.5699264402833,2.45495563571953,0,400,25,21.7132842935222,73.2823344906374,1.03366553082928,2.97178840113417,0.01375,0.011,0.01375,0.01375,0,0,0,0
01/01/2010,4.66724062920655e-07,0.1,24.8051371179797,39.8923212126323,252.59041410873,0,8.14248161007088,32.5699264402835,2.45495563571952,0,400,25,21.7132842935223,73.2823344906379,1.03366553082927,2.97178840113415,0.01375,0.011,0.01375,0.01375,0,0,0,0
02/01/2010,1.64894214856872e-08,0.1,24.8764918925008,0,251.344251726306,0,0,0,0,0,400,25,0,0,0,0,0.01375,0.011,0.01375,0.01375,0,0,0,0
03/01/2010,0.000907612931128416,0.1,24.9458110794992,36.400943599641,250.106942079986,0,7.95580600494252,31.8232240197701,2.46139313359167,0,400,25,21.2154826798467,71.6022540444827,1.03637605624912,2.97958116171623,0.01375,0.011,0.01375,0.01375,0,0,0,0
04/01/2010,0.00812214901690796,0.1,25.0130741590243,37.7583571994182,248.878851439682,0,8.10345693846462,32.4138277538585,2.50181070892932,0,400,25,21.6092185025723,72.9311124461816,1.05339398270708,3.02850770028286,0.01375,0.011,0.01375,0.01375,0,0,0,0
05/01/2010,0.00185896261495851,0.1,25.0782612197774,39.8328102490392,247.660343346284,0,8.13036650573701,32.521466022948,2.44989266414474,0,400,25,21.680977348632,73.1732985516331,1.0315337533241,2.9656595408068,0.01375,0.011,0.01375,0.01375,0,0,0,0
06/01/2010,1.94303513269664e-05,0.1,25.1413529650052,39.8328102490395,246.451778504046,0,8.13036650573695,32.5214660229478,2.44989266414478,0,400,25,21.6809773486319,73.1732985516326,1.03153375332412,2.96565954080684,0.01375,0.011,0.01375,0.01375,0,0,0,0
07/01/2010,3.31358620547979e-07,0.1,25.2023307182122,39.8328102490397,245.253514673805,0,8.13036650573696,32.5214660229478,2.44989266414479,0,400,25,21.6809773486319,73.1732985516327,1.03153375332412,2.96565954080685,0.01375,0.011,0.01375,0.01375,0,0,0,0
08/01/2010,1.24746580577818e-08,0.1,25.2611764286895,0,244.065906567085,0,0,0,0,0,400,25,0,0,0,0,0.01375,0.011,0.01375,0.01375,0,0,0,0
09/01/2010,0,0.1,25.317872676858,0,242.889305741087,0,0,0,0,0,400,25,0,0,0,0,0.01375,0.011,0.01375,0.01375,0,0,0,0
10/01/2010,0,0.1,25.3724026794253,0,241.724060494622,0,0,0,0,0,400,25,0,0,0,0,0.01375,0.011,0.01375,0.01375,0,0,0,0
11/01/2010,0,0.1,25.4247502943533,0,240.570515765012,0,0,0,0,0,400,25,0,0,0,0,0.01375,0.011,0.01375,0.01375,0,0,0,0
12/01/2010,0,0.1,25.4749000256372,0,239.429013025974,0,0,0,0,0,400,25,0,0,0,0,0.01375,0.011,0.01375,0.01375,0,0,0,0
13/01/2010,0,0.1,25.5228370278924,0,238.299890186543,0,0,0,0,0,400,25,0,0,0,0,0.01375,0.011,0.01375,0.01375,0,0,0,0
14/01/2010,0.0190754852920331,0.1,25.5685471107489,37.8838538630303,237.18348149104,0,8.25637077357204,33.0254830942881,2.58521190666989,0,400,25,22.0169887295254,74.3073369621483,1.08851027649259,3.12946704491618,0.01375,0.011,0.01375,0.01375,0,0,0,0
15/01/2010,0.00544593687567373,0.1,25.6120167430522,39.9072780004376,236.08011742013,0,8.14037284212215,32.5614913684886,2.45320040290501,0,400,25,21.7076609123257,73.2633555790994,1.03292648543369,2.96966364562185,0.01375,0.011,0.01375,0.01375,0,0,0,0
16/01/2010,4.68833410834461e-05,0.1,25.6532330568687,39.9072780004376,234.990124592991,0,8.14037284212218,32.5614913684887,2.45320040290499,0,400,25,21.7076609123258,73.2633555790996,1.03292648543368,2.96966364562183,0.01375,0.011,0.01375,0.01375,0,0,0,0
17/01/2010,6.82159525565952e-07,0.1,25.6921838512949,39.9072780004376,233.91382567063,0,8.14037284212222,32.5614913684889,2.453200402905,0,400,25,21.7076609123259,73.2633555791,1.03292648543368,2.96966364562184,0.01375,0.011,0.01375,0.01375,0,0,0,0
18/01/2010,2.24629933888613e-08,0.1,25.7288575960691,0,232.851539260369,0,0,0,0,0,400,25,0,0,0,0,0.01375,0.011,0.01375,0.01375,0,0,0,0
19/01/2010,0,0.1,25.7632434349846,0,231.803579821526,0,0,0,0,0,400,25,0,0,0,0,0.01375,0.011,0.01375,0.01375,0,0,0,0
20/01/2010,0,0.1,25.7953311891033,0,230.770257572335,0,0,0,0,0,400,25,0,0,0,0,0.01375,0.011,0.01375,0.01375,0,0,0,0
21/01/2010,0,0.1,25.8251113597692,0,229.751878398107,0,0,0,0,0,400,25,0,0,0,0,0.01375,0.011,0.01375,0.01375,0,0,0,0
22/01/2010,0,0.1,25.8525751314198,0,228.74874376069,0,0,0,0,0,400,25,0,0,0,0,0.01375,0.011,0.01375,0.01375,0,0,0,0
23/01/2010,0,0.1,25.8777143741959,0,227.761150609223,0,0,0,0,0,400,25,0,0,0,0,0.01375,0.011,0.01375,0.01375,0,0,0,0
24/01/2010,0,0.1,25.9005216463481,0,226.789391292236,0,0,0,0,0,400,25,0,0,0,0,0.01375,0.011,0.01375,0.01375,0,0,0,0
25/01/2010,0,0.1,25.9209901964399,0,225.833753471109,0,0,0,0,0,400,25,0,0,0,0,0.01375,0.011,0.01375,0.01375,0,0,0,0
26/01/2010,0,0.1,25.9391139653462,0,224.894520034914,0,0,0,0,0,400,25,0,0,0,0,0.01375,0.011,0.01375,0.01375,0,0,0,0
27/01/2010,0,0.1,25.9548875880467,0,223.971969016682,0,0,0,0,0,400,25,0,0,0,0,0.01375,0.011,0.01375,0.01375,0,0,0,0
28/01/2010,0.00761722664285279,0.1,25.9683063952143,37.3441103006152,223.066373511089,0,8.17695055841972,32.7078022336789,2.55729362847137,0,400,25,21.8052014891193,73.5925550257775,1.07675521198795,3.09567123446534,0.01375,0.011,0.01375,0.01375,0,0,0,0
29/01/2010,0.00389086685686091,0.1,25.9793664145975,39.9139221275131,222.178001593623,0,8.1379214873859,32.5516859495436,2.45158253513623,0,400,25,21.7011239663624,73.2412933864731,1.0322452779521,2.96770517411228,0.01375,0.011,0.01375,0.01375,0,0,0,0
30/01/2010,0.0031353585266289,0.1,25.9880643721958,39.9417162607828,221.307116241223,0,8.13557822572284,32.5423129028914,2.44934022970625,0,400,25,21.6948752685942,73.2202040315056,1.03130114935,2.96499080438125,0.01375,0.011,0.01375,0.01375,0,0,0,0
31/01/2010,2.99796161043943e-05,0.1,25.9943976932292,39.9417162607823,220.453975254433,0,8.13557822572298,32.5423129028919,2.44934022970623,0,400,25,21.6948752685946,73.2202040315068,1.03130114934999,2.96499080438123,0.01375,0.011,0.01375,0.01375,0,0,0,0
01/02/2010,4.72854649283336e-07,0.1,25.9983645029001,39.9417162607825,219.618831181091,0,8.13557822572298,32.5423129028919,2.44934022970623,0,400,25,21.6948752685946,73.2202040315068,1.03130114934999,2.96499080438122,0.01375,0.011,0.01375,0.01375,0,0,0,0
02/02/2010,0.00241088643501345,0.1,25.9999636269489,39.9319451363229,218.801931241564,0,8.13427879915991,32.5371151966396,2.44891395348947,0,400,25,21.6914101310931,73.2085091924392,1.03112166462715,2.96447478580305,0.01375,0.011,0.01375,0.01375,0,0,0,0
03/02/2010,0.0416510711325956,0.1,25.9991945920008,38.8748340924153,218.00351725557,0,8.3945995886615,33.578398354646,2.63212958826348,0,400,25,22.3855989030973,75.5513962979535,1.10826508979515,3.18626213316105,0.01375,0.011,0.01375,0.01375,0,0,0,0
04/02/2010,0.27046487811671,0.1,25.9960576257065,37.9148980448815,217.22382557059,0,7.82543487757165,31.3017395102866,2.48171919165521,0,400,25,20.8678263401911,70.4289138981448,1.0449343964864,3.00418638989841,0.01375,0.011,0.01375,0.01375,0,0,0,0
05/02/2010,0.303336218479247,0.1,25.9905536566747,36.5640049306,216.463086991908,0,7.43688305431874,29.7475322172749,2.35074012745936,0,400,25,19.83168814485,66.9319474888686,0.989785316824992,2.84563278587185,0.01375,0.011,0.01375,0.01375,0,0,0,0
06/02/2010,1.03309958391971,0.1,25.9826843141968,38.0049655437657,215.721526714289,0,7.57519126830162,30.3007650732065,2.45802118033369,0,400,25,20.2005100488043,68.1767214147146,1.03495628645629,2.97549932356183,0.01375,0.011,0.01375,0.01375,0,0,0,0
07/02/2010,1.00478314855361,0.1,25.9724519277653,37.1804101694407,214.999364255309,0,7.37037282258724,29.481491290349,2.38073753195888,0,400,25,19.6543275268993,66.3333554032852,1.00241580293005,2.8819454334239,0.01375,0.011,0.01375,0.01375,0,0,0,0
08/02/2010,0.467802667652705,0.1,25.9598595263838,34.3506865374611,214.296813390382,0,6.93821206563288,27.7528482625315,2.20844971128183,0,400,25,18.5018988416877,62.4439085906959,0.929873562644981,2.67338649260432,0.01375,0.011,0.01375,0.01375,0,0,0,0
09/02/2010,0.063559831790062,0.1,25.9449108376702,23.5425855919639,213.614082089472,0,5.03118488785955,20.1247395514382,1.47526577325135,0,400,25,13.4164930342921,45.280663990736,0.621164536105831,1.78584804130426,0.01375,0.011,0.01375,0.01375,0,0,0,0
10/02/2010,0.0101381416397295,0.1,25.9276102867536,9.24731276939428,212.951372455532,0,1.53684709736457,6.14738838945827,0.337115700979287,0,400,25,4.09825892630551,13.8316238762811,0.14194345304391,0.408087427501242,0.01375,0.011,0.01375,0.01375,0,0,0,0
11/02/2010,0.00613914693980967,0.1,25.9079629949642,6.04127365516211,212.308880664676,0,0.8657819628944,3.4631278515776,0.125307406191971,0,400,25,2.30875190105173,7.7920376660496,0.0527610131334613,0.151687912758701,0.01375,0.011,0.01375,0.01375,0,0,0,0
12/02/2010,0.00245404787044152,0.1,25.8859747783173,6.42549203693371,211.686796908109,0,0.884087784594343,3.53635113837737,0.128762032723575,0,400,25,2.35756742558491,7.95679006134909,0.0542155927257157,0.155869829086433,0.01375,0.011,0.01375,0.01375,0,0,0,0
13/02/2010,0.0999865290221997,0.1,25.8616521457917,24.1130514615914,211.085305335824,0,5.82603740248932,23.3041496099573,1.70222559485855,0,400,25,15.5360997399715,52.4343366224039,0.71672656625623,2.06058887798666,0.01375,0.011,0.01375,0.01375,0,0,0,0
14/02/2010,0.309207973665383,0.1,25.8350022974027,33.9406512158628,210.50458400209,0,7.06206323873111,28.2482529549244,2.23684919135663,0,400,25,18.8321686366163,63.55856914858,0.941831238465952,2.70776481058961,0.01375,0.011,0.01375,0.01375,0,0,0,0
15/02/2010,0.121292847985892,0.1,25.8060331220709,32.3674389303874,209.944804812745,0,6.84842269578317,27.3936907831327,2.1280600646182,0,400,25,18.2624605220885,61.6358042620485,0.896025290365559,2.57607270980098,0.01375,0.011,0.01375,0.01375,0,0,0,0
16/02/2010,0.00811100284676341,0.1,25.774753195287,28.1165656998925,209.406133474307,0,5.3604197870485,21.441679148194,1.55583346372393,0,400,25,14.2944527654627,48.2437780834365,0.65508777419955,1.88337735082371,0.01375,0.011,0.01375,0.01375,0,0,0,0
17/02/2010,6.39917490423817e-05,0.1,25.7411717765731,28.1165656998929,208.888729444924,0,5.36041978704848,21.4416791481939,1.55583346372393,0,400,25,14.2944527654626,48.2437780834363,0.655087774199551,1.88337735082371,0.01375,0.011,0.01375,0.01375,0,0,0,0
18/02/2010,8.80197516550029e-07,0.1,25.7052988067417,28.116565699893,208.392745887169,0,5.36041978704852,21.4416791481941,1.55583346372394,0,400,25,14.2944527654627,48.2437780834367,0.655087774199553,1.88337735082371,0.01375,0.011,0.01375,0.01375,0,0,0,0
19/02/2010,2.76462379973753e-08,0.1,25.6671449049533,0,207.918329622699,0,0,0,0,0,400,25,0,0,0,0,0.01375,0.011,0.01375,0.01375,0,0,0,0
20/02/2010,0,0.1,25.6267213655722,0,207.465621088795,0,0,0,0,0,400,25,0,0,0,0,0.01375,0.011,0.01375,0.01375,0,0,0,0
21/02/2010,0,0.1,25.5840401548241,0,207.034754296791,0,0,0,0,0,400,25,0,0,0,0,0.01375,0.011,0.01375,0.01375,0,0,0,0
22/02/2010,0,0.1,25.5391139072529,0,206.625856792401,0,0,0,0,0,400,25,0,0,0,0,0.01375,0.011,0.01375,0.01375,0,0,0,0
23/02/2010,0,0.1,25.4919559219814,0,206.239049617962,0,0,0,0,0,400,25,0,0,0,0,0.01375,0.011,0.01375,0.01375,0,0,0,0
24/02/2010,0,0.1,25.4425801587739,0,205.874447276606,0,0,0,0,0,400,25,0,0,0,0,0.01375,0.011,0.01375,0.01375,0,0,0,0
25/02/2010,0,0.1,25.391001233904,0,205.532157698364,0,0,0,0,0,400,25,0,0,0,0,0.01375,0.011,0.01375,0.01375,0,0,0,0
26/02/2010,0,0.1,25.3372344158281,0,205.212282208215,0,0,0,0,0,400,25,0,0,0,0,0.01375,0.011,0.01375,0.01375,0,0,0,0
27/02/2010,0,0.1,25.2812956206654,0,204.91491549609,0,0,0,0,0,400,25,0,0,0,0,0.01375,0.011,0.01375,0.01375,0,0,0,0
28/02/2010,0,0.1,25.2232014074861,0,204.640145588848,0,0,0,0,0,400,25,0,0,0,0,0.01375,0.011,0.01375,0.01375,0,0,0,0
01/03/2010,0.074800012903896,0.1,25.1629689734102,32.3918022936119,204.388053824211,0,7.30418737663972,29.2167495065589,2.25081543585994,0,400,25,19.4778330043726,65.7376863897575,0.947711762467343,2.72467131709361,0.01375,0.011,0.01375,0.01375,0,0,0,0
02/03/2010,0.0302388142887778,0.1,25.1006161485163,34.2999537899832,204.158714826692,0,7.63568195113143,30.5427278045257,2.34686747228342,0,400,25,20.3618185363505,68.7211375601829,0.988154725171968,2.84094483486941,0.01375,0.011,0.01375,0.01375,0,0,0,0
03/03/2010,0.000889490508427894,0.1,25.0361613905638,36.83097568256,203.952196485501,0,7.78867019103466,31.1546807641386,2.35192203103264,0,400,25,20.7697871760924,70.0980317193119,0.990282960434795,2.84706351125004,0.01375,0.011,0.01375,0.01375,0,0,0,0
04/03/2010,1.00898833267597e-05,0.1,24.9696237795288,36.8309756825599,203.768559934448,0,7.78867019103463,31.1546807641385,2.35192203103263,0,400,25,20.7697871760923,70.0980317193117,0.99028296043479,2.84706351125002,0.01375,0.011,0.01375,0.01375,0,0,0,0
05/03/2010,2.01614884079585e-07,0.1,24.9010230119562,36.8309756825597,203.60785953385,0,7.7886701910346,31.1546807641384,2.35192203103262,0,400,25,20.7697871760923,70.0980317193114,0.990282960434787,2.84706351125001,0.01375,0.011,0.01375,0.01375,0,0,0,0
06/03/2010,0.00999831614078523,0.1,24.8303793951287,30.9490126683753,203.470142854435,0,7.30043410254659,29.2017364101863,2.26339547909898,0,400,25,19.4678242734576,65.7039069229193,0.953008622778517,2.73989979048824,0.01375,0.011,0.01375,0.01375,0,0,0,0
07/03/2010,0.00330316119601703,0.1,24.7577138410562,38.9821455094269,203.355450663264,0,8.02158861109505,32.0863544443802,2.41526924430156,0,400,25,21.3909029629201,72.1942974998554,1.01695547128487,2.92374697994399,0.01375,0.011,0.01375,0.01375,0,0,0,0
08/03/2010,3.117547260946e-05,0.1,24.6830478602847,38.9821455094267,203.263816911658,0,8.02158861109516,32.0863544443806,2.41526924430156,0,400,25,21.3909029629204,72.1942974998564,1.01695547128487,2.92374697994399,0.01375,0.011,0.01375,0.01375,0,0,0,0
09/03/2010,4.88261647321092e-07,0.1,24.6064035555288,38.9821455094268,203.195268725153,0,8.02158861109517,32.0863544443807,2.41526924430155,0,400,25,21.3909029629205,72.1942974998565,1.01695547128486,2.92374697994399,0.01375,0.011,0.01375,0.01375,0,0,0,0
10/03/2010,1.71066436800774e-08,0.1,24.5278036151292,0,203.149826395466,0,0,0,0,0,400,25,0,0,0,0,0.01375,0.011,0.01375,0.01375,0,0,0,0
11/03/2010,0,0.1,24.4472713063363,0,203.127503374491,0,0,0,0,0,400,25,0,0,0,0,0.01375,0.011,0.01375,0.01375,0,0,0,0
12/03/2010,0,0.1,24.3648304684224,0,203.128306270316,0,0,0,0,0,400,25,0,0,0,0,0.01375,0.011,0.01375,0.01375,0,0,0,0
13/03/2010,0,0.1,24.2805055056248,0,203.152234845267,0,0,0,0,0,400,25,0,0,0,0,0.01375,0.011,0.01375,0.01375,0,0,0,0
14/03/2010,0,0.1,24.1943213799221,0,203.199282015978,0,0,0,0,0,400,25,0,0,0,0,0.01375,0.011,0.01375,0.01375,0,0,0,0
15/03/2010,0,0.1,24.1063036036443,0,203.269433855488,0,0,0,0,0,400,25,0,0,0,0,0.01375,0.011,0.01375,0.01375,0,0,0,0
16/03/2010,0,0.1,24.016478231921,0,203.362669597364,0,0,0,0,0,400,25,0,0,0,0,0.01375,0.011,0.01375,0.01375,0,0,0,0
17/03/2010,0,0.1,23.9248718549683,0,203.478961641847,0,0,0,0,0,400,25,0,0,0,0,0.01375,0.011,0.01375,0.01375,0,0,0,0
18/03/2010,0,0.1,23.8315115902177,0,203.618275564026,0,0,0,0,0,400,25,0,0,0,0,0.01375,0.011,0.01375,0.01375,0,0,0,0
19/03/2010,0,0.1,23.7364250742888,0,203.780570124022,0,0,0,0,0,400,25,0,0,0,0,0.01375,0.011,0.01375,0.01375,0,0,0,0
20/03/2010,0,0.1,23.6396404548081,0,203.965797279202,0,0,0,0,0,400,25,0,0,0,0,0.01375,0.011,0.01375,0.01375,0,0,0,0
21/03/2010,0,0.1,23.5411863820767,0,204.173902198397,0,0,0,0,0,400,25,0,0,0,0,0.01375,0.011,0.01375,0.01375,0,0,0,0
22/03/2010,0,0.1,23.4410920005895,0,204.404823278136,0,0,0,0,0,400,25,0,0,0,0,0.01375,0.011,0.01375,0.01375,0,0,0,0
23/03/2010,0,0.1,23.3393869404073,0,204.658492160877,0,0,0,0,0,400,25,0,0,0,0,0.01375,0.011,0.01375,0.01375,0,0,0,0
24/03/2010,0,0.1,23.2361013083863,0,204.93483375525,0,0,0,0,0,400,25,0,0,0,0,0.01375,0.011,0.01375,0.01375,0,0,0,0
25/03/2010,0,0.1,23.1312656792653,0,205.233766258277,0,0,0,0,0,400,25,0,0,0,0,0.01375,0.011,0.01375,0.01375,0,0,0,0
26/03/2010,0,0.1,23.0249110866152,0,205.555201179595,0,0,0,0,0,400,25,0,0,0,0,0.01375,0.011,0.01375,0.01375,0,0,0,0
27/03/2010,0,0.1,22.9170690136522,0,205.899043367646,0,0,0,0,0,400,25,0,0,0,0,0.01375,0.011,0.01375,0.01375,0,0,0,0
28/03/2010,0,0.1,22.8077713839186,0,206.265191037846,0,0,0,0,0,400,25,0,0,0,0,0.01375,0.011,0.01375,0.01375,0,0,0,0
29/03/2010,0,0.1,22.6970505518319,0,206.653535802714,0,0,0,0,0,400,25,0,0,0,0,0.01375,0.011,0.01375,0.01375,0,0,0,0
30/03/2010,0.0550172967188274,0.1,22.5849392931081,34.4722040318948,207.063962703959,0,7.60000306385077,30.4000122554031,2.3639388775391,0,400,25,20.2666748369354,68.4000275746569,0.995342685279621,2.86161022017891,0.01375,0.011,0.01375,0.01375,0,0,0,0
31/03/2010,0.0876632077561831,0.1,22.4714707950588,36.7663485195946,207.496350246509,0,7.91355033935956,31.6542013574382,2.47133159056568,0,400,25,21.1028009049588,71.221953054236,1.04056066971187,2.99161192542161,0.01375,0.011,0.01375,0.01375,0,0,0,0
01/04/2010,0.00947073467901817,0.1,22.3566786467673,39.6104468085411,207.950570434476,0,8.10234356075621,32.4093742430249,2.44329209474748,0,400,25,21.6062494953499,72.9210920468059,1.02875456620947,2.95766937785221,0.01375,0.011,0.01375,0.01375,0,0,0,0
02/04/2010,7.31478223955217e-05,0.1,22.2405968291455,39.6104468085415,208.426488809045,0,8.10234356075622,32.4093742430249,2.4432920947475,0,400,25,21.6062494953499,72.921092046806,1.02875456620947,2.95766937785224,0.01375,0.011,0.01375,0.01375,0,0,0,0
03/04/2010,9.82098505405057e-07,0.1,22.1232597048746,39.6104468085421,208.923964488279,0,8.10234356075623,32.4093742430249,2.44329209474751,0,400,25,21.60624949535,72.9210920468061,1.02875456620948,2.95766937785224,0.01375,0.011,0.01375,0.01375,0,0,0,0
04/04/2010,3.022659902776e-08,0.1,22.0047020082334,0,209.442850208819,0,0,0,0,0,400,25,0,0,0,0,0.01375,0.011,0.01375,0.01375,0,0,0,0
05/04/2010,0,0.1,21.8849588348159,0,209.982992369482,0,0,0,0,0,400,25,0,0,0,0,0.01375,0.011,0.01375,0.01375,0,0,0,0
06/04/2010,0,0.1,21.7640656311426,0,210.544231076725,0,0,0,0,0,400,25,0,0,0,0,0.01375,0.011,0.01375,0.01375,0,0,0,0
07/04/2010,0.021489324739148,0.1,21.642058184167,33.0357331609847,211.126400191981,0,7.50713781899519,30.0285512759808,2.32383018048897,0,400,25,20.0190341839872,67.5642403709567,0.978454812837461,2.8130575869077,0.01375,0.011,0.01375,0.01375,0,0,0,0
08/04/2010,0.00357183142289174,0.1,21.5189726106826,39.2133920720048,211.72932738084,0,8.05354378660158,32.2141751464063,2.42644785117792,0,400,25,21.4761167642709,72.4818940794142,1.02166225312754,2.93727897774169,0.01375,0.011,0.01375,0.01375,0,0,0,0
09/04/2010,0.000603184945707558,0.1,21.3948453466311,38.3043348812339,212.352834164057,0,7.92965883662024,31.718635346481,2.3846970566978,0,400,25,21.145756897654,71.3669295295822,1.00408297124118,2.88673854231839,0.01375,0.011,0.01375,0.01375,0,0,0,0
10/04/2010,7.70393134501375e-06,0.1,21.2697131363166,38.3043348812338,212.996735970394,0,7.92965883662024,31.718635346481,2.38469705669778,0,400,25,21.145756897654,71.3669295295822,1.00408297124117,2.88673854231837,0.01375,0.011,0.01375,0.01375,0,0,0,0
11/04/2010,1.61836014718696e-07,0.1,21.1436130215288,38.3043348812338,213.660842191253,0,7.92965883662024,31.7186353464809,2.38469705669779,0,400,25,21.145756897654,71.3669295295822,1.00408297124118,2.88673854231838,0.01375,0.011,0.01375,0.01375,0,0,0,0
12/04/2010,0,0.1,21.0165823305776,0,214.3449562371,0,0,0,0,0,400,25,0,0,0,0,0.01375,0.011,0.01375,0.01375,0,0,0,0
13/04/2010,0,0.1,20.8886586672431,0,215.04887559566,0,0,0,0,0,400,25,0,0,0,0,0.01375,0.011,0.01375,0.01375,0,0,0,0
14/04/2010,0,0.1,20.7598798996444,0,215.772391891864,0,0,0,0,0,400,25,0,0,0,0,0.01375,0.011,0.01375,0.01375,0,0,0,0
15/04/2010,0,0.1,20.6302841490292,0,216.515290949537,0,0,0,0,0,400,25,0,0,0,0,0.01375,0.011,0.01375,0.01375,0,0,0,0
16/04/2010,0,0.1,20.49990977849,0,217.277352854791,0,0,0,0,0,400,25,0,0,0,0,0.01375,0.011,0.01375,0.01375,0,0,0,0
17/04/2010,0,0.1,20.3687953816071,0,218.058352021133,0,0,0,0,0,400,25,0,0,0,0,0.01375,0.011,0.01375,0.01375,0,0,0,0
18/04/2010,0,0.1,20.2369797710241,0,218.858057256235,0,0,0,0,0,400,25,0,0,0,0,0.01375,0.011,0.01375,0.01375,0,0,0,0
19/04/2010,0,0.1,20.104501966959,0,219.676231830379,0,0,0,0,0,400,25,0,0,0,0,0.01375,0.011,0.01375,0.01375,0,0,0,0
20/04/2010,0,0.1,19.9714011856532,0,220.512633546526,0,0,0,0,0,400,25,0,0,0,0,0.01375,0.011,0.01375,0.01375,0,0,0,0
21/04/2010,0,0.1,19.8377168277622,0,221.367014812022,0,0,0,0,0,400,25,0,0,0,0,0.01375,0.011,0.01375,0.01375,0,0,0,0
22/04/2010,0,0.1,19.703488466693,0,222.239122711881,0,0,0,0,0,400,25,0,0,0,0,0.01375,0.011,0.01375,0.01375,0,0,0,0
23/04/2010,0,0.1,19.5687558368887,0,223.128699083657,0,0,0,0,0,400,25,0,0,0,0,0.01375,0.011,0.01375,0.01375,0,0,0,0
24/04/2010,0,0.1,19.4335588220669,0,224.035480593869,0,0,0,0,0,400,25,0,0,0,0,0.01375,0.011,0.01375,0.01375,0,0,0,0
25/04/2010,0,0.1,19.2979374434129,0,224.959198815945,0,0,0,0,0,400,25,0,0,0,0,0.01375,0.011,0.01375,0.01375,0,0,0,0
26/04/2010,0.00109160292452282,0.1,19.1619318477328,38.8417829736069,225.899580309692,0,7.99686340003448,31.9874536001379,2.40567981811837,0,400,25,21.3249690667586,71.9717706003103,1.0129178181551,2.91213872719593,0.01375,0.011,0.01375,0.01375,0,0,0,0
27/04/2010,1.27066193460127e-05,0.1,19.025582295569,38.8417829736072,226.856346702231,0,7.99686340003451,31.987453600138,2.40567981811835,0,400,25,21.3249690667587,71.9717706003106,1.01291781815509,2.91213872719589,0.01375,0.011,0.01375,0.01375,0,0,0,0
28/04/2010,2.43275214460915e-07,0.1,18.8889291492823,38.8417829736074,227.829214770406,0,7.99686340003449,31.987453600138,2.40567981811834,0,400,25,21.3249690667586,71.9717706003104,1.01291781815509,2.91213872719589,0.01375,0.011,0.01375,0.01375,0,0,0,0
29/04/2010,0,0.1,18.7520128611039,0,228.817896524626,0,0,0,0,0,400,25,0,0,0,0,0.01375,0.011,0.01375,0.01375,0,0,0,0
30/04/2010,0,0.1,18.6148739611606,0,229.82209929411,0,0,0,0,0,400,25,0,0,0,0,0.01375,0.011,0.01375,0.01375,0,0,0,0
01/05/2010,0,0.1,18.4775530454767,0,230.84152581353,0,0,0,0,0,400,25,0,0,0,0,0.01375,0.011,0.01375,0.01375,0,0,0,0
02/05/2010,0,0.1,18.3400907639575,0,231.875874311002,0,0,0,0,0,400,25,0,0,0,0,0.01375,0.011,0.01375,0.01375,0,0,0,0
03/05/2010,0,0.1,18.2025278083553,0,232.924838597422,0,0,0,0,0,400,25,0,0,0,0,0.01375,0.011,0.01375,0.01375,0,0,0,0
04/05/2010,0,0.1,18.0649049002241,0,233.988108157101,0,0,0,0,0,400,25,0,0,0,0,0.01375,0.011,0.01375,0.01375,0,0,0,0
05/05/2010,0,0.1,17.927262778865,0,235.065368239687,0,0,0,0,0,400,25,0,0,0,0,0.01375,0.011,0.01375,0.01375,0,0,0,0
06/05/2010,0,0.1,17.789642189267,0,236.156299953336,0,0,0,0,0,400,25,0,0,0,0,0.01375,0.011,0.01375,0.01375,0,0,0,0
07/05/2010,0.000343807318563805,0.1,17.6520838700448,37.8118720418979,237.260580359109,0,7.86704269435688,31.4681707774275,2.36483515308476,0,400,25,20.978780518285,70.8033842492119,0.99572006445674,2.86269518531313,0.01375,0.011,0.01375,0.01375,0,0,0,0
08/05/2010,4.94423898053617e-06,0.1,17.5146285413801,37.8118720418982,238.377882566574,0,7.8670426943569,31.4681707774276,2.36483515308475,0,400,25,20.9787805182851,70.8033842492121,0.995720064456737,2.86269518531312,0.01375,0.011,0.01375,0.01375,0,0,0,0
09/05/2010,1.12765597054032e-07,0.1,17.3773168929669,0,239.507875830567,0,0,0,0,0,400,25,0,0,0,0,0.01375,0.011,0.01375,0.01375,0,0,0,0
10/05/2010,0,0.1,17.2401895719671,0,240.650225649104,0,0,0,0,0,400,25,0,0,0,0,0.01375,0.011,0.01375,0.01375,0,0,0,0
11/05/2010,0,0.1,17.1032871709775,0,241.804593862396,0,0,0,0,0,400,25,0,0,0,0,0.01375,0.011,0.01375,0.01375,0,0,0,0
12/05/2010,0,0.1,16.966650216014,0,242.970638752956,0,0,0,0,0,400,25,0,0,0,0,0.01375,0.011,0.01375,0.01375,0,0,0,0
13/05/2010,0,0.1,16.8303191545148,0,244.148015146753,0,0,0,0,0,400,25,0,0,0,0,0.01375,0.011,0.01375,0.01375,0,0,0,0
14/05/2010,0,0.1,16.6943343433671,0,245.33637451539,0,0,0,0,0,400,25,0,0,0,0,0.01375,0.011,0.01375,0.01375,0,0,0,0
15/05/2010,0,0.1,16.5587360369606,0,246.535365079275,0,0,0,0,0,400,25,0,0,0,0,0.01375,0.011,0.01375,0.01375,0,0,0,0
16/05/2010,0,0.1,16.4235643752715,0,247.744631911759,0,0,0,0,0,400,25,0,0,0,0,0.01375,0.011,0.01375,0.01375,0,0,0,0
17/05/2010,0,0.1,16.2888593719801,0,248.963817044198,0,0,0,0,0,400,25,0,0,0,0,0.01375,0.011,0.01375,0.01375,0,0,0,0
18/05/2010,0,0.1,16.1546609026259,0,250.192559571921,0,0,0,0,0,400,25,0,0,0,0,0.01375,0.011,0.01375,0.01375,0,0,0,0
19/05/2010,0,0.1,16.0210086928035,0,251.430495761065,0,0,0,0,0,400,25,0,0,0,0,0.01375,0.011,0.01375,0.01375,0,0,0,0
20/05/2010,0,0.1,15.8879423064033,0,252.677259156249,0,0,0,0,0,400,25,0,0,0,0,0.01375,0.011,0.01375,0.01375,0,0,0,0
21/05/2010,0,0.1,15.7555011338993,0,253.932480689051,0,0,0,0,0,400,25,0,0,0,0,0.01375,0.011,0.01375,0.01375,0,0,0,0
22/05/2010,0,0.1,15.623724380689,0,255.19578878726,0,0,0,0,0,400,25,0,0,0,0,0.01375,0.011,0.01375,0.01375,0,0,0,0
23/05/2010,0.000215652079598827,0.1,15.4926510554879,36.4021641835876,256.466809484872,0,7.68934842650263,30.7573937060105,2.30892833289749,0,400,25,20.5049291373404,69.2041358385237,0.972180350693682,2.79501850824434,0.01375,0.011,0.01375,0.01375,0,0,0,0
24/05/2010,0.000759904472572085,0.1,15.3623199587815,6.13668702703493,257.745166532788,0,3.45186348621395,13.8074539448558,0.625260157049289,0,400,25,9.20496929657054,31.0667713759256,0.263267434547069,0.756893874322823,0.01375,0.011,0.01375,0.01375,0,0,0,0
25/05/2010,0.0216135639349581,0.1,15.2327696713403,31.2859215366618,259.030481510195,0,7.14143025475333,28.5657210190133,2.18864066310062,0,400,25,19.0438140126756,64.27287229278,0.92153291077921,2.64940711849023,0.01375,0.011,0.01375,0.01375,0,0,0,0
26/05/2010,0.00846382636820512,0.1,15.1040385427983,35.6410398084716,260.322373936585,0,7.82001238866325,31.280049554653,2.4088386239128,0,400,25,20.8533663697687,70.3801114979693,1.01424784164749,2.91596254473655,0.01375,0.011,0.01375,0.01375,0,0,0,0
27/05/2010,0.204148329149743,0.1,14.9761646803015,37.9491015273438,261.620461384384,0,7.87731159957627,31.5092463983051,2.50116673546377,0,400,25,21.0061642655367,70.8958043961864,1.05312283598474,3.02772815345614,0.01375,0.011,0.01375,0.01375,0,0,0,0
28/05/2010,0.113553779687829,0.1,14.8491859372266,35.9397590731816,262.924359592162,0,7.23687428652127,28.9474971460851,2.22856793139358,0,400,25,19.2983314307234,65.1318685786914,0.938344392165718,2.69774012747644,0.01375,0.011,0.01375,0.01375,0,0,0,0
29/05/2010,0.0495528524325878,0.1,14.7231399019762,30.3817451262622,264.23368257838,0,6.55015079946844,26.2006031978738,2.00614209637046,0,400,25,17.4670687985825,58.951357195216,0.84469140899809,2.42848780086951,0.01375,0.011,0.01375,0.01375,0,0,0,0
30/05/2010,0.122968020142114,0.1,14.5980638868514,35.1090965913198,265.54804275565,0,7.28317927708796,29.1327171083518,2.29831909151984,0,400,25,19.4218114055679,65.5486134937916,0.967713301692563,2.78217574236612,0.01375,0.011,0.01375,0.01375,0,0,0,0
31/05/2010,0.161374425263941,0.1,14.4739949170069,33.9555730251313,266.867051045467,0,6.93266984974868,27.7306793989947,2.17290970522613,0,400,25,18.4871195993298,62.3940286477382,0.914909349568898,2.63036438001058,0.01375,0.011,0.01375,0.01375,0,0,0,0
01/06/2010,0.190135080614852,0.1,14.3509697194906,34.312364522522,268.190316993389,0,7.03259961993378,28.1303984797351,2.22474724082203,0,400,25,18.7535989864901,63.293396579404,0.93673568034612,2.69311508099509,0.01375,0.011,0.01375,0.01375,0,0,0,0
02/06/2010,0.0688544256618012,0.1,14.2290247123716,26.7361829542688,269.517448884614,0,5.66759916832458,22.6703966732983,1.68014359376581,0,400,25,15.1135977821989,51.0083925149213,0.707428881585604,2.03385803455861,0.01375,0.011,0.01375,0.01375,0,0,0,0
03/06/2010,0.191730324933776,0.1,14.1081959939597,34.5657684642839,270.848053859939,0,7.16259074292986,28.6503629717194,2.27895431379779,0,400,25,19.1002419811463,64.4633166863688,0.959559711072755,2.75873416933417,0.01375,0.011,0.01375,0.01375,0,0,0,0
04/06/2010,1.10302639568739,0.1,13.9885193321197,38.1614863927539,272.181738032057,0,7.56792205670172,30.2716882268069,2.46125695533329,0,400,25,20.1811254845379,68.1112985103155,1.03631871803507,2.97941631435083,0.01375,0.011,0.01375,0.01375,0,0,0,0
05/06/2010,0.428881290528245,0.1,13.870030153683,34.7333008135983,273.51810660215,0,6.84203135689137,27.3681254275655,2.15997724925302,0,400,25,18.2454169517103,61.5782822120223,0.90946410494864,2.61470930172734,0.01375,0.011,0.01375,0.01375,0,0,0,0
06/06/2010,0.0283385713540192,0.1,13.7527635339609,9.14398983013908,274.856763976763,0,2.82591225682923,11.3036490273169,0.645205488361104,0,400,25,7.53576601821129,25.4332103114631,0.271665468783623,0.781038222752916,0.01375,0.011,0.01375,0.01375,0,0,0,0
07/06/2010,0.0325748571327965,0.1,13.6367541863612,6.01731013220843,276.197313884907,0,2.74190155993243,10.9676062397297,0.552824680468687,0,400,25,7.31173749315315,24.6771140393919,0.232768286513131,0.669208823725253,0.01375,0.011,0.01375,0.01375,0,0,0,0
08/06/2010,0.0222351569866476,0.1,13.5220364521127,6.00015871498516,277.539359495362,0,2.66013087373314,10.6405234949326,0.527956750572093,0,400,25,7.09368232995505,23.9411778635983,0.22229757918825,0.639105540166218,0.01375,0.011,0.01375,0.01375,0,0,0,0
09/06/2010,0.00607585703804003,0.1,13.408644290099,6.0000038913785,278.882503534148,0,1.42751766964376,5.71007067857503,0.232850120273307,0,400,25,3.80671378571669,12.8476590267938,0.0980421559045501,0.281871198225582,0.01375,0.011,0.01375,0.01375,0,0,0,0
10/06/2010,0.0111050146714112,0.1,13.2966112668063,6.00000001808892,280.226348402127,0,2.57845346639781,10.3138138655912,0.49516290724011,0,400,25,6.87587591039417,23.2060811975803,0.20848964515373,0.599407729816975,0.01375,0.011,0.01375,0.01375,0,0,0,0
11/06/2010,0.00879745848862339,0.1,13.1859705463869,6.00000000017436,281.570496292702,0,2.66107584299244,10.6443033719698,0.507850361667008,0,400,25,7.09620224797984,23.949682586932,0.213831731228214,0.614766227281115,0.01375,0.011,0.01375,0.01375,0,0,0,0
12/06/2010,0.0112208087808919,0.1,13.076754880842,6.00000000000109,282.914549309573,0,3.00386373621504,12.0154549448602,0.596238348038616,0,400,25,8.01030329657345,27.0347736259354,0.251047725489944,0.721762210783588,0.01375,0.011,0.01375,0.01375,0,0,0,0
13/06/2010,0.0189751685815883,0.1,12.9689966003261,6,284.258109584525,0,3.25027455962629,13.0010982385052,0.66516388786216,0,400,25,8.66739882567011,29.2524710366366,0.280069005415646,0.805198390569984,0.01375,0.011,0.01375,0.01375,0,0,0,0
14/06/2010,0.016741756107377,0.1,12.8627276035769,6,285.600779395208,0,3.30979314005209,13.2391725602084,0.677508937488079,0,400,25,8.82611504013891,29.7881382604688,0.285266921047612,0.820142398011886,0.01375,0.011,0.01375,0.01375,0,0,0,0
15/06/2010,0.0169288602228099,0.1,12.7579793484726,6,286.942161282863,0,3.37205542490482,13.4882216996193,0.692696465481854,0,400,25,8.9921477997462,30.3484988241434,0.29166166967657,0.838527300320139,0.01375,0.011,0.01375,0.01375,0,0,0,0
16/06/2010,0.00652594822140514,0.1,12.6547828427194,6,288.281858169988,0,3.4630115891197,13.8520463564788,0.689156262962306,0,400,25,9.23469757098587,31.1671043020773,0.290171058089392,0.834241792007002,0.01375,0.011,0.01375,0.01375,0,0,0,0
17/06/2010,0.00761167587174882,0.1,12.5531686346731,6,289.619473477875,0,3.51062573823058,14.0425029529223,0.707045625069367,0,400,25,9.36166863528155,31.5956316440752,0.297703421081839,0.855897335610287,0.01375,0.011,0.01375,0.01375,0,0,0,0
18/06/2010,6.19190573930154e-05,0.1,12.4531668042954,6.00000000000001,290.954611244008,0,3.5106257382306,14.0425029529224,0.707045625069366,0,400,25,9.3616686352816,31.5956316440754,0.297703421081838,0.855897335610285,0.01375,0.011,0.01375,0.01375,0,0,0,0
19/06/2010,0.00318671790441645,0.1,12.3548069542502,6,292.286876239276,0,3.46434318263868,13.8573727305547,0.653829262446134,0,400,25,9.23824848703647,31.1790886437481,0.275296531556267,0.791477528224268,0.01375,0.011,0.01375,0.01375,0,0,0,0
20/06/2010,0.000667177110724459,0.1,12.2581182011404,6,293.61587408497,0,3.43021105039919,13.7208442015968,0.614779097559118,0,400,25,9.14722946773117,30.8718994535927,0.258854356866997,0.744206275992616,0.01375,0.011,0.01375,0.01375,0,0,0,0
21/06/2010,0.0123289802419045,0.1,12.1631291668888,6,294.941211369524,0,3.52779025897462,14.1111610358985,0.726418102743161,0,400,25,9.407440690599,31.7501123307716,0.305860253786594,0.879348229636458,0.01375,0.011,0.01375,0.01375,0,0,0,0
22/06/2010,0.00927204574986365,0.1,12.0698679702651,6,296.262495764978,0,3.5215641198989,14.0862564795956,0.7192948640564,0,400,25,9.39083765306374,31.6940770790901,0.302860995392169,0.870725361752485,0.01375,0.011,0.01375,0.01375,0,0,0,0
23/06/2010,0.0215330792583319,0.1,11.9783622185626,12.1806512807171,297.579336143113,0,4.40951943984362,17.6380777593745,1.10237704516318,0,400,25,11.7587185062496,39.6856749585926,0.464158755858179,1.33445642309226,0.01375,0.011,0.01375,0.01375,0,0,0,0
24/06/2010,0.0330539654953853,0.1,11.8886389994256,24.6302906720081,298.891342691233,0,6.18745280367405,24.7498112146962,1.8154661039768,0,400,25,16.4998741431308,55.6870752330665,0.764406780621809,2.1976694942877,0.01375,0.011,0.01375,0.01375,0,0,0,0
25/06/2010,0.0214000763367935,0.1,11.8007248728309,18.1052010739086,300.198127027558,0,5.20936873328685,20.8374749331474,1.41262391978885,0,400,25,13.8916499554316,46.8843185995817,0.594789018858463,1.71001842921808,0.01375,0.011,0.01375,0.01375,0,0,0,0
26/06/2010,0.000143856896023843,0.1,11.7146458632257,18.1052010739087,301.499302316194,0,5.2093687332869,20.8374749331476,1.41262391978884,0,400,25,13.8916499554317,46.8843185995821,0.59478901885846,1.71001842921807,0.01375,0.011,0.01375,0.01375,0,0,0,0
27/06/2010,0.00245297267353403,0.1,11.6304274518233,9.09459489902246,302.794483381644,0,3.9498502784282,15.7994011137128,0.890962795803497,0,400,25,10.5329340758085,35.5486525058538,0.375142229811999,1.0785339107095,0.01375,0.011,0.01375,0.01375,0,0,0,0
28/06/2010,2.46101877242585e-05,0.1,11.5480945690608,9.09459489902249,304.083286822828,0,3.9498502784282,15.7994011137128,0.890962795803498,0,400,25,10.5329340758085,35.5486525058538,0.375142229811999,1.0785339107095,0.01375,0.011,0.01375,0.01375,0,0,0,0
29/06/2010,0.000385562111901438,0.1,11.4676715872185,6.00329803106851,305.365331126578,0,3.42912697587189,13.7165079034876,0.613199564788021,0,400,25,9.14433860232505,30.862142782847,0.258189290437062,0.742294210006552,0.01375,0.011,0.01375,0.01375,0,0,0,0
30/06/2010,0.00151678897480502,0.1,11.3891823132057,6.00001193407021,306.640236780576,0,3.42857343884372,13.7142937553749,0.612904298122066,0,400,25,9.14286250358326,30.8571609495935,0.258064967630344,0.741936781937238,0.01375,0.011,0.01375,0.01375,0,0,0,0
01/07/2010,0.00341177513931441,0.1,11.3126499815131,6.00000005858318,307.907626385693,0,3.48923214674793,13.9569285869917,0.682304299500453,0,400,25,9.30461905799448,31.4030893207314,0.287286020842296,0.825947309921601,0.01375,0.011,0.01375,0.01375,0,0,0,0
02/07/2010,0.0102733167361522,0.1,11.238097247335,7.40750463126734,309.167124767712,0,3.7332371944665,14.932948777866,0.819209652044493,0,400,25,9.955299185244,33.5991347501985,0.344930379808208,0.991674841948597,0.01375,0.011,0.01375,0.01375,0,0,0,0
03/07/2010,8.78256135744555e-05,0.1,11.1655461798626,9.97536512830326,310.418359088383,0,4.08665782453424,16.3466312981369,0.954589040217861,0,400,25,10.897754198758,36.7799204208081,0.401932227460152,1.15555515394794,0.01375,0.011,0.01375,0.01375,0,0,0,0
04/07/2010,0.000523471798949162,0.1,11.0950182557516,36.7308842235317,311.660958955797,0,7.73015671717392,30.9206268686957,2.32125770886644,0,400,25,20.6137512457971,69.5714104545653,0.977371666891132,2.809943542312,0.01375,0.011,0.01375,0.01375,0,0,0,0
05/07/2010,0.00972394730565754,0.1,11.026534352764,6.022310821512,312.894556534024,0,3.53257972831157,14.1303189132463,0.729564987656165,0,400,25,9.42021260883084,31.7932175548041,0.307185257960491,0.88315761663641,0.01375,0.011,0.01375,0.01375,0,0,0,0
06/07/2010,0.0117333027393023,0.1,10.9601147435886,21.3576399507943,314.118786652004,0,5.79751845856901,23.1900738342761,1.6787674300022,0,400,25,15.4600492228507,52.1776661271211,0.706849444211454,2.03219215210793,0.01375,0.011,0.01375,0.01375,0,0,0,0
07/07/2010,0.00331752486566568,0.1,10.8957790898389,27.9528617720788,315.333286911643,0,6.73007505758486,26.9203002303394,2.03338071572107,0,400,25,17.9468668202263,60.5706755182637,0.856160301356241,2.46146086639919,0.01375,0.011,0.01375,0.01375,0,0,0,0
08/07/2010,0.00446359902478804,0.1,10.8335464362339,8.67499140428019,316.53769779509,0,3.9061095088077,15.6244380352308,0.883847871971525,0,400,25,10.4162920234872,35.1549855792693,0.372146472409063,1.06992110817606,0.01375,0.011,0.01375,0.01375,0,0,0,0
09/07/2010,0.000937230398088784,0.1,10.7734352049594,10.8059427700586,317.731662771168,0,4.38325159512086,17.5330063804835,1.18102806613056,0,400,25,11.6886709203223,39.4492643560878,0.497274975212866,1.42966555373699,0.01375,0.011,0.01375,0.01375,0,0,0,0
10/07/2010,9.14815791336628e-05,0.1,10.7154631902157,29.691693647661,318.914828400906,0,6.83382461521214,27.3352984608486,2.02911860194807,0,400,25,18.2235323072324,61.5044215369093,0.854365727136031,2.45630146551609,0.01375,0.011,0.01375,0.01375,0,0,0,0
11/07/2010,1.61676935434715e-06,0.1,10.6596475529492,29.691693647661,320.086844442171,0,6.83382461521214,27.3352984608486,2.02911860194809,0,400,25,18.2235323072324,61.5044215369093,0.854365727136036,2.4563014655161,0.01375,0.011,0.01375,0.01375,0,0,0,0
12/07/2010,0.00901452885682678,0.1,10.6060048157731,13.2424920525918,321.247363953343,0,4.58823373921118,18.3529349568447,1.18628009930785,0,400,25,12.2352899712298,41.2941036529006,0.499486357603304,1.4360232781095,0.01375,0.011,0.01375,0.01375,0,0,0,0
13/07/2010,0.00118401935689477,0.1,10.5545508580758,22.5132294530295,322.396043396021,0,5.98974318129466,23.9589727251786,1.78130658753924,0,400,25,15.9726484834524,53.907688631652,0.750023826332313,2.1563185007054,0.01375,0.011,0.01375,0.01375,0,0,0,0
14/07/2010,1.33453430411444e-05,0.1,10.5053009113207,22.5132294530296,323.532542736714,0,5.98974318129467,23.9589727251787,1.78130658753923,0,400,25,15.9726484834525,53.9076886316521,0.750023826332309,2.15631850070539,0.01375,0.011,0.01375,0.01375,0,0,0,0
15/07/2010,0.00110950320519237,0.1,10.4582695545372,38.599147375334,324.656525547499,0,7.96629060593614,31.8651624237446,2.39606249838322,0,400,25,21.2434416158297,71.6966154534253,1.00886842037188,2.90049670856916,0.01375,0.011,0.01375,0.01375,0,0,0,0
16/07/2010,1.2875734194902e-05,0.1,10.4134707100049,38.5991473753342,325.767659105614,0,7.96629060593616,31.8651624237446,2.39606249838322,0,400,25,21.2434416158298,71.6966154534255,1.00886842037188,2.90049670856916,0.01375,0.011,0.01375,0.01375,0,0,0,0
17/07/2010,2.45909424814792e-07,0.1,10.3709176391324,38.5991473753342,326.865614491947,0,7.96629060593616,31.8651624237446,2.39606249838322,0,400,25,21.2434416158298,71.6966154534255,1.00886842037188,2.90049670856917,0.01375,0.011,0.01375,0.01375,0,0,0,0
18/07/2010,0,0.1,10.3306229385318,0,327.950066688404,0,0,0,0,0,400,25,0,0,0,0,0.01375,0.011,0.01375,0.01375,0,0,0,0
19/07/2010,0.00011464842469338,0.1,10.2925985362894,6,329.020694674121,0,3.42857142857143,13.7142857142857,0.612903225806452,0,400,25,9.14285714285714,30.8571428571429,0.258064516129032,0.741935483870968,0.01375,0.011,0.01375,0.01375,0,0,0,0
20/07/2010,2.01483508016742e-06,0.1,10.2568556884352,5.99999999999998,330.077181520497,0,3.42857142857142,13.7142857142857,0.61290322580645,0,400,25,9.14285714285712,30.8571428571428,0.258064516129032,0.741935483870966,0.01375,0.011,0.01375,0.01375,0,0,0,0
21/07/2010,5.42756992718818e-08,0.1,10.2234049756106,0,331.119214485005,0,0,0,0,0,400,25,0,0,0,0,0.01375,0.011,0.01375,0.01375,0,0,0,0
22/07/2010,0,0.1,10.1922562999366,0,332.146485103776,0,0,0,0,0,400,25,0,0,0,0,0.01375,0.011,0.01375,0.01375,0,0,0,0
23/07/2010,0,0.1,10.1634188820821,0,333.158689282906,0,0,0,0,0,400,25,0,0,0,0,0.01375,0.011,0.01375,0.01375,0,0,0,0
24/07/2010,0,0.1,10.1369012585347,0,334.155527388481,0,0,0,0,0,400,25,0,0,0,0,0.01375,0.011,0.01375,0.01375,0,0,0,0
25/07/2010,0.0201187933398203,0.1,10.1127112790737,32.4543158292414,335.136704335266,0,7.42800757003259,29.7120302801304,2.29535077519016,0,400,25,19.8080201867536,66.8520681302934,0.966463484290595,2.77858251733546,0.01375,0.011,0.01375,0.01375,0,0,0,0
26/07/2010,0.0913917171874803,0.1,10.0908561044464,35.2536397701862,336.101929674065,0,7.58635426547492,30.3454170618997,2.36708014978093,0,400,25,20.2302780412665,68.2771883892743,0.996665326223548,2.8654128128927,0.01375,0.011,0.01375,0.01375,0,0,0,0
27/07/2010,0.0339690409061435,0.1,10.0713422042482,32.37959729702,337.050917677694,0,7.0503097117946,28.2012388471784,2.12612399758585,0,400,25,18.8008258981189,63.4527874061514,0.895210104246673,2.57372904970918,0.01375,0.011,0.01375,0.01375,0,0,0,0
28/07/2010,0.00996002171082167,0.1,10.0541753550077,26.2592092862278,337.983387425568,0,6.52879881884794,26.1151952753918,1.963904379294,0,400,25,17.4101301835945,58.7591893696315,0.826907107071157,2.37735793282958,0.01375,0.011,0.01375,0.01375,0,0,0,0
29/07/2010,0.65238895151001,0.1,10.0393606384765,38.5377237021549,338.899062886852,0,7.6568624122989,30.6274496491956,2.49315029992786,0,400,25,20.4182997661304,68.9117617106901,1.04974749470647,3.01802404728109,0.01375,0.011,0.01375,0.01375,0,0,0,0
30/07/2010,0.40914746408039,0.1,10.0269024401251,37.0046349187464,339.797673002179,0,7.20055075671673,28.8022030268669,2.30370850786144,0,400,25,19.2014686845779,64.8049568104505,0.969982529625871,2.78869977267438,0.01375,0.011,0.01375,0.01375,0,0,0,0
31/07/2010,0.10397378263349,0.1,10.0168044478446,32.2909903184076,340.678951763886,0,6.6887119822149,26.7548479288596,2.09181099887283,0,400,25,17.8365652859064,60.1984078399341,0.880762525841191,2.53219226179342,0.01375,0.011,0.01375,0.01375,0,0,0,0
01/08/2010,0.00725899226379459,0.1,10.0090696508551,22.5693555441625,341.542638294759,0,3.6539223775182,14.6156895100728,0.993050650015774,0,400,25,9.74379300671519,32.8853013976638,0.418126589480326,1.20211394475594,0.01375,0.011,0.01375,0.01375,0,0,0,0
02/08/2010,0.00231911028888752,0.1,10.0037003388204,6.7503198198303,342.388476925256,0,0.948798622586875,3.7951944903475,0.149388952808542,0,400,25,2.53012966023167,8.53918760328187,0.0629006117088599,0.180839258662972,0.01375,0.011,0.01375,0.01375,0,0,0,0
03/08/2010,0.010896846090109,0.1,10.000698101171,27.2328339138011,343.216217269194,0,6.34841245487769,25.3936498195108,1.9385019919019,0,400,25,16.9290998796738,57.1357120938992,0.816211365011324,2.34660767440756,0.01375,0.011,0.01375,0.01375,0,0,0,0
04/08/2010,0.00408527377564566,0.1,10.0000638266329,27.7463855133003,344.025614297865,0,5.32590049337723,21.3036019735089,1.54124818613616,0,400,25,14.2024013156726,47.9331044403951,0.64894660468891,1.86572148848062,0.01375,0.011,0.01375,0.01375,0,0,0,0
05/08/2010,0.000731222186742628,0.1,10.0017977029648,7.10718639697673,344.816428412574,0,1.08466331856384,4.33865327425535,0.194810092314203,0,400,25,2.89243551617024,9.76196986707454,0.082025302027033,0.23582274332772,0.01375,0.011,0.01375,0.01375,0,0,0,0
06/08/2010,9.0266599024954e-06,0.1,10.0058992169025,7.10718639697677,345.588425515561,0,1.08466331856384,4.33865327425537,0.194810092314204,0,400,25,2.89243551617025,9.76196986707458,0.0820253020270334,0.235822743327721,0.01375,0.011,0.01375,0.01375,0,0,0,0
07/08/2010,1.84132412559803e-07,0.1,10.0123671543109,7.10718639697679,346.341377079302,0,1.08466331856384,4.33865327425537,0.194810092314205,0,400,25,2.89243551617025,9.76196986707459,0.0820253020270338,0.235822743327722,0.01375,0.011,0.01375,0.01375,0,0,0,0
08/08/2010,0,0.1,10.0211996005432,0,347.075060214155,0,0,0,0,0,400,25,0,0,0,0,0.01375,0.011,0.01375,0.01375,0,0,0,0
09/08/2010,0,0.1,10.032393941008,0,347.789257734344,0,0,0,0,0,400,25,0,0,0,0,0.01375,0.011,0.01375,0.01375,0,0,0,0
10/08/2010,0.0495462454362359,0.1,10.0459468619428,27.054324892219,348.483758222246,0,6.43084716982342,25.7233886792937,1.91837618790479,0,400,25,17.1489257861958,57.8776245284108,0.807737342275703,2.32224485904264,0.01375,0.011,0.01375,0.01375,0,0,0,0
11/08/2010,0.0233271531377345,0.1,10.0618543513956,35.2958401343458,349.15835609098,0,7.82747847278691,31.3099138911476,2.42416328859994,0,400,25,20.8732759274318,70.4473062550822,1.02070033204208,2.93451345462098,0.01375,0.011,0.01375,0.01375,0,0,0,0
12/08/2010,0.00721107191200929,0.1,10.0801117004118,33.6424022274573,349.812851645262,0,7.45326484572549,29.813059382902,2.26343351099023,0,400,25,19.8753729219347,67.0793836115295,0.953024636206414,2.73994582909344,0.01375,0.011,0.01375,0.01375,0,0,0,0
13/08/2010,5.90055209699969e-05,0.1,10.1007135044287,33.6424022274572,350.447051140518,0,7.45326484572556,29.8130593829022,2.26343351099024,0,400,25,19.8753729219348,67.07938361153,0.953024636206417,2.73994582909345,0.01375,0.011,0.01375,0.01375,0,0,0,0
14/08/2010,8.23601882089028e-07,0.1,10.1236536648752,33.6424022274573,351.06076684024,0,7.45326484572558,29.8130593829023,2.26343351099023,0,400,25,19.8753729219349,67.0793836115303,0.953024636206414,2.73994582909344,0.01375,0.011,0.01375,0.01375,0,0,0,0
15/08/2010,2.61893781872327e-08,0.1,10.1489253909769,0,351.653817071558,0,0,0,0,0,400,25,0,0,0,0,0.01375,0.011,0.01375,0.01375,0,0,0,0
16/08/2010,0,0.1,10.1765212017667,0,352.226026279017,0,0,0,0,0,400,25,0,0,0,0,0.01375,0.011,0.01375,0.01375,0,0,0,0
17/08/2010,0,0.1,10.206432928299,0,352.777225076551,0,0,0,0,0,400,25,0,0,0,0,0.01375,0.011,0.01375,0.01375,0,0,0,0
18/08/2010,0,0.1,10.2386517160679,0,353.307250297619,0,0,0,0,0,400,25,0,0,0,0,0.01375,0.011,0.01375,0.01375,0,0,0,0
19/08/2010,0.00452035677676105,0.1,10.2731680276286,33.9283277351403,353.815945043506,0,7.70102843782583,30.8041137513033,2.39588039617772,0,400,25,20.5360758342022,69.3092559404324,1.00879174575904,2.90027626905725,0.01375,0.011,0.01375,0.01375,0,0,0,0
20/08/2010,0.00375515793555595,0.1,10.3099716454204,39.3884560718504,354.303158729775,0,8.06928586797082,32.2771434718833,2.42937023561473,0,400,25,21.5180956479222,72.6235728117374,1.02289273078515,2.9408166010073,0.01375,0.011,0.01375,0.01375,0,0,0,0
21/08/2010,3.47427891103164e-05,0.1,10.3490516747915,39.3884560718501,354.768747130835,0,8.06928586797087,32.2771434718835,2.42937023561474,0,400,25,21.5180956479223,72.6235728117378,1.02289273078516,2.94081660100732,0.01375,0.011,0.01375,0.01375,0,0,0,0
22/08/2010,5.33605394999648e-07,0.1,10.3903965472238,39.3884560718502,355.212572422639,0,8.06928586797089,32.2771434718835,2.42937023561473,0,400,25,21.5180956479224,72.623572811738,1.02289273078515,2.94081660100731,0.01375,0.011,0.01375,0.01375,0,0,0,0
23/08/2010,1.83899615077258e-08,0.1,10.4339940237578,0,355.634503223483,0,0,0,0,0,400,25,0,0,0,0,0.01375,0.011,0.01375,0.01375,0,0,0,0
24/08/2010,2.50972725112385e-24,0.1,10.4798311986152,0,356.034414632895,0,0,0,0,0,400,25,0,0,0,0,0.01375,0.011,0.01375,0.01375,0,0,0,0
25/08/2010,0,0.1,10.5278945030197,0,356.412188268613,0,0,0,0,0,400,25,0,0,0,0,0.01375,0.011,0.01375,0.01375,0,0,0,0
26/08/2010,0,0.1,10.5781697092131,0,356.767712301624,0,0,0,0,0,400,25,0,0,0,0,0.01375,0.011,0.01375,0.01375,0,0,0,0
27/08/2010,0,0.1,10.6306419346675,0,357.10088148927,0,0,0,0,0,400,25,0,0,0,0,0.01375,0.011,0.01375,0.01375,0,0,0,0
28/08/2010,0,0.1,10.6852956464909,0,357.4115972064,0,0,0,0,0,400,25,0,0,0,0,0.01375,0.011,0.01375,0.01375,0,0,0,0
29/08/2010,0,0.1,10.7421146660246,0,357.69976747457,0,0,0,0,0,400,25,0,0,0,0,0.01375,0.011,0.01375,0.01375,0,0,0,0
30/08/2010,0,0.1,10.8010821736331,0,357.965306989265,0,0,0,0,0,400,25,0,0,0,0,0.01375,0.011,0.01375,0.01375,0,0,0,0
31/08/2010,0,0.1,10.862180713683,0,358.208137145153,0,0,0,0,0,400,25,0,0,0,0,0.01375,0.011,0.01375,0.01375,0,0,0,0
01/09/2010,0,0.1,10.9253921997097,0,358.428186059355,0,0,0,0,0,400,25,0,0,0,0,0.01375,0.011,0.01375,0.01375,0,0,0,0
02/09/2010,0,0.1,10.9906979197721,0,358.625388592724,0,0,0,0,0,400,25,0,0,0,0,0.01375,0.011,0.01375,0.01375,0,0,0,0
03/09/2010,0.00295164751480142,0.1,11.0580785419912,28.9300817916181,358.799686369124,0,7.02247126289269,28.0898850515708,2.16989868074013,0,400,25,18.7265900343805,63.2022413660342,0.913641549785317,2.62671945563279,0.01375,0.011,0.01375,0.01375,0,0,0,0
04/09/2010,0.03855385253554,0.1,11.1275141202729,37.2060224681954,358.951027792715,0,8.14924053107341,32.5969621242937,2.54592294983199,0,400,25,21.7313080828624,73.3431647796607,1.07196755782399,3.08190672874399,0.01375,0.011,0.01375,0.01375,0,0,0,0
05/09/2010,0.0080214771700161,0.1,11.1989841002127,39.3229527930848,359.079368063225,0,8.09054904628045,32.3621961851218,2.44365912661024,0,400,25,21.5747974567479,72.814941416524,1.02890910594115,2.95811367958081,0.01375,0.011,0.01375,0.01375,0,0,0,0
06/09/2010,0.000561770551399658,0.1,11.2724673251798,38.4033372140993,359.184669189209,0,7.94537814273684,31.7815125709474,2.39045464466027,0,400,25,21.1876750472982,71.5084032846316,1.00650721880432,2.89370825406243,0.01375,0.011,0.01375,0.01375,0,0,0,0
07/09/2010,7.14314985934866e-06,0.1,11.3479420425803,38.4033372140992,359.2668999993,0,7.94537814273685,31.7815125709474,2.39045464466026,0,400,25,21.1876750472983,71.5084032846316,1.00650721880432,2.89370825406242,0.01375,0.011,0.01375,0.01375,0,0,0,0
08/09/2010,1.52173318313253e-07,0.1,11.4253859102962,38.4033372140994,359.326036151433,0,7.94537814273684,31.7815125709474,2.39045464466026,0,400,25,21.1876750472982,71.5084032846316,1.00650721880432,2.89370825406242,0.01375,0.011,0.01375,0.01375,0,0,0,0
09/09/2010,0,0.1,11.5047760032994,0,359.362060140052,0,0,0,0,0,400,25,0,0,0,0,0.01375,0.011,0.01375,0.01375,0,0,0,0
10/09/2010,0,0.1,11.5860888204375,0,359.374961301293,0,0,0,0,0,400,25,0,0,0,0,0.01375,0.011,0.01375,0.01375,0,0,0,0
11/09/2010,0.000894563295183605,0.1,11.6693002913912,38.7669877795964,359.364735816136,0,7.9874354344029,31.9497417376116,2.40271355710354,0,400,25,21.2998278250744,71.8869189096261,1.01166886614886,2.90854799017797,0.01375,0.011,0.01375,0.01375,0,0,0,0
12/09/2010,1.07996774262833e-05,0.1,11.7543857837993,38.7669877795959,359.331386711544,0,7.9874354344029,31.9497417376116,2.40271355710352,0,400,25,21.2998278250744,71.8869189096261,1.01166886614885,2.90854799017794,0.01375,0.011,0.01375,0.01375,0,0,0,0
13/09/2010,2.13094769010415e-07,0.1,11.8413201105505,38.7669877795959,359.274923859559,0,7.9874354344029,31.9497417376116,2.4027135571035,0,400,25,21.2998278250744,71.8869189096261,1.01166886614884,2.90854799017793,0.01375,0.011,0.01375,0.01375,0,0,0,0
14/09/2010,0,0.1,11.9300775372393,0,359.195363974383,0,0,0,0,0,400,25,0,0,0,0,0.01375,0.011,0.01375,0.01375,0,0,0,0
15/09/2010,0.0620867555191207,0.1,12.0206317897838,38.4439341609928,359.09273060743,0,8.33564295523983,33.3425718209593,2.61238562065779,0,400,25,22.2283812139729,75.0207865971585,1.09995184027697,3.16236154079628,0.01375,0.011,0.01375,0.01375,0,0,0,0
16/09/2010,0.0212540666288166,0.1,12.1129560622039,38.4811626515053,358.967054140356,0,8.08443217899917,32.3377287159967,2.46747426860507,0,400,25,21.5584858106645,72.7598896109925,1.03893653414951,2.98694253567983,0.01375,0.011,0.01375,0.01375,0,0,0,0
17/09/2010,0.000142787415449796,0.1,12.2070230245555,38.481162651506,358.818371776061,0,8.08443217899927,32.3377287159971,2.46747426860507,0,400,25,21.5584858106647,72.7598896109934,1.0389365341495,2.98694253567982,0.01375,0.011,0.01375,0.01375,0,0,0,0
18/09/2010,1.69838613314162e-06,0.1,12.3028048310218,38.4811626515058,358.646727527679,0,8.08443217899925,32.337728715997,2.46747426860507,0,400,25,21.5584858106647,72.7598896109932,1.0389365341495,2.98694253567982,0.01375,0.011,0.01375,0.01375,0,0,0,0
19/09/2010,4.72238505593318e-08,0.1,12.4002731281556,0,358.452172205552,0,0,0,0,0,400,25,0,0,0,0,0.01375,0.011,0.01375,0.01375,0,0,0,0
20/09/2010,0,0.1,12.4993990632724,0,358.234763402183,0,0,0,0,0,400,25,0,0,0,0,0.01375,0.011,0.01375,0.01375,0,0,0,0
21/09/2010,0,0.1,12.600153292992,0,357.994565475191,0,0,0,0,0,400,25,0,0,0,0,0.01375,0.011,0.01375,0.01375,0,0,0,0
22/09/2010,0,0.1,12.7025059919243,0,357.73164952826,0,0,0,0,0,400,25,0,0,0,0,0.01375,0.011,0.01375,0.01375,0,0,0,0
23/09/2010,0,0.1,12.8064268614986,0,357.446093390089,0,0,0,0,0,400,25,0,0,0,0,0.01375,0.011,0.01375,0.01375,0,0,0,0
24/09/2010,0,0.1,12.9118851389321,0,357.137981591355,0,0,0,0,0,400,25,0,0,0,0,0.01375,0.011,0.01375,0.01375,0,0,0,0
25/09/2010,0,0.1,13.0188496063369,0,356.807405339689,0,0,0,0,0,400,25,0,0,0,0,0.01375,0.011,0.01375,0.01375,0,0,0,0
26/09/2010,0,0.1,13.1272885999607,0,356.454462492675,0,0,0,0,0,400,25,0,0,0,0,0.01375,0.011,0.01375,0.01375,0,0,0,0
27/09/2010,0,0.1,13.2371700195604,0,356.079257528887,0,0,0,0,0,400,25,0,0,0,0,0.01375,0.011,0.01375,0.01375,0,0,0,0
28/09/2010,0,0.1,13.3484613379039,0,355.681901516956,0,0,0,0,0,400,25,0,0,0,0,0.01375,0.011,0.01375,0.01375,0,0,0,0
29/09/2010,0,0.1,13.4611296103994,0,355.262512082693,0,0,0,0,0,400,25,0,0,0,0,0.01375,0.011,0.01375,0.01375,0,0,0,0
30/09/2010,0,0.1,13.5751414848473,0,354.82121337427,0,0,0,0,0,400,25,0,0,0,0,0.01375,0.011,0.01375,0.01375,0,0,0,0
01/10/2010,0.000147803471229078,0.1,13.6904632113135,36.8563749862984,354.35813602547,0,7.74660188902921,30.9864075561169,2.32694162659134,0,400,25,20.6576050374112,69.7194170012629,0.979764895406881,2.81682407429478,0.01375,0.011,0.01375,0.01375,0,0,0,0
02/10/2010,2.47988339690628e-06,0.1,13.8070606521197,36.8563749862985,353.873417117015,0,7.74660188902922,30.9864075561169,2.32694162659133,0,400,25,20.6576050374113,69.719417001263,0.979764895406876,2.81682407429477,0.01375,0.011,0.01375,0.01375,0,0,0,0
03/10/2010,0.108238392963993,0.1,13.9248992919492,38.0797874992789,353.367200135988,0,8.12198256616609,32.4879302646643,2.56050875076757,0,400,25,21.6586201764429,73.0978430954948,1.07810894769161,3.09956322461337,0.01375,0.011,0.01375,0.01375,0,0,0,0
04/10/2010,0.797205823586504,0.1,14.0439442480639,38.7525407773378,352.839634933357,0,7.69377756062229,30.7751102424892,2.49377238582418,0,400,25,20.5167401616594,69.2439980456006,1.05000942561018,3.01877709862927,0.01375,0.011,0.01375,0.01375,0,0,0,0
05/10/2010,0.377083221453321,0.1,14.1641602806307,36.5554904429274,352.290877679617,0,7.05355323463639,28.2142129385456,2.23232679682789,0,400,25,18.8094752923637,63.4819791117275,0.939927072348583,2.70229033300218,0.01375,0.011,0.01375,0.01375,0,0,0,0
06/10/2010,0.0166943970337491,0.1,14.2855118031529,23.2427299472441,351.721090818561,0,4.1704407737156,16.6817630948624,1.18326952175096,0,400,25,11.1211753965749,37.5339669634404,0.498218746000403,1.43237889475116,0.01375,0.011,0.01375,0.01375,0,0,0,0
07/10/2010,0.00403268735576225,0.1,14.4079628930047,6.49253001313719,351.13044301919,0,0.951785565772521,3.80714226309009,0.152878695871334,0,400,25,2.53809484206006,8.56607009195269,0.0643699772089826,0.185063684475825,0.01375,0.011,0.01375,0.01375,0,0,0,0
08/10/2010,0.00268040839633434,0.1,14.5314773020651,6.00677082656222,350.519109125787,0,0.858443913623515,3.43377565449406,0.122997153477656,0,400,25,2.28918376966271,7.72599522261164,0.0517882751484866,0.148891291051899,0.01375,0.011,0.01375,0.01375,0,0,0,0
09/10/2010,0.00176285300419994,0.1,14.6560184674478,6.00010183763853,349.887270106158,0,0.857162425879166,3.42864970351666,0.122586909717468,0,400,25,2.28576646901111,7.71446183291249,0.0516155409336707,0.148394680184303,0.01375,0.011,0.01375,0.01375,0,0,0,0
10/10/2010,1.87143488073853e-05,0.1,14.7815495223251,6.00010183763853,349.235112998059,0,0.857162425879172,3.42864970351669,0.122586909717468,0,400,25,2.28576646901112,7.71446183291255,0.0516155409336706,0.148394680184303,0.01375,0.011,0.01375,0.01375,0,0,0,0
11/10/2010,3.21310962711234e-07,0.1,14.908033306841,6.00010183763855,348.562830853834,0,0.857162425879173,3.42864970351669,0.122586909717467,0,400,25,2.28576646901113,7.71446183291256,0.0516155409336701,0.148394680184302,0.01375,0.011,0.01375,0.01375,0,0,0,0
12/10/2010,1.21656596237635e-08,0.1,15.0354323791111,0,347.870622683264,0,0,0,0,0,400,25,0,0,0,0,0.01375,0.011,0.01375,0.01375,0,0,0,0
13/10/2010,2.92048735580791e-05,0.1,15.1637090263067,35.6294188181388,347.158693394657,0,7.59194354850489,30.3677741940195,2.27828245407799,0,400,25,20.245182796013,68.327491936544,0.95927682276968,2.75792086546283,0.01375,0.011,0.01375,0.01375,0,0,0,0
14/10/2010,6.58360158065751e-07,0.1,15.292825275818,35.6294188181386,346.427253734189,0,7.59194354850489,30.3677741940196,2.278282454078,0,400,25,20.245182796013,68.327491936544,0.959276822769684,2.75792086546284,0.01375,0.011,0.01375,0.01375,0,0,0,0
15/10/2010,2.18225238119621e-08,0.1,15.4227429064953,0,345.676520223521,0,0,0,0,0,400,25,0,0,0,0,0.01375,0.011,0.01375,0.01375,0,0,0,0
16/10/2010,2.50972725112385e-24,0.1,15.553423459963,0,344.906715095704,0,0,0,0,0,400,25,0,0,0,0,0.01375,0.011,0.01375,0.01375,0,0,0,0
17/10/2010,0.0004276584692382,0.1,15.6848282520041,38.3555598458611,344.11806622939,0,7.9355747704867,31.7422990819468,2.38639696542409,0,400,25,21.1615327212979,71.4201729343803,1.00479872228383,2.88879632656601,0.01375,0.011,0.01375,0.01375,0,0,0,0
18/10/2010,5.90951161245035e-06,0.1,15.8169183840117,38.3555598458611,343.310807081381,0,7.93557477048663,31.7422990819465,2.3863969654241,0,400,25,21.1615327212977,71.4201729343797,1.00479872228383,2.88879632656601,0.01375,0.011,0.01375,0.01375,0,0,0,0
19/10/2010,1.30396975446578e-07,0.1,15.9496547545038,38.355559845861,342.485176617513,0,7.93557477048661,31.7422990819464,2.3863969654241,0,400,25,21.1615327212976,71.4201729343795,1.00479872228383,2.88879632656602,0.01375,0.011,0.01375,0.01375,0,0,0,0
20/10/2010,0,0.1,16.0829980706979,0,341.641419241926,0,0,0,0,0,400,25,0,0,0,0,0.01375,0.011,0.01375,0.01375,0,0,0,0
21/10/2010,0,0.1,16.2169088601428,0,340.779784724706,0,0,0,0,0,400,25,0,0,0,0,0.01375,0.011,0.01375,0.01375,0,0,0,0
22/10/2010,0,0.1,16.3513474824032,0,339.900528127956,0,0,0,0,0,400,25,0,0,0,0,0.01375,0.011,0.01375,0.01375,0,0,0,0
23/10/2010,0,0.1,16.486274140794,0,339.003909730285,0,0,0,0,0,400,25,0,0,0,0,0.01375,0.011,0.01375,0.01375,0,0,0,0
24/10/2010,0.0275824618194928,0.1,16.6216488941613,30.2984778162686,338.090194949768,0,7.03948303699333,28.1579321479733,2.14346420268126,0,400,25,18.7719547653155,63.3553473329399,0.902511243234214,2.59471982429837,0.01375,0.011,0.01375,0.01375,0,0,0,0
25/10/2010,0.0231988646666383,0.1,16.7574316687051,35.1034009511498,337.159654265367,0,7.81954943240112,31.2781977296045,2.42561424776357,0,400,25,20.8521318197363,70.37594489161,1.02131126221624,2.93626987887169,0.01375,0.011,0.01375,0.01375,0,0,0,0
26/10/2010,0.00309690135403839,0.1,16.893582269843,39.3249952050842,336.212563136873,0,8.07239781749586,32.2895912699834,2.43321272144339,0,400,25,21.526394179989,72.6515803574627,1.02451061955511,2.94546803122094,0.01375,0.011,0.01375,0.01375,0,0,0,0
27/10/2010,2.93547176777662e-05,0.1,17.0300603941077,39.3249952050843,335.249201923357,0,8.07239781749574,32.289591269983,2.4332127214434,0,400,25,21.5263941799886,72.6515803574617,1.02451061955512,2.94546803122096,0.01375,0.011,0.01375,0.01375,0,0,0,0
28/10/2010,0.00445675607567373,0.1,17.1668256410784,32.9815298008562,334.269855800181,0,7.57560226949689,30.3024090779875,2.35485276045663,0,400,25,20.2016060519917,68.180420425472,0.991516951771213,2.85061123634224,0.01375,0.011,0.01375,0.01375,0,0,0,0
29/10/2010,0.00308275447901693,0.1,17.3038375253397,39.4453493654723,333.27481467458,0,8.07709358633907,32.3083743453563,2.43199052311404,0,400,25,21.5389162302375,72.6938422770516,1.02399600973223,2.94398852798015,0.01375,0.011,0.01375,0.01375,0,0,0,0
30/10/2010,2.95546595978068e-05,0.1,17.4410554884664,39.4453493654725,332.264373099842,0,8.077093586339,32.308374345356,2.43199052311403,0,400,25,21.5389162302373,72.693842277051,1.02399600973222,2.94398852798014,0.01375,0.011,0.01375,0.01375,0,0,0,0
31/10/2010,4.67353013248126e-07,0.1,17.5784389110296,39.4453493654726,331.238830188116,0,8.07709358633901,32.308374345356,2.43199052311401,0,400,25,21.5389162302374,72.6938422770511,1.02399600973222,2.94398852798012,0.01375,0.011,0.01375,0.01375,0,0,0,0
01/11/2010,0.00144355384893462,0.1,17.7159471246209,39.2491759426576,330.198489521866,0,8.04821550188935,32.1928620075574,2.42183641622416,0,400,25,21.4619080050383,72.4339395170042,1.01972059630491,2.93169671437662,0.01375,0.011,0.01375,0.01375,0,0,0,0
02/11/2010,0.54702996784614,0.1,17.853539423891,38.2693908027537,329.143659064006,0,7.70319012809627,30.8127605123851,2.48906311734195,0,400,25,20.54184034159,69.3287111528664,1.04802657572292,3.01307640520341,0.01375,0.011,0.01375,0.01375,0,0,0,0
03/11/2010,0.188417927387794,0.1,17.9911750785997,35.6240695387929,328.074651066735,0,6.82862253459302,27.3144901383721,2.10658798471625,0,400,25,18.2096600922481,61.4576028113372,0.886984414617367,2.55008019202493,0.01375,0.011,0.01375,0.01375,0,0,0,0
04/11/2010,0.00434166133219063,0.1,18.1288133456723,11.9320348946592,326.991781979106,0,2.03301725966268,8.13206903865072,0.512326404700275,0,400,25,5.42137935910048,18.2971553369641,0.215716380926431,0.62018459516349,0.01375,0.011,0.01375,0.01375,0,0,0,0
05/11/2010,0.00133080991054622,0.1,18.2664134812612,10.8811494758701,325.895372353347,0,1.74284988318016,6.97139953272062,0.399598976952095,0,400,25,4.64759968848041,15.6856489486214,0.168252200821935,0.483725077363062,0.01375,0.011,0.01375,0.01375,0,0,0,0
06/11/2010,0.00362291139364682,0.1,18.4039347528061,22.0101201018527,324.785746749974,0,4.51208113883032,18.0483245553213,1.29934601023912,0,400,25,12.0322163702142,40.6087302494729,0.547093056942788,1.57289253871051,0.01375,0.011,0.01375,0.01375,0,0,0,0
07/11/2010,0.00104639922785267,0.1,18.5413364510926,37.2579080695223,323.663233641712,0,7.78983163512773,31.1593265405109,2.34970207818349,0,400,25,20.7728843603406,70.1084847161496,0.989348243445679,2.84437619990633,0.01375,0.011,0.01375,0.01375,0,0,0,0
08/11/2010,0.0013819628570256,0.1,18.678577902302,39.3824237193647,322.528165316262,0,8.06494590190787,32.2597836076315,2.42718142491645,0,400,25,21.5065224050877,72.5845131171708,1.02197112628061,2.93816698805675,0.01375,0.011,0.01375,0.01375,0,0,0,0
09/11/2010,0.15117783431554,0.1,18.8156184800527,35.6379056101074,321.380877777935,0,7.46420501686033,29.8568200674413,2.37077572537294,0,400,25,19.9045467116276,67.177845151743,0.998221358051765,2.86988640439882,0.01375,0.011,0.01375,0.01375,0,0,0,0
10/11/2010,0.0223821717318466,0.1,18.9524176174254,35.1563474141728,320.221710648189,0,6.69525115878713,26.7810046351485,1.99580964116465,0,400,25,17.854003090099,60.2572604290842,0.840340901543009,2.41598009193615,0.01375,0.011,0.01375,0.01375,0,0,0,0
11/11/2010,0.00427825052326367,0.1,19.0889348189725,34.055111852607,319.05100706509,0,7.67297002904775,30.691880116191,2.38319434138288,0,400,25,20.461253410794,69.0567302614297,1.00345024900332,2.88491946588454,0.01375,0.011,0.01375,0.01375,0,0,0,0
12/11/2010,0.00531869023246192,0.1,19.2251296727055,39.6285337620804,317.869113581744,0,8.09806403981502,32.3922561592601,2.43809692220786,0,400,25,21.5948374395067,72.8825763583352,1.02656712514015,2.95138048477793,0.01375,0.011,0.01375,0.01375,0,0,0,0
13/11/2010,0.00132552685250482,0.1,19.3609618620575,39.1890272409868,316.676380063702,0,8.04070472920681,32.1628189168272,2.41949352640354,0,400,25,21.4418792778848,72.3663425628613,1.01873411638044,2.92886058459377,0.01375,0.011,0.01375,0.01375,0,0,0,0
14/11/2010,1.4742005054012e-05,0.1,19.496391177818,39.1890272409868,315.473159585395,0,8.04070472920679,32.1628189168272,2.41949352640353,0,400,25,21.4418792778848,72.3663425628611,1.01873411638044,2.92886058459375,0.01375,0.011,0.01375,0.01375,0,0,0,0
15/11/2010,0.0134137749716605,0.1,19.6313775300357,19.4760457811153,314.259808325618,0,5.48827675259036,21.9531070103614,1.55551057259001,0,400,25,14.6354046735743,49.3944907733133,0.654951820037898,1.88298648260896,0.01375,0.011,0.01375,0.01375,0,0,0,0
16/11/2010,0.169382406993254,0.1,19.7658809598859,36.9007235262344,313.036685462092,0,7.68784662079547,30.7513864831819,2.45450363683942,0,400,25,20.5009243221213,69.1906195871592,1.03347521551133,2.97124124459508,0.01375,0.011,0.01375,0.01375,0,0,0,0
17/11/2010,0.0753621601733529,0.1,19.899861651499,33.1901786874419,311.80415306514,0,6.66488391147862,26.6595356459145,2.02863826414559,0,400,25,17.773023763943,59.9839552033076,0.854163479640249,2.45572000396572,0.01375,0.011,0.01375,0.01375,0,0,0,0
18/11/2010,0.000401737608534722,0.1,20.0332799437473,33.1901786874418,310.562575990505,0,6.66488391147867,26.6595356459147,2.02863826414559,0,400,25,17.7730237639431,59.983955203308,0.854163479640246,2.45572000396571,0.01375,0.011,0.01375,0.01375,0,0,0,0
19/11/2010,3.96005023750837e-06,0.1,20.166096341985,33.1901786874417,309.31232177135,0,6.66488391147871,26.6595356459148,2.02863826414559,0,400,25,17.7730237639432,59.9839552033084,0.854163479640248,2.45572000396571,0.01375,0.011,0.01375,0.01375,0,0,0,0
20/11/2010,9.41135716502987e-08,0.1,20.2982715297398,0,308.053760509454,0,0,0,0,0,400,25,0,0,0,0,0.01375,0.011,0.01375,0.01375,0,0,0,0
21/11/2010,0,0.1,20.4297663803513,0,306.787264765657,0,0,0,0,0,400,25,0,0,0,0,0.01375,0.011,0.01375,0.01375,0,0,0,0
22/11/2010,0,0.1,20.5605419685534,0,305.513209449576,0,0,0,0,0,400,25,0,0,0,0,0.01375,0.011,0.01375,0.01375,0,0,0,0
23/11/2010,0,0.1,20.6905595819968,0,304.231971708621,0,0,0,0,0,400,25,0,0,0,0,0.01375,0.011,0.01375,0.01375,0,0,0,0
24/11/2010,0,0.1,20.8197807327088,0,302.94393081635,0,0,0,0,0,400,25,0,0,0,0,0.01375,0.011,0.01375,0.01375,0,0,0,0
25/11/2010,0,0.1,20.9481671684868,0,301.649468060202,0,0,0,0,0,400,25,0,0,0,0,0.01375,0.011,0.01375,0.01375,0,0,0,0
26/11/2010,0,0.1,21.0756808842214,0,300.348966628621,0,0,0,0,0,400,25,0,0,0,0,0.01375,0.011,0.01375,0.01375,0,0,0,0
27/11/2010,0,0.1,21.2022841331467,0,299.042811497628,0,0,0,0,0,400,25,0,0,0,0,0.01375,0.011,0.01375,0.01375,0,0,0,0
28/11/2010,0,0.1,21.3279394380145,0,297.73138931686,0,0,0,0,0,400,25,0,0,0,0,0.01375,0.011,0.01375,0.01375,0,0,0,0
29/11/2010,0.0793109651066561,0.1,21.4526096021881,33.6108938810261,296.41508829511,0,7.41242174147675,29.649686965907,2.29995372600383,0,400,25,19.7664579772713,66.7117956732907,0.96840156884372,2.78415451042569,0.01375,0.011,0.01375,0.01375,0,0,0,0
30/11/2010,0.0905729148927895,0.1,21.5762577206533,35.6469599649928,295.094298085414,0,7.67311966780401,30.692478671216,2.38295807723566,0,400,25,20.4616524474774,69.0580770102361,1.00335076936238,2.88463346191685,0.01375,0.011,0.01375,0.01375,0,0,0,0
01/12/2010,0.986152197280162,0.1,21.6988471909432,38.6301885669978,293.769409669701,0,7.6555902159077,30.6223608636308,2.4901692715437,0,400,25,20.4149072424205,68.9003119431693,1.0484923248605,3.01441543397395,0.01375,0.011,0.01375,0.01375,0,0,0,0
02/12/2010,0.59190844659696,0.1,21.8203417239731,37.0438188813838,292.440815243058,0,7.1593089279733,28.6372357118932,2.28579323973461,0,400,25,19.0914904745955,64.4337803517597,0.962439258835626,2.76701286915242,0.01375,0.011,0.01375,0.01375,0,0,0,0
03/12/2010,0.0623395174333886,0.1,21.9407053547832,27.0124879971825,291.108908097629,0,5.49058418943081,21.9623367577232,1.62816587779712,0,400,25,14.6415578384822,49.4152577048773,0.685543527493522,1.97093764154388,0.01375,0.011,0.01375,0.01375,0,0,0,0
04/12/2010,0.0159328281936792,0.1,22.0599024531845,14.8861435382706,289.774082506192,0,3.74658090273952,14.9863236109581,1.05114640933094,0,400,25,9.99088240730539,33.7192281246557,0.442587961823555,1.27244039024272,0.01375,0.011,0.01375,0.01375,0,0,0,0
05/12/2010,0.0436951937958537,0.1,22.1778977343065,28.8399205545658,288.436733605447,0,6.50482143002413,26.0192857200965,1.98446559029415,0,400,25,17.3461904800644,58.5433928702172,0.835564459071222,2.40224781982976,0.01375,0.011,0.01375,0.01375,0,0,0,0
06/12/2010,0.00783203474579681,0.1,22.294656269042,29.2147781278893,287.097257279049,0,5.54902881679458,22.1961152671783,1.61303191119735,0,400,25,14.7974101781189,49.9412593511512,0.679171331030463,1.95261757671258,0.01375,0.011,0.01375,0.01375,0,0,0,0
07/12/2010,0.337892035535731,0.1,22.4101434943871,36.6339229943591,285.756050040415,0,7.46903834836397,29.8761533934559,2.40541826160712,0,400,25,19.9174355956372,67.2213451352757,1.01280768909774,2.91182210615599,0.01375,0.011,0.01375,0.01375,0,0,0,0
08/12/2010,0.0789777539719599,0.1,22.5243252236724,32.6530486213377,284.413508915348,0,6.37378126349269,25.4951250539708,1.93889649857576,0,400,25,16.9967500359805,57.3640313714342,0.81637747308453,2.34708523511802,0.01375,0.011,0.01375,0.01375,0,0,0,0
09/12/2010,0.00227587981864856,0.1,22.637167656683,14.5248059484172,283.070031324511,0,2.65839063186144,10.6335625274458,0.704723116177999,0,400,25,7.08904168496384,23.925515686753,0.296725522601263,0.853085877478631,0.01375,0.011,0.01375,0.01375,0,0,0,0
10/12/2010,0.00147294496821868,0.1,22.7486373896641,35.3536590663122,281.726014965779,0,7.52311158342008,30.0924463336803,2.25630634251908,0,400,25,20.0616308891202,67.7080042507807,0.95002372316593,2.73131820410205,0.01375,0.011,0.01375,0.01375,0,0,0,0
11/12/2010,1.61604679138094e-05,0.1,22.8587014252095,35.3536590663122,280.381857696517,0,7.52311158342005,30.0924463336802,2.25630634251909,0,400,25,20.0616308891201,67.7080042507804,0.950023723165931,2.73131820410205,0.01375,0.011,0.01375,0.01375,0,0,0,0
12/12/2010,2.95909983381206e-07,0.1,22.9673271820289,35.3536590663122,279.037957415799,0,7.52311158342005,30.0924463336802,2.25630634251909,0,400,25,20.0616308891201,67.7080042507805,0.950023723165931,2.73131820410205,0.01375,0.011,0.01375,0.01375,0,0,0,0
13/12/2010,0,0.1,23.0744825045931,0,277.694711946626,0,0,0,0,0,400,25,0,0,0,0,0.01375,0.011,0.01375,0.01375,0,0,0,0
14/12/2010,0,0.1,23.180135672653,0,276.352518918163,0,0,0,0,0,400,25,0,0,0,0,0.01375,0.011,0.01375,0.01375,0,0,0,0
15/12/2010,0,0.1,23.2842554106286,0,275.011775648026,0,0,0,0,0,400,25,0,0,0,0,0.01375,0.011,0.01375,0.01375,0,0,0,0
16/12/2010,0,0.1,23.3868108968681,0,273.672879024676,0,0,0,0,0,400,25,0,0,0,0,0.01375,0.011,0.01375,0.01375,0,0,0,0
17/12/2010,0.00708857413246751,0.1,23.4877717727713,31.8313317800681,272.336225389925,0,7.41694499837615,29.6677799935046,2.30141539292467,0,400,25,19.7785199956697,66.7525049853854,0.969017007547229,2.78592389669828,0.01375,0.011,0.01375,0.01375,0,0,0,0
18/12/2010,0.00455216165414502,0.1,23.5871081517765,38.9708037022422,271.002210421614,0,8.01705361983819,32.0682144793528,2.41304305114272,0,400,25,21.3788096529018,72.1534825785437,1.01601812679693,2.92105211454118,0.01375,0.011,0.01375,0.01375,0,0,0,0
19/12/2010,4.06307831893534e-05,0.1,23.6847906282074,38.9708037022425,269.671229016481,0,8.01705361983815,32.0682144793526,2.41304305114273,0,400,25,21.3788096529017,72.1534825785434,1.01601812679694,2.9210521145412,0.01375,0.011,0.01375,0.01375,0,0,0,0
20/12/2010,6.06658682988354e-07,0.1,23.7807902859783,38.9708037022422,268.343675173266,0,8.0170536198381,32.0682144793524,2.41304305114272,0,400,25,21.3788096529016,72.1534825785429,1.01601812679694,2.92105211454119,0.01375,0.011,0.01375,0.01375,0,0,0,0
21/12/2010,0.000518591733105929,0.1,23.8750787071532,37.8397751277359,267.019941876079,0,7.87056004257587,31.4822401703035,2.36594183330346,0,400,25,20.9881601135357,70.8350403831828,0.996186035075139,2.86403485084103,0.01375,0.011,0.01375,0.01375,0,0,0,0
22/12/2010,6.91767964298863e-06,0.1,23.9676279803587,37.8397751277361,265.700420978066,0,7.87056004257585,31.4822401703034,2.36594183330345,0,400,25,20.9881601135356,70.8350403831826,0.996186035075136,2.86403485084102,0.01375,0.011,0.01375,0.01375,0,0,0,0
23/12/2010,1.48249068257312e-07,0.1,24.0584107090458,37.8397751277359,264.385503085413,0,7.87056004257583,31.4822401703033,2.36594183330344,0,400,25,20.9881601135356,70.8350403831825,0.996186035075133,2.86403485084101,0.01375,0.011,0.01375,0.01375,0,0,0,0
24/12/2010,2.00778180089908e-23,0.1,24.1474000196006,0,263.07557744172,0,0,0,0,0,400,25,0,0,0,0,0.01375,0.011,0.01375,0.01375,0,0,0,0
25/12/2010,0,0.1,24.2345695692986,0,261.771031812774,0,0,0,0,0,400,25,0,0,0,0,0.01375,0.011,0.01375,0.01375,0,0,0,0
26/12/2010,0.00709981092381406,0.1,24.3198935541034,32.5768114582832,260.472252371766,0,7.5208172957563,30.0832691830252,2.33664562585204,0,400,25,20.0555127886835,67.6873556618067,0.983850789832437,2.82857102076825,0.01375,0.011,0.01375,0.01375,0,0,0,0
27/12/2010,0.0274802516703235,0.1,24.4033467163048,35.8541429147594,259.17962358497,0,7.91453239443639,31.6581295777456,2.45552534218919,0,400,25,21.105419718497,71.2307915499275,1.03390540723756,2.97247804580797,0.01375,0.011,0.01375,0.01375,0,0,0,0
28/12/2010,0.00678655148448112,0.1,24.484904351996,38.0759248613409,257.893528097937,0,7.95360077191823,31.8144030876729,2.40578215859333,0,400,25,21.2096020584486,71.582406947264,1.0129609088814,2.91226261303403,0.01375,0.011,0.01375,0.01375,0,0,0,0
29/12/2010,0.000101237831176116,0.1,24.5645423183859,37.8749023320051,256.614346622224,0,7.90447001209769,31.6178800483908,2.38419999323805,0,400,25,21.0785866989272,71.1402301088792,1.00387368136339,2.88613683391974,0.01375,0.011,0.01375,0.01375,0,0,0,0
30/12/2010,1.52652732898459e-06,0.1,24.6422370409468,37.874902332005,255.342457822691,0,7.90447001209767,31.6178800483907,2.38419999323805,0,400,25,21.0785866989271,71.140230108879,1.00387368136339,2.88613683391975,0.01375,0.011,0.01375,0.01375,0,0,0,0
31/12/2010,4.32932919226976e-08,0.1,24.7179655203918,0,254.078238205414,0,0,0,0,0,400,25,0,0,0,0,0.01375,0.011,0.01375,0.01375,0,0,0,0
01/01/2011,0,0.1,24.8051371179797,0,252.59041410873,0,0,0,0,0,400,25,0,0,0,0,0.01375,0.011,0.01375,0.01375,0,0,0,0
02/01/2011,0,0.1,24.8764918925008,0,251.344251726306,0,0,0,0,0,400,25,0,0,0,0,0.01375,0.011,0.01375,0.01375,0,0,0,0
03/01/2011,0,0.1,24.9458110794992,0,250.106942079986,0,0,0,0,0,400,25,0,0,0,0,0.01375,0.011,0.01375,0.01375,0,0,0,0
04/01/2011,0.0113778680695141,0.1,25.0130741590243,32.6602054100315,248.878851439682,0,7.52121869489571,30.0848747795828,2.33416929166924,0,400,25,20.0565831863886,67.6909682540614,0.9828081228081,2.82557335307329,0.01375,0.011,0.01375,0.01375,0,0,0,0
05/01/2011,0.00290411060679414,0.1,25.0782612197774,39.0639824445578,247.660343346284,0,8.03390772697825,32.135630907913,2.41966087847774,0,400,25,21.4237539386087,72.3051695428042,1.01880458041168,2.92906316868358,0.01375,0.011,0.01375,0.01375,0,0,0,0
06/01/2011,2.80145378309233e-05,0.1,25.1413529650052,39.0639824445574,246.451778504046,0,8.03390772697823,32.1356309079129,2.41966087847775,0,400,25,21.4237539386086,72.3051695428041,1.01880458041168,2.92906316868359,0.01375,0.011,0.01375,0.01375,0,0,0,0
07/01/2011,4.47291973755148e-07,0.1,25.2023307182122,39.0639824445572,245.253514673805,0,8.03390772697828,32.1356309079131,2.41966087847774,0,400,25,21.4237539386087,72.3051695428045,1.01880458041168,2.92906316868358,0.01375,0.011,0.01375,0.01375,0,0,0,0
08/01/2011,0.000600347881073432,0.1,25.2611764286895,38.5562209305337,244.065906567085,0,7.9608684211203,31.8434736844812,2.39435500716307,0,400,25,21.2289824563208,71.6478157900827,1.00814947670024,2.89842974551319,0.01375,0.011,0.01375,0.01375,0,0,0,0
09/01/2011,0.00714539633965058,0.1,25.317872676858,37.4214379634362,242.889305741087,0,7.93305158203646,31.7322063281458,2.41526380978463,0,400,25,21.1548042187639,71.3974642383281,1.01695318306721,2.92374040131824,0.01375,0.011,0.01375,0.01375,0,0,0,0
10/01/2011,0.0397569494444636,0.1,25.3724026794253,37.0858343683207,241.724060494622,0,8.12363428121303,32.4945371248521,2.53517491513866,0,400,25,21.6630247499014,73.1127085309173,1.06744206953207,3.06889594990469,0.01375,0.011,0.01375,0.01375,0,0,0,0
11/01/2011,0.0826911662323216,0.1,25.4247502943533,35.5333430301929,240.570515765012,0,7.55107942334712,30.2043176933885,2.34152708452803,0,400,25,20.1362117955923,67.9597148101241,0.985906140853909,2.83448015495499,0.01375,0.011,0.01375,0.01375,0,0,0,0
12/01/2011,0.0413859811216728,0.1,25.4749000256372,36.5557360836031,239.429013025974,0,7.5319519909413,30.1278079637652,2.31430827952584,0,400,25,20.0852053091768,67.7875679184718,0.974445591379301,2.80153107521549,0.01375,0.011,0.01375,0.01375,0,0,0,0
13/01/2011,0.00449777888453151,0.1,25.5228370278924,39.1554979600111,238.299890186543,0,7.9565830901499,31.8263323605996,2.39354129442676,0,400,25,21.2175549070664,71.6092478113491,1.00780686081127,2.8974447248324,0.01375,0.011,0.01375,0.01375,0,0,0,0
14/01/2011,3.97525489870206e-05,0.1,25.5685471107489,39.1554979600111,237.18348149104,0,7.95658309014983,31.8263323605993,2.39354129442675,0,400,25,21.2175549070662,71.6092478113485,1.00780686081126,2.89744472483238,0.01375,0.011,0.01375,0.01375,0,0,0,0
15/01/2011,5.95890998854821e-07,0.1,25.6120167430522,39.155497960011,236.08011742013,0,7.95658309014982,31.8263323605993,2.39354129442676,0,400,25,21.2175549070662,71.6092478113484,1.00780686081127,2.8974447248324,0.01375,0.011,0.01375,0.01375,0,0,0,0
16/01/2011,2.01204051220174e-08,0.1,25.6532330568687,0,234.990124592991,0,0,0,0,0,400,25,0,0,0,0,0.01375,0.011,0.01375,0.01375,0,0,0,0
17/01/2011,2.50972725112385e-24,0.1,25.6921838512949,0,233.91382567063,0,0,0,0,0,400,25,0,0,0,0,0.01375,0.011,0.01375,0.01375,0,0,0,0
18/01/2011,0,0.1,25.7288575960691,0,232.851539260369,0,0,0,0,0,400,25,0,0,0,0,0.01375,0.011,0.01375,0.01375,0,0,0,0
19/01/2011,0,0.1,25.7632434349846,0,231.803579821526,0,0,0,0,0,400,25,0,0,0,0,0.01375,0.011,0.01375,0.01375,0,0,0,0
20/01/2011,0.000314907067743218,0.1,25.7953311891033,38.4787769279102,230.770257572335,0,7.95110633545087,31.8044253418035,2.39128356317519,0,400,25,21.202950227869,71.5599570190578,1.00685623712639,2.89471168173838,0.01375,0.011,0.01375,0.01375,0,0,0,0
21/01/2011,0.000693940443589208,0.1,25.8251113597692,38.844590110257,229.751878398107,0,7.9972172407887,31.9888689631548,2.40579114479008,0,400,25,21.3259126421032,71.9749551670983,1.01296469254319,2.91227349106168,0.01375,0.011,0.01375,0.01375,0,0,0,0
22/01/2011,8.75961085598804e-06,0.1,25.8525751314198,38.844590110257,228.74874376069,0,7.99721724078876,31.988868963155,2.40579114479006,0,400,25,21.3259126421034,71.9749551670988,1.01296469254318,2.91227349106165,0.01375,0.011,0.01375,0.01375,0,0,0,0
23/01/2011,1.79682702230592e-07,0.1,25.8777143741959,38.8445901102569,227.761150609223,0,7.99721724078879,31.9888689631551,2.40579114479005,0,400,25,21.3259126421034,71.9749551670991,1.01296469254318,2.91227349106164,0.01375,0.011,0.01375,0.01375,0,0,0,0
24/01/2011,0,0.1,25.9005216463481,0,226.789391292236,0,0,0,0,0,400,25,0,0,0,0,0.01375,0.011,0.01375,0.01375,0,0,0,0
25/01/2011,0,0.1,25.9209901964399,0,225.833753471109,0,0,0,0,0,400,25,0,0,0,0,0.01375,0.011,0.01375,0.01375,0,0,0,0
26/01/2011,0,0.1,25.9391139653462,0,224.894520034914,0,0,0,0,0,400,25,0,0,0,0,0.01375,0.011,0.01375,0.01375,0,0,0,0
27/01/2011,0,0.1,25.9548875880467,0,223.971969016682,0,0,0,0,0,400,25,0,0,0,0,0.01375,0.011,0.01375,0.01375,0,0,0,0
28/01/2011,0,0.1,25.9683063952143,0,223.066373511089,0,0,0,0,0,400,25,0,0,0,0,0.01375,0.011,0.01375,0.01375,0,0,0,0
29/01/2011,0,0.1,25.9793664145975,0,222.178001593623,0,0,0,0,0,400,25,0,0,0,0,0.01375,0.011,0.01375,0.01375,0,0,0,0
30/01/2011,0,0.1,25.9880643721958,0,221.307116241223,0,0,0,0,0,400,25,0,0,0,0,0.01375,0.011,0.01375,0.01375,0,0,0,0
31/01/2011,0,0.1,25.9943976932292,0,220.453975254433,0,0,0,0,0,400,25,0,0,0,0,0.01375,0.011,0.01375,0.01375,0,0,0,0
01/02/2011,0,0.1,25.9983645029001,0,219.618831181091,0,0,0,0,0,400,25,0,0,0,0,0.01375,0.011,0.01375,0.01375,0,0,0,0
02/02/2011,0,0.1,25.9999636269489,0,218.801931241564,0,0,0,0,0,400,25,0,0,0,0,0.01375,0.011,0.01375,0.01375,0,0,0,0
03/02/2011,0,0.1,25.9991945920008,0,218.00351725557,0,0,0,0,0,400,25,0,0,0,0,0.01375,0.011,0.01375,0.01375,0,0,0,0
04/02/2011,0,0.1,25.9960576257065,0,217.22382557059,0,0,0,0,0,400,25,0,0,0,0,0.01375,0.011,0.01375,0.01375,0,0,0,0
05/02/2011,0,0.1,25.9905536566747,0,216.463086991908,0,0,0,0,0,400,25,0,0,0,0,0.01375,0.011,0.01375,0.01375,0,0,0,0
06/02/2011,0,0.1,25.9826843141968,0,215.721526714289,0,0,0,0,0,400,25,0,0,0,0,0.01375,0.011,0.01375,0.01375,0,0,0,0
07/02/2011,0,0.1,25.9724519277653,0,214.999364255309,0,0,0,0,0,400,25,0,0,0,0,0.01375,0.011,0.01375,0.01375,0,0,0,0
08/02/2011,0,0.1,25.9598595263838,0,214.296813390382,0,0,0,0,0,400,25,0,0,0,0,0.01375,0.011,0.01375,0.01375,0,0,0,0
09/02/2011,0,0.1,25.9449108376702,0,213.614082089472,0,0,0,0,0,400,25,0,0,0,0,0.01375,0.011,0.01375,0.01375,0,0,0,0
10/02/2011,0,0.1,25.9276102867536,0,212.951372455532,0,0,0,0,0,400,25,0,0,0,0,0.01375,0.011,0.01375,0.01375,0,0,0,0
11/02/2011,0,0.1,25.9079629949642,0,212.308880664676,0,0,0,0,0,400,25,0,0,0,0,0.01375,0.011,0.01375,0.01375,0,0,0,0
12/02/2011,0,0.1,25.8859747783173,0,211.686796908109,0,0,0,0,0,400,25,0,0,0,0,0.01375,0.011,0.01375,0.01375,0,0,0,0
13/02/2011,0.0402333437641047,0.1,25.8616521457917,37.3336340458,211.085305335824,0,8.17162881238318,32.6865152495327,2.55458929245402,0,400,25,21.7910101663552,73.5446593114487,1.07561654419117,3.09239756454961,0.01375,0.011,0.01375,0.01375,0,0,0,0
14/02/2011,0.0165073323140806,0.1,25.8350022974027,36.4772128152512,210.50458400209,0,7.87901970219008,31.5160788087603,2.41499329616592,0,400,25,21.0107192058402,70.9111773197107,1.01683928259618,2.92341293746401,0.01375,0.011,0.01375,0.01375,0,0,0,0
15/02/2011,0.000456217134694911,0.1,25.8060331220709,30.501564847804,209.944804812745,0,7.0247276646896,28.0989106587584,2.12019824367673,0,400,25,18.7326071058389,63.2225489822064,0.892715049969151,2.56655576866131,0.01375,0.011,0.01375,0.01375,0,0,0,0
16/02/2011,5.36181381350617e-05,0.1,25.774753195287,35.639096961388,209.406133474307,0,7.60170410575528,30.4068164230211,2.28355187800498,0,400,25,20.2712109486807,68.4153369517975,0.961495527581043,2.7642996417955,0.01375,0.011,0.01375,0.01375,0,0,0,0
17/02/2011,0.000759428387546725,0.1,25.7411717765731,38.8327601374003,208.888729444924,0,7.99573806649174,31.982952265967,2.40532885027609,0,400,25,21.3219681773113,71.9616425984257,1.01277004222151,2.91171387138684,0.01375,0.011,0.01375,0.01375,0,0,0,0
18/02/2011,0.00231576487980354,0.1,25.7052988067417,39.1318145818221,208.392745887169,0,8.04418836714192,32.1767534685677,2.423340841996,0,400,25,21.4511689790451,72.3976953042773,1.02035403873516,2.93351786136358,0.01375,0.011,0.01375,0.01375,0,0,0,0
19/02/2011,0.000674823173103522,0.1,25.6671449049533,39.0126170476965,207.918329622699,0,8.01877292301349,32.075091692054,2.41266981469106,0,400,25,21.3833944613693,72.1689563071214,1.01586097460676,2.92060030199445,0.01375,0.011,0.01375,0.01375,0,0,0,0
20/02/2011,8.49292394897267e-06,0.1,25.6267213655722,39.0126170476967,207.465621088795,0,8.01877292301346,32.0750916920539,2.41266981469106,0,400,25,21.3833944613692,72.1689563071212,1.01586097460676,2.92060030199444,0.01375,0.011,0.01375,0.01375,0,0,0,0
21/02/2011,1.75213849368949e-07,0.1,25.5840401548241,39.0126170476967,207.034754296791,0,8.01877292301345,32.0750916920538,2.41266981469105,0,400,25,21.3833944613692,72.1689563071211,1.01586097460676,2.92060030199443,0.01375,0.011,0.01375,0.01375,0,0,0,0
22/02/2011,2.00778180089908e-23,0.1,25.5391139072529,0,206.625856792401,0,0,0,0,0,400,25,0,0,0,0,0.01375,0.011,0.01375,0.01375,0,0,0,0
23/02/2011,0,0.1,25.4919559219814,0,206.239049617962,0,0,0,0,0,400,25,0,0,0,0,0.01375,0.011,0.01375,0.01375,0,0,0,0
24/02/2011,0,0.1,25.4425801587739,0,205.874447276606,0,0,0,0,0,400,25,0,0,0,0,0.01375,0.011,0.01375,0.01375,0,0,0,0
25/02/2011,0,0.1,25.391001233904,0,205.532157698364,0,0,0,0,0,400,25,0,0,0,0,0.01375,0.011,0.01375,0.01375,0,0,0,0
26/02/2011,0,0.1,25.3372344158281,0,205.212282208215,0,0,0,0,0,400,25,0,0,0,0,0.01375,0.011,0.01375,0.01375,0,0,0,0
27/02/2011,0,0.1,25.2812956206654,0,204.91491549609,0,0,0,0,0,400,25,0,0,0,0,0.01375,0.011,0.01375,0.01375,0,0,0,0
28/02/2011,0,0.1,25.2232014074861,0,204.640145588848,0,0,0,0,0,400,25,0,0,0,0,0.01375,0.011,0.01375,0.01375,0,0,0,0
01/03/2011,0,0.1,25.1629689734102,0,204.388053824211,0,0,0,0,0,400,25,0,0,0,0,0.01375,0.011,0.01375,0.01375,0,0,0,0
02/03/2011,0.000278556141632012,0.1,25.1006161485163,37.8788384792601,204.158714826692,0,7.87548384192354,31.5019353676941,2.36749093779229,0,400,25,21.0012902451294,70.8793545773118,0.996838289596752,2.86591008259066,0.01375,0.011,0.01375,0.01375,0,0,0,0
03/03/2011,4.1629570986232e-06,0.1,25.0361613905638,37.8788384792602,203.952196485501,0,7.87548384192353,31.5019353676941,2.36749093779229,0,400,25,21.0012902451294,70.8793545773118,0.996838289596754,2.86591008259067,0.01375,0.011,0.01375,0.01375,0,0,0,0
04/03/2011,9.80233671049171e-08,0.1,24.9696237795288,0,203.768559934448,0,0,0,0,0,400,25,0,0,0,0,0.01375,0.011,0.01375,0.01375,0,0,0,0
05/03/2011,0,0.1,24.9010230119562,0,203.60785953385,0,0,0,0,0,400,25,0,0,0,0,0.01375,0.011,0.01375,0.01375,0,0,0,0
06/03/2011,0,0.1,24.8303793951287,0,203.470142854435,0,0,0,0,0,400,25,0,0,0,0,0.01375,0.011,0.01375,0.01375,0,0,0,0
07/03/2011,0,0.1,24.7577138410562,0,203.355450663264,0,0,0,0,0,400,25,0,0,0,0,0.01375,0.011,0.01375,0.01375,0,0,0,0
08/03/2011,0,0.1,24.6830478602847,0,203.263816911658,0,0,0,0,0,400,25,0,0,0,0,0.01375,0.011,0.01375,0.01375,0,0,0,0
09/03/2011,0,0.1,24.6064035555288,0,203.195268725153,0,0,0,0,0,400,25,0,0,0,0,0.01375,0.011,0.01375,0.01375,0,0,0,0
10/03/2011,0,0.1,24.5278036151292,0,203.149826395466,0,0,0,0,0,400,25,0,0,0,0,0.01375,0.011,0.01375,0.01375,0,0,0,0
11/03/2011,0,0.1,24.4472713063363,0,203.127503374491,0,0,0,0,0,400,25,0,0,0,0,0.01375,0.011,0.01375,0.01375,0,0,0,0
12/03/2011,0,0.1,24.3648304684224,0,203.128306270316,0,0,0,0,0,400,25,0,0,0,0,0.01375,0.011,0.01375,0.01375,0,0,0,0
13/03/2011,0.0010740140124835,0.1,24.2805055056248,39.2839783110969,203.152234845267,0,8.05260230812146,32.2104092324858,2.42321659715735,0,400,25,21.4736061549906,72.4734207730931,1.02030172511889,2.9333674597168,0.01375,0.011,0.01375,0.01375,0,0,0,0
14/03/2011,1.25391352563624e-05,0.1,24.1943213799221,39.2839783110972,203.199282015978,0,8.05260230812148,32.2104092324859,2.42321659715735,0,400,25,21.4736061549906,72.4734207730933,1.02030172511888,2.93336745971679,0.01375,0.011,0.01375,0.01375,0,0,0,0
15/03/2011,0.000613663092047285,0.1,24.1063036036443,38.5582361798935,203.269433855488,0,7.9611222075496,31.8444888301984,2.39443479347206,0,400,25,21.2296592201323,71.6500998679464,1.0081830709356,2.89852632893986,0.01375,0.011,0.01375,0.01375,0,0,0,0
16/03/2011,0.000250244338357351,0.1,24.016478231921,38.5829112856854,203.362669597364,0,7.96423251500237,31.8569300600095,2.39541336977386,0,400,25,21.2379533733396,71.6780926350213,1.00859510306268,2.8997109213052,0.01375,0.011,0.01375,0.01375,0,0,0,0
17/03/2011,0.0736911050682279,0.1,23.9248718549683,38.5656128729934,203.478961641847,0,8.32718324295801,33.3087329718321,2.61084272859603,0,400,25,22.2058219812214,74.9446491866221,1.09930220151412,3.16049382935308,0.01375,0.011,0.01375,0.01375,0,0,0,0
18/03/2011,0.0320870740008877,0.1,23.8315115902177,38.0294950599033,203.618275564026,0,8.05232024142731,32.2092809657092,2.47484114994141,0,400,25,21.4728539771395,72.4708821728458,1.0420383789227,2.99586033940276,0.01375,0.011,0.01375,0.01375,0,0,0,0
19/03/2011,0.000877892442389523,0.1,23.7364250742888,34.465425070723,203.780570124022,0,7.61189535113439,30.4475814045376,2.32998967498365,0,400,25,20.298387603025,68.5070581602095,0.981048284203642,2.82051381708547,0.01375,0.011,0.01375,0.01375,0,0,0,0
20/03/2011,0.12927655075943,0.1,23.6396404548081,37.0614219459494,203.965797279202,0,7.83114514280907,31.3245805712363,2.46467573203665,0,400,25,20.8830537141575,70.4803062852816,1.0377582029628,2.98355483351805,0.01375,0.011,0.01375,0.01375,0,0,0,0
21/03/2011,0.350414528058903,0.1,23.5411863820767,36.4057403328991,204.173902198397,0,7.35381312550895,29.4152525020358,2.33140046230452,0,400,25,19.6101683346905,66.1843181295805,0.981642299917691,2.82222161226336,0.01375,0.011,0.01375,0.01375,0,0,0,0
22/03/2011,0.512595267060835,0.1,23.4410920005895,36.6817679820903,204.404823278136,0,7.35099390820253,29.4039756328101,2.35405209692739,0,400,25,19.6026504218734,66.1589451738228,0.991179830285219,2.84964201207,0.01375,0.011,0.01375,0.01375,0,0,0,0
23/03/2011,0.119149662340444,0.1,23.3393869404073,31.271078835992,204.658492160877,0,6.20132885816159,24.8053154326464,1.88553087683697,0,400,25,16.5368769550976,55.8119597234543,0.793907737615567,2.28248474564476,0.01375,0.011,0.01375,0.01375,0,0,0,0
24/03/2011,0.00775774627964624,0.1,23.2361013083863,8.27478037508943,204.93483375525,0,1.28271936026359,5.13087744105436,0.260590051976359,0,400,25,3.4205849607029,11.5444742423723,0.109722127147941,0.31545111555033,0.01375,0.011,0.01375,0.01375,0,0,0,0
25/03/2011,0.00572554237745731,0.1,23.1312656792653,6.02463749561378,205.233766258277,0,0.86175215452549,3.44700861810196,0.124075385573289,0,400,25,2.29800574540131,7.75576939072941,0.0522422676098057,0.150196519378191,0.01375,0.011,0.01375,0.01375,0,0,0,0
26/03/2011,0.00441090985108645,0.1,23.0249110866152,6.00027540812825,205.555201179595,0,0.85719438177769,3.42877752711076,0.122597353988581,0,400,25,2.28585168474051,7.71474943599921,0.0516199385215078,0.148407323249335,0.01375,0.011,0.01375,0.01375,0,0,0,0
27/03/2011,0.00383369195186307,0.1,22.9170690136522,6.00000286344842,205.899043367646,0,0.857143392850119,3.42857357140048,0.122580818884795,0,400,25,2.28571571426698,7.71429053565108,0.0516129763725452,0.148387307071067,0.01375,0.011,0.01375,0.01375,0,0,0,0
28/03/2011,0.00263714054154984,0.1,22.8077713839186,6.22981658114987,206.265191037846,0,0.87162710023844,3.48650840095376,0.125894889862152,0,400,25,2.32433893396917,7.84464390214596,0.0530083746788011,0.152399077201553,0.01375,0.011,0.01375,0.01375,0,0,0,0
29/03/2011,0.000215777930876822,0.1,22.6970505518319,6.85925533142604,206.653535802714,0,0.911297605499753,3.64519042199901,0.134972183363151,0,400,25,2.43012694799934,8.20167844949778,0.0568303929950111,0.163387379860657,0.01375,0.011,0.01375,0.01375,0,0,0,0
30/03/2011,3.26174502860898e-06,0.1,22.5849392931081,6.85925533142607,207.063962703959,0,0.911297605499751,3.645190421999,0.134972183363152,0,400,25,2.43012694799934,8.20167844949776,0.0568303929950114,0.163387379860658,0.01375,0.011,0.01375,0.01375,0,0,0,0
31/03/2011,0.00599656824811743,0.1,22.4714707950588,17.854081226369,207.496350246509,0,5.08276343769426,20.331053750777,1.50344939940352,0,400,25,13.5540358338514,45.7448709392483,0.633031326064638,1.81996506243584,0.01375,0.011,0.01375,0.01375,0,0,0,0
01/04/2011,0.000717154609286459,0.1,22.3566786467673,36.9546077429644,207.950570434476,0,7.73981556363386,30.9592622545354,2.3258494740705,0,400,25,20.6395081696903,69.6583400727047,0.979305041713893,2.81550199492744,0.01375,0.011,0.01375,0.01375,0,0,0,0
02/04/2011,8.8318190025513e-06,0.1,22.2405968291455,36.9546077429649,208.426488809045,0,7.73981556363383,30.9592622545353,2.32584947407049,0,400,25,20.6395081696902,69.6583400727045,0.979305041713893,2.81550199492744,0.01375,0.011,0.01375,0.01375,0,0,0,0
03/04/2011,1.80888322603294e-07,0.1,22.1232597048746,36.9546077429647,208.923964488279,0,7.73981556363383,30.9592622545353,2.3258494740705,0,400,25,20.6395081696902,69.6583400727044,0.979305041713895,2.81550199492745,0.01375,0.011,0.01375,0.01375,0,0,0,0
04/04/2011,0,0.1,22.0047020082334,0,209.442850208819,0,0,0,0,0,400,25,0,0,0,0,0.01375,0.011,0.01375,0.01375,0,0,0,0
05/04/2011,0,0.1,21.8849588348159,0,209.982992369482,0,0,0,0,0,400,25,0,0,0,0,0.01375,0.011,0.01375,0.01375,0,0,0,0
06/04/2011,0.000236254978432969,0.1,21.7640656311426,21.1502755207659,210.544231076725,0,5.95781131170283,23.8312452468113,1.81330513351597,0,400,25,15.8874968312075,53.6203018053255,0.763496898322514,2.19505358267723,0.01375,0.011,0.01375,0.01375,0,0,0,0
07/04/2011,0.000938995835071372,0.1,21.642058184167,38.9065327883658,211.126400191981,0,8.00577389527323,32.0230955810929,2.40867601444779,0,400,25,21.3487303873953,72.0519650574591,1.01417937450433,2.91576570169995,0.01375,0.011,0.01375,0.01375,0,0,0,0
08/04/2011,0.0010635059283213,0.1,21.5189726106826,38.9945915981963,211.72932738084,0,8.016132953277,32.064531813108,2.41174452495651,0,400,25,21.376354542072,72.145196579493,1.01547137892906,2.91948021442104,0.01375,0.011,0.01375,0.01375,0,0,0,0
09/04/2011,1.24011739992278e-05,0.1,21.3948453466311,38.9945915981964,212.352834164057,0,8.01613295327699,32.064531813108,2.41174452495653,0,400,25,21.376354542072,72.1451965794929,1.01547137892907,2.91948021442106,0.01375,0.011,0.01375,0.01375,0,0,0,0
10/04/2011,2.38500892711002e-07,0.1,21.2697131363166,38.9945915981965,212.996735970394,0,8.01613295327699,32.064531813108,2.41174452495653,0,400,25,21.376354542072,72.1451965794929,1.01547137892907,2.91948021442107,0.01375,0.011,0.01375,0.01375,0,0,0,0
11/04/2011,0,0.1,21.1436130215288,0,213.660842191253,0,0,0,0,0,400,25,0,0,0,0,0.01375,0.011,0.01375,0.01375,0,0,0,0
12/04/2011,0.000552064628386883,0.1,21.0165823305776,38.7965628763951,214.3449562371,0,7.9911633877809,31.9646535511236,2.4038864594244,0,400,25,21.3097690340824,71.9204704900281,1.01216271975764,2.90996781930322,0.01375,0.011,0.01375,0.01375,0,0,0,0
13/04/2011,7.2804755842249e-06,0.1,20.8886586672431,38.7965628763953,215.04887559566,0,7.99116338778093,31.9646535511237,2.40388645942441,0,400,25,21.3097690340825,71.9204704900284,1.01216271975765,2.90996781930323,0.01375,0.011,0.01375,0.01375,0,0,0,0
14/04/2011,1.5455215910981e-07,0.1,20.7598798996444,38.7965628763952,215.772391891864,0,7.99116338778094,31.9646535511238,2.40388645942439,0,400,25,21.3097690340825,71.9204704900285,1.01216271975764,2.90996781930321,0.01375,0.011,0.01375,0.01375,0,0,0,0
15/04/2011,0,0.1,20.6302841490292,0,216.515290949537,0,0,0,0,0,400,25,0,0,0,0,0.01375,0.011,0.01375,0.01375,0,0,0,0
16/04/2011,0,0.1,20.49990977849,0,217.277352854791,0,0,0,0,0,400,25,0,0,0,0,0.01375,0.011,0.01375,0.01375,0,0,0,0
17/04/2011,0,0.1,20.3687953816071,0,218.058352021133,0,0,0,0,0,400,25,0,0,0,0,0.01375,0.011,0.01375,0.01375,0,0,0,0
18/04/2011,0,0.1,20.2369797710241,0,218.858057256235,0,0,0,0,0,400,25,0,0,0,0,0.01375,0.011,0.01375,0.01375,0,0,0,0
19/04/2011,0,0.1,20.104501966959,0,219.676231830379,0,0,0,0,0,400,25,0,0,0,0,0.01375,0.011,0.01375,0.01375,0,0,0,0
20/04/2011,0.00241105943628563,0.1,19.9714011856532,6,220.512633546526,0,3.47359401170458,13.8943760468183,0.664412933821151,0,400,25,9.26291736454554,31.2623461053412,0.279752814240485,0.804289340941393,0.01375,0.011,0.01375,0.01375,0,0,0,0
21/04/2011,2.42711537975309e-05,0.1,19.8377168277622,6.00000000000002,221.367014812022,0,3.47359401170459,13.8943760468184,0.664412933821154,0,400,25,9.26291736454557,31.2623461053413,0.279752814240486,0.804289340941396,0.01375,0.011,0.01375,0.01375,0,0,0,0
22/04/2011,3.97666691281079e-07,0.1,19.703488466693,6.00000000000002,222.239122711881,0,3.47359401170458,13.8943760468183,0.664412933821155,0,400,25,9.26291736454556,31.2623461053413,0.279752814240486,0.804289340941398,0.01375,0.011,0.01375,0.01375,0,0,0,0
23/04/2011,1.44730310162329e-08,0.1,19.5687558368887,0,223.128699083657,0,0,0,0,0,400,25,0,0,0,0,0.01375,0.011,0.01375,0.01375,0,0,0,0
24/04/2011,0,0.1,19.4335588220669,0,224.035480593869,0,0,0,0,0,400,25,0,0,0,0,0.01375,0.011,0.01375,0.01375,0,0,0,0
25/04/2011,0.00555182545213031,0.1,19.2979374434129,18.4144994490116,224.959198815945,0,5.42932990624533,21.7173196249813,1.55620892999595,0,400,25,14.4782130833209,48.863969156208,0.655245865261455,1.88383186262668,0.01375,0.011,0.01375,0.01375,0,0,0,0
26/04/2011,0.0178698958066428,0.1,19.1619318477328,34.3661856056106,225.899580309692,0,7.75442199115942,31.0176879646377,2.4120984779707,0,400,25,20.6784586430918,69.7897979204348,1.01562041177714,2.91990868385927,0.01375,0.011,0.01375,0.01375,0,0,0,0
27/04/2011,0.0105488740802717,0.1,19.025582295569,34.089715827252,226.856346702231,0,7.58115381580539,30.3246152632216,2.32206886912213,0,400,25,20.216410175481,68.2303843422485,0.977713208051421,2.81092547314784,0.01375,0.011,0.01375,0.01375,0,0,0,0
28/04/2011,0.000728105849600618,0.1,18.8889291492823,38.1838579163727,227.829214770406,0,7.9342737210064,31.7370948840256,2.39122390716657,0,400,25,21.1580632560171,71.4084634890576,1.00683111880698,2.89463946657006,0.01375,0.011,0.01375,0.01375,0,0,0,0
29/04/2011,0.0130412444188428,0.1,18.7520128611039,31.9144414640302,228.817896524626,0,7.43485925942661,29.7394370377065,2.30896639275935,0,400,25,19.826291358471,66.9137333348395,0.972196375898675,2.79506458070869,0.01375,0.011,0.01375,0.01375,0,0,0,0
30/04/2011,0.0337570100346743,0.1,18.6148739611606,32.9156597229284,229.82209929411,0,7.41051567768493,29.6420627107397,2.27926507534647,0,400,25,19.7613751404932,66.6946410991644,0.959690558040618,2.75911035436678,0.01375,0.011,0.01375,0.01375,0,0,0,0
01/05/2011,0.0134965616752486,0.1,18.4775530454767,34.7065713167951,230.84152581353,0,7.71108200042218,30.8443280016887,2.37663905932895,0,400,25,20.5628853344591,69.3997380037996,1.00069013024377,2.87698412445084,0.01375,0.011,0.01375,0.01375,0,0,0,0
02/05/2011,0.0179680099971447,0.1,18.3400907639575,17.646456267407,231.875874311002,0,5.1085841705934,20.4343366823736,1.37100209393468,0,400,25,13.6228911215824,45.9772575353406,0.577264039551445,1.6596341137104,0.01375,0.011,0.01375,0.01375,0,0,0,0
03/05/2011,0.00116105049254957,0.1,18.2025278083553,18.6784960164674,232.924838597422,0,5.57595434593722,22.3038173837489,1.66751126279912,0,400,25,14.8692115891659,50.183589113435,0.702110005389101,2.01856626549367,0.01375,0.011,0.01375,0.01375,0,0,0,0
04/05/2011,0.000100041910277751,0.1,18.0649049002241,35.4439417459252,233.988108157101,0,7.58420808044163,30.3368323217665,2.27889587069898,0,400,25,20.2245548811777,68.2578727239747,0.9595351034522,2.75866342242508,0.01375,0.011,0.01375,0.01375,0,0,0,0
05/05/2011,1.73515113595083e-06,0.1,17.927262778865,35.4439417459252,235.065368239687,0,7.58420808044162,30.3368323217665,2.27889587069897,0,400,25,20.2245548811777,68.2578727239746,0.959535103452198,2.75866342242507,0.01375,0.011,0.01375,0.01375,0,0,0,0
06/05/2011,4.80548981243546e-08,0.1,17.789642189267,0,236.156299953336,0,0,0,0,0,400,25,0,0,0,0,0.01375,0.011,0.01375,0.01375,0,0,0,0
07/05/2011,0,0.1,17.6520838700448,0,237.260580359109,0,0,0,0,0,400,25,0,0,0,0,0.01375,0.011,0.01375,0.01375,0,0,0,0
08/05/2011,0,0.1,17.5146285413801,0,238.377882566574,0,0,0,0,0,400,25,0,0,0,0,0.01375,0.011,0.01375,0.01375,0,0,0,0
09/05/2011,0,0.1,17.3773168929669,0,239.507875830567,0,0,0,0,0,400,25,0,0,0,0,0.01375,0.011,0.01375,0.01375,0,0,0,0
10/05/2011,0,0.1,17.2401895719671,0,240.650225649104,0,0,0,0,0,400,25,0,0,0,0,0.01375,0.011,0.01375,0.01375,0,0,0,0
11/05/2011,0,0.1,17.1032871709775,0,241.804593862396,0,0,0,0,0,400,25,0,0,0,0,0.01375,0.011,0.01375,0.01375,0,0,0,0
12/05/2011,0,0.1,16.966650216014,0,242.970638752956,0,0,0,0,0,400,25,0,0,0,0,0.01375,0.011,0.01375,0.01375,0,0,0,0
13/05/2011,0,0.1,16.8303191545148,0,244.148015146753,0,0,0,0,0,400,25,0,0,0,0,0.01375,0.011,0.01375,0.01375,0,0,0,0
14/05/2011,0,0.1,16.6943343433671,0,245.33637451539,0,0,0,0,0,400,25,0,0,0,0,0.01375,0.011,0.01375,0.01375,0,0,0,0
15/05/2011,0,0.1,16.5587360369606,0,246.535365079275,0,0,0,0,0,400,25,0,0,0,0,0.01375,0.011,0.01375,0.01375,0,0,0,0
16/05/2011,0,0.1,16.4235643752715,0,247.744631911759,0,0,0,0,0,400,25,0,0,0,0,0.01375,0.011,0.01375,0.01375,0,0,0,0
17/05/2011,0,0.1,16.2888593719801,0,248.963817044198,0,0,0,0,0,400,25,0,0,0,0,0.01375,0.011,0.01375,0.01375,0,0,0,0
18/05/2011,0,0.1,16.1546609026259,0,250.192559571921,0,0,0,0,0,400,25,0,0,0,0,0.01375,0.011,0.01375,0.01375,0,0,0,0
19/05/2011,0,0.1,16.0210086928035,0,251.430495761065,0,0,0,0,0,400,25,0,0,0,0,0.01375,0.011,0.01375,0.01375,0,0,0,0
20/05/2011,0,0.1,15.8879423064033,0,252.677259156249,0,0,0,0,0,400,25,0,0,0,0,0.01375,0.011,0.01375,0.01375,0,0,0,0
21/05/2011,0,0.1,15.7555011338993,0,253.932480689051,0,0,0,0,0,400,25,0,0,0,0,0.01375,0.011,0.01375,0.01375,0,0,0,0
22/05/2011,0,0.1,15.623724380689,0,255.19578878726,0,0,0,0,0,400,25,0,0,0,0,0.01375,0.011,0.01375,0.01375,0,0,0,0
23/05/2011,0.0043346007187792,0.1,15.4926510554879,32.4768152936164,256.466809484872,0,7.50957001373904,30.0382800549562,2.33345635411959,0,400,25,20.0255200366374,67.5861301236514,0.982507938576669,2.82471032340792,0.01375,0.011,0.01375,0.01375,0,0,0,0
24/05/2011,0.00220335833295549,0.1,15.3623199587815,39.4664594184566,257.745166532788,0,8.08123469432994,32.3249387773198,2.43367443983882,0,400,25,21.5499591848798,72.7311122489695,1.02470502730056,2.9460269534891,0.01375,0.011,0.01375,0.01375,0,0,0,0
25/05/2011,2.24352624029483e-05,0.1,15.2327696713403,39.4664594184566,259.030481510195,0,8.08123469432998,32.3249387773199,2.43367443983882,0,400,25,21.54995918488,72.7311122489699,1.02470502730056,2.9460269534891,0.01375,0.011,0.01375,0.01375,0,0,0,0
26/05/2011,9.99679899488617e-05,0.1,15.1040385427983,37.7999162440237,260.322373936585,0,7.86555703824435,31.4622281529774,2.36437323344072,0,400,25,20.9748187686516,70.7900133441992,0.99552557197504,2.86213601942824,0.01375,0.011,0.01375,0.01375,0,0,0,0
27/05/2011,1.79932767972582e-06,0.1,14.9761646803015,37.7999162440237,261.620461384384,0,7.86555703824435,31.4622281529774,2.36437323344073,0,400,25,20.9748187686516,70.7900133441991,0.995525571975042,2.86213601942825,0.01375,0.011,0.01375,0.01375,0,0,0,0
28/05/2011,4.94978032378219e-08,0.1,14.8491859372266,0,262.924359592162,0,0,0,0,0,400,25,0,0,0,0,0.01375,0.011,0.01375,0.01375,0,0,0,0
29/05/2011,0,0.1,14.7231399019762,0,264.23368257838,0,0,0,0,0,400,25,0,0,0,0,0.01375,0.011,0.01375,0.01375,0,0,0,0
30/05/2011,0.0141026722849301,0.1,14.5980638868514,34.2968079819499,265.54804275565,0,7.76341536331322,31.0536614532529,2.4196120209402,0,400,25,20.7024409688353,69.870738269819,1.01878400881692,2.92900402534866,0.01375,0.011,0.01375,0.01375,0,0,0,0
31/05/2011,0.169991189596278,0.1,14.4739949170069,37.651764008438,266.867051045467,0,7.84659632945005,31.3863853178002,2.48519581246936,0,400,25,20.9242568785335,70.6193669650504,1.04639823682921,3.00839493088397,0.01375,0.011,0.01375,0.01375,0,0,0,0
01/06/2011,0.280186502861359,0.1,14.3509697194906,37.1083555815842,268.190316993389,0,7.46183634322796,29.8473453729118,2.37122398596036,0,400,25,19.8982302486079,67.1565270890517,0.99841009935173,2.87042903563622,0.01375,0.011,0.01375,0.01375,0,0,0,0
02/06/2011,0.113669967791882,0.1,14.2290247123716,32.4399335077755,269.517448884614,0,6.56365352445721,26.2546140978288,2.02035262799155,0,400,25,17.5030760652192,59.0728817201149,0.850674790733286,2.4456900233582,0.01375,0.011,0.01375,0.01375,0,0,0,0
03/06/2011,0.00693465744346418,0.1,14.1081959939597,17.8380089954627,270.848053859939,0,3.2165599405804,12.8662397623216,0.872920344848055,0,400,25,8.57749317488106,28.9490394652236,0.367545408357076,1.05669304902659,0.01375,0.011,0.01375,0.01375,0,0,0,0
04/06/2011,0.00357370161821687,0.1,13.9885193321197,6.1870233726577,272.181738032057,0,0.956599308469773,3.82639723387909,0.146291675540322,0,400,25,2.55093148925273,8.60939377622796,0.0615964949643459,0.177089923022495,0.01375,0.011,0.01375,0.01375,0,0,0,0
05/06/2011,0.00147436108367232,0.1,13.870030153683,6.00424686291533,273.51810660215,0,0.85940128029515,3.4376051211806,0.123119067146574,0,400,25,2.29173674745373,7.73461152265635,0.0518396072196102,0.149038870756379,0.01375,0.011,0.01375,0.01375,0,0,0,0
06/06/2011,0.00141776578934286,0.1,13.7527635339609,6.00004867626212,274.856763976763,0,0.857168742508017,3.42867497003207,0.122586816391728,0,400,25,2.28578331335471,7.71451868257215,0.0516155016386224,0.148394567211039,0.01375,0.011,0.01375,0.01375,0,0,0,0
07/06/2011,5.05680777541643e-05,0.1,13.6367541863612,6.00001508264935,276.197313884907,0,0.857150877887854,3.42860351155141,0.122582557356284,0,400,25,2.28573567436761,7.71435790099068,0.0516137083605406,0.148389411536554,0.01375,0.011,0.01375,0.01375,0,0,0,0
08/06/2011,9.38925375504452e-07,0.1,13.5220364521127,6.00001508264936,277.539359495362,0,0.857150877887852,3.42860351155141,0.122582557356285,0,400,25,2.2857356743676,7.71435790099067,0.0516137083605409,0.148389411536555,0.01375,0.011,0.01375,0.01375,0,0,0,0
09/06/2011,2.91397336946789e-08,0.1,13.408644290099,0,278.882503534148,0,0,0,0,0,400,25,0,0,0,0,0.01375,0.011,0.01375,0.01375,0,0,0,0
10/06/2011,9.22533106363304e-06,0.1,13.2966112668063,6,280.226348402127,0,0.857142857142857,3.42857142857143,0.12258064516129,0,400,25,2.28571428571429,7.71428571428572,0.0516129032258065,0.148387096774194,0.01375,0.011,0.01375,0.01375,0,0,0,0
11/06/2011,2.6645459323026e-07,0.1,13.1859705463869,6,281.570496292702,0,0.857142857142856,3.42857142857142,0.122580645161291,0,400,25,2.28571428571428,7.7142857142857,0.0516129032258066,0.148387096774194,0.01375,0.011,0.01375,0.01375,0,0,0,0
12/06/2011,4.01556360179816e-23,0.1,13.076754880842,0,282.914549309573,0,0,0,0,0,400,25,0,0,0,0,0.01375,0.011,0.01375,0.01375,0,0,0,0
13/06/2011,0,0.1,12.9689966003261,0,284.258109584525,0,0,0,0,0,400,25,0,0,0,0,0.01375,0.011,0.01375,0.01375,0,0,0,0
14/06/2011,0.0305946899616702,0.1,12.8627276035769,35.1658815626563,285.600779395208,0,7.85508375145815,31.4203350058326,2.44881175581051,0,400,25,20.9468900038884,70.6957537631233,1.03107863402548,2.96435107282325,0.01375,0.011,0.01375,0.01375,0,0,0,0
15/06/2011,0.0925368474392015,0.1,12.7579793484726,35.14171572401,286.942161282863,0,7.46631542368475,29.865261694739,2.33916132061229,0,400,25,19.9101744631593,67.1968388131627,0.984910029731491,2.83161633547804,0.01375,0.011,0.01375,0.01375,0,0,0,0
16/06/2011,0.27574425300398,0.1,12.6547828427194,36.7300088042971,288.281858169988,0,7.41538178284989,29.6615271313995,2.37889849116607,0,400,25,19.774351420933,66.738436045649,1.00164146996466,2.8797192261484,0.01375,0.011,0.01375,0.01375,0,0,0,0
17/06/2011,0.0775902062346293,0.1,12.5531686346731,31.5332711525292,289.619473477875,0,6.36291927891601,25.451677115664,1.94219203015419,0,400,25,16.967784743776,57.2662735102441,0.817765065328078,2.35107456281823,0.01375,0.011,0.01375,0.01375,0,0,0,0
18/06/2011,0.00192672043786923,0.1,12.4531668042954,11.4449767217865,290.954611244008,0,2.03125111271379,8.12500445085518,0.510613246812581,0,400,25,5.41666963390345,18.2812600144242,0.214995051289508,0.618110772457336,0.01375,0.011,0.01375,0.01375,0,0,0,0
19/06/2011,0.00172401780244553,0.1,12.3548069542502,6.0603460597938,292.286876239276,0,0.870155365848648,3.48062146339459,0.126881166500068,0,400,25,2.32041430892973,7.83139829263783,0.0534236490526603,0.153592991026398,0.01375,0.011,0.01375,0.01375,0,0,0,0
20/06/2011,1.83977431978785e-05,0.1,12.2581182011404,6.06034605979378,293.61587408497,0,0.870155365848649,3.4806214633946,0.126881166500069,0,400,25,2.32041430892973,7.83139829263784,0.0534236490526605,0.153592991026399,0.01375,0.011,0.01375,0.01375,0,0,0,0
21/06/2011,3.16845974346588e-07,0.1,12.1631291668888,6.06034605979374,294.941211369524,0,0.87015536584865,3.4806214633946,0.126881166500068,0,400,25,2.32041430892973,7.83139829263785,0.0534236490526604,0.153592991026399,0.01375,0.011,0.01375,0.01375,0,0,0,0
22/06/2011,1.20277738008415e-08,0.1,12.0698679702651,0,296.262495764978,0,0,0,0,0,400,25,0,0,0,0,0.01375,0.011,0.01375,0.01375,0,0,0,0
23/06/2011,0.000144389916180151,0.1,11.9783622185626,37.9437046387139,297.579336143113,0,7.88366024857738,31.5346409943095,2.37006342874596,0,400,25,21.0230939962064,70.9529422371965,0.99792144368251,2.86902415058721,0.01375,0.011,0.01375,0.01375,0,0,0,0
24/06/2011,2.43296129469458e-06,0.1,11.8886389994256,37.943704638714,298.891342691233,0,7.88366024857742,31.5346409943097,2.37006342874598,0,400,25,21.0230939962065,70.9529422371968,0.997921443682516,2.86902415058723,0.01375,0.011,0.01375,0.01375,0,0,0,0
25/06/2011,6.32871793336616e-08,0.1,11.8007248728309,0,300.198127027558,0,0,0,0,0,400,25,0,0,0,0,0.01375,0.011,0.01375,0.01375,0,0,0,0
26/06/2011,0,0.1,11.7146458632257,0,301.499302316194,0,0,0,0,0,400,25,0,0,0,0,0.01375,0.011,0.01375,0.01375,0,0,0,0
27/06/2011,0.000131836576023886,0.1,11.6304274518233,6,302.794483381644,0,3.42857142857143,13.7142857142857,0.612903225806452,0,400,25,9.14285714285714,30.8571428571429,0.258064516129032,0.741935483870968,0.01375,0.011,0.01375,0.01375,0,0,0,0
28/06/2011,2.25861003370752e-06,0.1,11.5480945690608,5.99999999999998,304.083286822828,0,3.42857142857143,13.7142857142857,0.612903225806452,0,400,25,9.14285714285715,30.8571428571429,0.258064516129032,0.741935483870968,0.01375,0.011,0.01375,0.01375,0,0,0,0
29/06/2011,0.00255856509181493,0.1,11.4676715872185,6,305.365331126578,0,3.48280381741975,13.931215269679,0.674949743800664,0,400,25,9.28747684645268,31.3452343567778,0.284189365810806,0.817044426706067,0.01375,0.011,0.01375,0.01375,0,0,0,0
30/06/2011,0.016552342343094,0.1,11.3891823132057,21.2818338057339,306.640236780576,0,5.72933597813179,22.9173439125271,1.6398634896496,0,400,25,15.2782292750181,51.5640238031861,0.6904688377472,1.9850979085232,0.01375,0.011,0.01375,0.01375,0,0,0,0
01/07/2011,0.00604257807121305,0.1,11.3126499815131,26.9172652651364,307.907626385693,0,6.63233878473526,26.529355138941,2.00722974726598,0,400,25,17.686236759294,59.6910490626173,0.845149367269885,2.42980443090092,0.01375,0.011,0.01375,0.01375,0,0,0,0
02/07/2011,0.000298622512755047,0.1,11.238097247335,36.413917577013,309.167124767712,0,7.71455391063214,30.8582156425286,2.32214242118886,0,400,25,20.5721437616857,69.4309851956893,0.977744177342678,2.8110145098602,0.01375,0.011,0.01375,0.01375,0,0,0,0
03/07/2011,4.1899540551881e-06,0.1,11.1655461798626,36.4139175770132,310.418359088383,0,7.71455391063209,30.8582156425284,2.32214242118886,0,400,25,20.5721437616856,69.4309851956888,0.977744177342677,2.8110145098602,0.01375,0.011,0.01375,0.01375,0,0,0,0
04/07/2011,9.85408725128058e-08,0.1,11.0950182557516,0,311.660958955797,0,0,0,0,0,400,25,0,0,0,0,0.01375,0.011,0.01375,0.01375,0,0,0,0
05/07/2011,0,0.1,11.026534352764,0,312.894556534024,0,0,0,0,0,400,25,0,0,0,0,0.01375,0.011,0.01375,0.01375,0,0,0,0
06/07/2011,0,0.1,10.9601147435886,0,314.118786652004,0,0,0,0,0,400,25,0,0,0,0,0.01375,0.011,0.01375,0.01375,0,0,0,0
07/07/2011,0,0.1,10.8957790898389,0,315.333286911643,0,0,0,0,0,400,25,0,0,0,0,0.01375,0.011,0.01375,0.01375,0,0,0,0
08/07/2011,0,0.1,10.8335464362339,0,316.53769779509,0,0,0,0,0,400,25,0,0,0,0,0.01375,0.011,0.01375,0.01375,0,0,0,0
09/07/2011,0,0.1,10.7734352049594,0,317.731662771168,0,0,0,0,0,400,25,0,0,0,0,0.01375,0.011,0.01375,0.01375,0,0,0,0
10/07/2011,0,0.1,10.7154631902157,0,318.914828400906,0,0,0,0,0,400,25,0,0,0,0,0.01375,0.011,0.01375,0.01375,0,0,0,0
11/07/2011,0,0.1,10.6596475529492,0,320.086844442171,0,0,0,0,0,400,25,0,0,0,0,0.01375,0.011,0.01375,0.01375,0,0,0,0
12/07/2011,0,0.1,10.6060048157731,0,321.247363953343,0,0,0,0,0,400,25,0,0,0,0,0.01375,0.011,0.01375,0.01375,0,0,0,0
13/07/2011,0,0.1,10.5545508580758,0,322.396043396021,0,0,0,0,0,400,25,0,0,0,0,0.01375,0.011,0.01375,0.01375,0,0,0,0
14/07/2011,0,0.1,10.5053009113207,0,323.532542736714,0,0,0,0,0,400,25,0,0,0,0,0.01375,0.011,0.01375,0.01375,0,0,0,0
15/07/2011,0,0.1,10.4582695545372,0,324.656525547499,0,0,0,0,0,400,25,0,0,0,0,0.01375,0.011,0.01375,0.01375,0,0,0,0
16/07/2011,0.00813633748633008,0.1,10.4134707100049,28.1194272924637,325.767659105614,0,6.86671574045953,27.4668629618381,2.10305567468696,0,400,25,18.3112419745588,61.8004416641358,0.885497126183984,2.54580423777895,0.01375,0.011,0.01375,0.01375,0,0,0,0
17/07/2011,0.0018845818256527,0.1,10.3709176391324,35.2335883167291,326.865614491947,0,7.5868584687196,30.3474338748784,2.28807618878131,0,400,25,20.2316225832523,68.2817262184764,0.963400500539498,2.76977643905106,0.01375,0.011,0.01375,0.01375,0,0,0,0
18/07/2011,1.96511165055705e-05,0.1,10.3306229385318,35.2335883167289,327.950066688404,0,7.58685846871957,30.3474338748783,2.28807618878132,0,400,25,20.2316225832522,68.2817262184762,0.963400500539505,2.76977643905108,0.01375,0.011,0.01375,0.01375,0,0,0,0
19/07/2011,3.34443015404099e-07,0.1,10.2925985362894,35.2335883167288,329.020694674121,0,7.58685846871958,30.3474338748783,2.28807618878131,0,400,25,20.2316225832522,68.2817262184762,0.9634005005395,2.76977643905106,0.01375,0.011,0.01375,0.01375,0,0,0,0
20/07/2011,0.018678423923642,0.1,10.2568556884352,35.1977344973622,330.077181520497,0,7.87743397515574,31.509735900623,2.45560247138961,0,400,25,21.0064906004153,70.8969057764017,1.03393788269036,2.97257141273479,0.01375,0.011,0.01375,0.01375,0,0,0,0
21/07/2011,0.0233604749913016,0.1,10.2234049756106,33.826258858698,331.119214485005,0,7.55946246477054,30.2378498590822,2.32585531145967,0,400,25,20.1585665727214,68.0351621829349,0.979307499561966,2.81550906124065,0.01375,0.011,0.01375,0.01375,0,0,0,0
22/07/2011,0.0544262566341498,0.1,10.1922562999366,35.8002608171679,332.146485103776,0,7.80449274971162,31.2179709988465,2.43428240259435,0,400,25,20.8119806658977,70.2404347474046,1.02496101161867,2.94676290840368,0.01375,0.011,0.01375,0.01375,0,0,0,0
23/07/2011,0.0393462826019607,0.1,10.1634188820821,34.8192065791143,333.158689282906,0,7.53447728237802,30.1379091295121,2.31555789830419,0,400,25,20.0919394196747,67.8102955414022,0.974971746654394,2.80304377163138,0.01375,0.011,0.01375,0.01375,0,0,0,0
24/07/2011,0.00592661440906046,0.1,10.1369012585347,30.5641830372239,334.155527388481,0,6.84250982826592,27.3700393130637,2.06688313281852,0,400,25,18.2466928753758,61.5825884543933,0.870266582239375,2.5020164239382,0.01375,0.011,0.01375,0.01375,0,0,0,0
25/07/2011,5.00078640645767e-05,0.1,10.1127112790737,30.5641830372238,335.136704335266,0,6.84250982826595,27.3700393130638,2.0668831328185,0,400,25,18.2466928753759,61.5825884543935,0.870266582239367,2.50201642393818,0.01375,0.011,0.01375,0.01375,0,0,0,0
26/07/2011,7.19192978664193e-07,0.1,10.0908561044464,30.5641830372237,336.101929674065,0,6.84250982826595,27.3700393130638,2.06688313281848,0,400,25,18.2466928753759,61.5825884543936,0.870266582239361,2.50201642393816,0.01375,0.011,0.01375,0.01375,0,0,0,0
27/07/2011,0.000141654911818017,0.1,10.0713422042482,38.4625590298191,337.050917677694,0,7.94904400626524,31.796176025061,2.39063867465791,0,400,25,21.197450683374,71.5413960563872,1.00658470511912,2.89393102721747,0.01375,0.011,0.01375,0.01375,0,0,0,0
28/07/2011,2.39510830862313e-06,0.1,10.0541753550077,38.4625590298191,337.983387425568,0,7.94904400626527,31.7961760250611,2.39063867465793,0,400,25,21.197450683374,71.5413960563874,1.00658470511913,2.8939310272175,0.01375,0.011,0.01375,0.01375,0,0,0,0
29/07/2011,6.24839443628081e-08,0.1,10.0393606384765,0,338.899062886852,0,0,0,0,0,400,25,0,0,0,0,0.01375,0.011,0.01375,0.01375,0,0,0,0
30/07/2011,0,0.1,10.0269024401251,0,339.797673002179,0,0,0,0,0,400,25,0,0,0,0,0.01375,0.011,0.01375,0.01375,0,0,0,0
31/07/2011,0,0.1,10.0168044478446,0,340.678951763886,0,0,0,0,0,400,25,0,0,0,0,0.01375,0.011,0.01375,0.01375,0,0,0,0
01/08/2011,0,0.1,10.0090696508551,0,341.542638294759,0,0,0,0,0,400,25,0,0,0,0,0.01375,0.011,0.01375,0.01375,0,0,0,0
02/08/2011,0,0.1,10.0037003388204,0,342.388476925256,0,0,0,0,0,400,25,0,0,0,0,0.01375,0.011,0.01375,0.01375,0,0,0,0
03/08/2011,0,0.1,10.000698101171,0,343.216217269194,0,0,0,0,0,400,25,0,0,0,0,0.01375,0.011,0.01375,0.01375,0,0,0,0
04/08/2011,0,0.1,10.0000638266329,0,344.025614297865,0,0,0,0,0,400,25,0,0,0,0,0.01375,0.011,0.01375,0.01375,0,0,0,0
05/08/2011,0,0.1,10.0017977029648,0,344.816428412574,0,0,0,0,0,400,25,0,0,0,0,0.01375,0.011,0.01375,0.01375,0,0,0,0
06/08/2011,0,0.1,10.0058992169025,0,345.588425515561,0,0,0,0,0,400,25,0,0,0,0,0.01375,0.011,0.01375,0.01375,0,0,0,0
07/08/2011,0,0.1,10.0123671543109,0,346.341377079302,0,0,0,0,0,400,25,0,0,0,0,0.01375,0.011,0.01375,0.01375,0,0,0,0
08/08/2011,0.00969194669544334,0.1,10.0211996005432,33.9940154871519,347.075060214155,0,7.68033168227917,30.7213267291167,2.38190953761062,0,400,25,20.4808844860778,69.1229851405126,1.00290927899395,2.88336417710759,0.01375,0.011,0.01375,0.01375,0,0,0,0
09/08/2011,0.00535959923269426,0.1,10.032393941008,31.1451924714251,347.789257734344,0,7.18026548250453,28.7210619300181,2.1882882533795,0,400,25,19.1473746200121,64.6223893425407,0.921384527738735,2.64898051724886,0.01375,0.011,0.01375,0.01375,0,0,0,0
10/08/2011,4.64083659713353e-05,0.1,10.0459468619428,31.1451924714253,348.483758222246,0,7.18026548250447,28.7210619300179,2.18828825337952,0,400,25,19.1473746200119,64.6223893425402,0.921384527738745,2.64898051724889,0.01375,0.011,0.01375,0.01375,0,0,0,0
11/08/2011,6.76491275555516e-07,0.1,10.0618543513956,31.1451924714252,349.15835609098,0,7.18026548250447,28.7210619300179,2.18828825337951,0,400,25,19.1473746200119,64.6223893425402,0.921384527738743,2.64898051724889,0.01375,0.011,0.01375,0.01375,0,0,0,0
12/08/2011,2.23108351493721e-08,0.1,10.0801117004118,0,349.812851645262,0,0,0,0,0,400,25,0,0,0,0,0.01375,0.011,0.01375,0.01375,0,0,0,0
13/08/2011,0.000376037665922375,0.1,10.1007135044287,39.2452451257849,350.447051140518,0,8.04771997383843,32.1908798953537,2.42168049929583,0,400,25,21.4605865969025,72.4294797645459,1.01965494707193,2.9315079728318,0.01375,0.011,0.01375,0.01375,0,0,0,0
14/08/2011,5.31987190432528e-06,0.1,10.1236536648752,39.2452451257852,351.06076684024,0,8.04771997383845,32.1908798953538,2.42168049929584,0,400,25,21.4605865969025,72.4294797645461,1.01965494707193,2.9315079728318,0.01375,0.011,0.01375,0.01375,0,0,0,0
15/08/2011,1.19696551376991e-07,0.1,10.1489253909769,39.245245125785,351.653817071558,0,8.04771997383847,32.1908798953539,2.42168049929584,0,400,25,21.4605865969026,72.4294797645462,1.01965494707193,2.9315079728318,0.01375,0.011,0.01375,0.01375,0,0,0,0
16/08/2011,2.00778180089908e-23,0.1,10.1765212017667,0,352.226026279017,0,0,0,0,0,400,25,0,0,0,0,0.01375,0.011,0.01375,0.01375,0,0,0,0
17/08/2011,0,0.1,10.206432928299,0,352.777225076551,0,0,0,0,0,400,25,0,0,0,0,0.01375,0.011,0.01375,0.01375,0,0,0,0
18/08/2011,0.0365337391254632,0.1,10.2386517160679,37.7905783028623,353.307250297619,0,8.24427534954486,32.9771013981794,2.58131939227801,0,400,25,21.984734265453,74.1984781459037,1.08687132306443,3.12475505381022,0.01375,0.011,0.01375,0.01375,0,0,0,0
19/08/2011,0.0193272533702893,0.1,10.2731680276286,37.0946128146316,353.815945043506,0,7.98896666562894,31.9558666625158,2.45785440544226,0,400,25,21.3039111083439,71.9006999906605,1.03488606544937,2.97529743816695,0.01375,0.011,0.01375,0.01375,0,0,0,0
20/08/2011,0.0345837120778855,0.1,10.3099716454204,37.7590951443256,354.303158729775,0,8.2347552469617,32.9390209878468,2.57689504392679,0,400,25,21.9593473252312,74.1127972226553,1.08500843954812,3.11939926370086,0.01375,0.011,0.01375,0.01375,0,0,0,0
21/08/2011,0.0290889958087028,0.1,10.3490516747915,37.009845102324,354.768747130835,0,7.61336215740087,30.4534486296035,2.33292865980436,0,400,25,20.3022990864023,68.5202594166079,0.982285751496574,2.82407153555265,0.01375,0.011,0.01375,0.01375,0,0,0,0
22/08/2011,0.00140484735236813,0.1,10.3903965472238,39.3340736423584,355.212572422639,0,8.0388163802414,32.1552655209656,2.42519021199056,0,400,25,21.4368436806437,72.3493474221726,1.02113272083813,2.93575657240963,0.01375,0.011,0.01375,0.01375,0,0,0,0
23/08/2011,1.50270275312686e-05,0.1,10.4339940237578,39.334073642359,355.634503223483,0,8.03881638024138,32.1552655209655,2.42519021199057,0,400,25,21.4368436806437,72.3493474221724,1.02113272083813,2.93575657240964,0.01375,0.011,0.01375,0.01375,0,0,0,0
24/08/2011,2.78890966531015e-07,0.1,10.4798311986152,39.3340736423588,356.034414632895,0,8.03881638024141,32.1552655209656,2.42519021199058,0,400,25,21.4368436806438,72.3493474221727,1.02113272083814,2.93575657240965,0.01375,0.011,0.01375,0.01375,0,0,0,0
25/08/2011,0,0.1,10.5278945030197,0,356.412188268613,0,0,0,0,0,400,25,0,0,0,0,0.01375,0.011,0.01375,0.01375,0,0,0,0
26/08/2011,0,0.1,10.5781697092131,0,356.767712301624,0,0,0,0,0,400,25,0,0,0,0,0.01375,0.011,0.01375,0.01375,0,0,0,0
27/08/2011,0,0.1,10.6306419346675,0,357.10088148927,0,0,0,0,0,400,25,0,0,0,0,0.01375,0.011,0.01375,0.01375,0,0,0,0
28/08/2011,0,0.1,10.6852956464909,0,357.4115972064,0,0,0,0,0,400,25,0,0,0,0,0.01375,0.011,0.01375,0.01375,0,0,0,0
29/08/2011,0,0.1,10.7421146660246,0,357.69976747457,0,0,0,0,0,400,25,0,0,0,0,0.01375,0.011,0.01375,0.01375,0,0,0,0
30/08/2011,0,0.1,10.8010821736331,0,357.965306989265,0,0,0,0,0,400,25,0,0,0,0,0.01375,0.011,0.01375,0.01375,0,0,0,0
31/08/2011,0,0.1,10.862180713683,0,358.208137145153,0,0,0,0,0,400,25,0,0,0,0,0.01375,0.011,0.01375,0.01375,0,0,0,0
01/09/2011,0,0.1,10.9253921997097,0,358.428186059355,0,0,0,0,0,400,25,0,0,0,0,0.01375,0.011,0.01375,0.01375,0,0,0,0
02/09/2011,0,0.1,10.9906979197721,0,358.625388592724,0,0,0,0,0,400,25,0,0,0,0,0.01375,0.011,0.01375,0.01375,0,0,0,0
03/09/2011,0,0.1,11.0580785419912,0,358.799686369124,0,0,0,0,0,400,25,0,0,0,0,0.01375,0.011,0.01375,0.01375,0,0,0,0
04/09/2011,0,0.1,11.1275141202729,0,358.951027792715,0,0,0,0,0,400,25,0,0,0,0,0.01375,0.011,0.01375,0.01375,0,0,0,0
05/09/2011,0,0.1,11.1989841002127,0,359.079368063225,0,0,0,0,0,400,25,0,0,0,0,0.01375,0.011,0.01375,0.01375,0,0,0,0
06/09/2011,0,0.1,11.2724673251798,0,359.184669189209,0,0,0,0,0,400,25,0,0,0,0,0.01375,0.011,0.01375,0.01375,0,0,0,0
07/09/2011,0,0.1,11.3479420425803,0,359.2668999993,0,0,0,0,0,400,25,0,0,0,0,0.01375,0.011,0.01375,0.01375,0,0,0,0
08/09/2011,0.000702829950616433,0.1,11.4253859102962,39.5655333804189,359.326036151433,0,8.08809244290995,32.3523697716398,2.43438263311339,0,400,25,21.5682465144265,72.7928319861896,1.02500321394248,2.94688424008463,0.01375,0.011,0.01375,0.01375,0,0,0,0
09/09/2011,8.8680894245315e-06,0.1,11.5047760032994,39.5655333804193,359.362060140052,0,8.08809244290993,32.3523697716397,2.43438263311341,0,400,25,21.5682465144265,72.7928319861894,1.02500321394249,2.94688424008465,0.01375,0.011,0.01375,0.01375,0,0,0,0
10/09/2011,0.00100337028376379,0.1,11.5860888204375,39.743490396051,359.374961301293,0,8.11052399950223,32.4420959980089,2.44144013145629,0,400,25,21.6280639986726,72.9947159955201,1.02797479219212,2.95542752755235,0.01375,0.011,0.01375,0.01375,0,0,0,0
11/09/2011,0.000422845743058003,0.1,11.6693002913912,39.597014330589,359.364735816136,0,8.09206062990617,32.3682425196247,2.43563111861349,0,400,25,21.5788283464165,72.8285456691556,1.02552889204779,2.94839556463738,0.01375,0.011,0.01375,0.01375,0,0,0,0
12/09/2011,5.80797397796388e-06,0.1,11.7543857837993,39.5970143305891,359.331386711544,0,8.09206062990619,32.3682425196248,2.43563111861349,0,400,25,21.5788283464165,72.8285456691557,1.02552889204778,2.94839556463738,0.01375,0.011,0.01375,0.01375,0,0,0,0
13/09/2011,0.00051440160219501,0.1,11.8413201105505,39.6813876255334,359.274923859559,0,8.10269591918487,32.4107836767395,2.43897723220806,0,400,25,21.6071891178263,72.9242632726639,1.02693778198234,2.95244612319923,0.01375,0.011,0.01375,0.01375,0,0,0,0
14/09/2011,6.87157041628806e-06,0.1,11.9300775372393,39.6813876255333,359.195363974383,0,8.10269591918491,32.4107836767396,2.43897723220805,0,400,25,21.6071891178264,72.9242632726642,1.02693778198234,2.95244612319921,0.01375,0.011,0.01375,0.01375,0,0,0,0
15/09/2011,1.47443649095741e-07,0.1,12.0206317897838,39.6813876255332,359.09273060743,0,8.1026959191849,32.4107836767396,2.43897723220804,0,400,25,21.6071891178264,72.9242632726641,1.02693778198233,2.95244612319921,0.01375,0.011,0.01375,0.01375,0,0,0,0
16/09/2011,0,0.1,12.1129560622039,0,358.967054140356,0,0,0,0,0,400,25,0,0,0,0,0.01375,0.011,0.01375,0.01375,0,0,0,0
17/09/2011,0,0.1,12.2070230245555,0,358.818371776061,0,0,0,0,0,400,25,0,0,0,0,0.01375,0.011,0.01375,0.01375,0,0,0,0
18/09/2011,0,0.1,12.3028048310218,0,358.646727527679,0,0,0,0,0,400,25,0,0,0,0,0.01375,0.011,0.01375,0.01375,0,0,0,0
19/09/2011,0,0.1,12.4002731281556,0,358.452172205552,0,0,0,0,0,400,25,0,0,0,0,0.01375,0.011,0.01375,0.01375,0,0,0,0
20/09/2011,0,0.1,12.4993990632724,0,358.234763402183,0,0,0,0,0,400,25,0,0,0,0,0.01375,0.011,0.01375,0.01375,0,0,0,0
21/09/2011,0,0.1,12.600153292992,0,357.994565475191,0,0,0,0,0,400,25,0,0,0,0,0.01375,0.011,0.01375,0.01375,0,0,0,0
22/09/2011,0,0.1,12.7025059919243,0,357.73164952826,0,0,0,0,0,400,25,0,0,0,0,0.01375,0.011,0.01375,0.01375,0,0,0,0
23/09/2011,0,0.1,12.8064268614986,0,357.446093390089,0,0,0,0,0,400,25,0,0,0,0,0.01375,0.011,0.01375,0.01375,0,0,0,0
24/09/2011,0,0.1,12.9118851389321,0,357.137981591355,0,0,0,0,0,400,25,0,0,0,0,0.01375,0.011,0.01375,0.01375,0,0,0,0
25/09/2011,0.00818383456362725,0.1,13.0188496063369,35.3805901155458,356.807405339689,0,7.8953968157475,31.58158726299,2.4599447231085,0,400,25,21.05439150866,71.0585713417275,1.03576619920358,2.97782782271029,0.01375,0.011,0.01375,0.01375,0,0,0,0
26/09/2011,0.0735051006866031,0.1,13.1272885999607,38.5472975597751,356.454462492675,0,8.27300307308905,33.0920122923562,2.59549363050236,0,400,25,22.0613415282375,74.4570276578014,1.09283942336941,3.14191334218707,0.01375,0.011,0.01375,0.01375,0,0,0,0
27/09/2011,0.0200671764820091,0.1,13.2371700195604,38.5981121849605,356.079257528887,0,8.11976597641648,32.4790639056659,2.48433189445338,0,400,25,21.6527092704439,73.0778937877483,1.04603448187511,3.00734913539094,0.01375,0.011,0.01375,0.01375,0,0,0,0
28/09/2011,0.000136110895214118,0.1,13.3484613379039,38.5981121849609,355.681901516956,0,8.1197659764165,32.479063905666,2.48433189445336,0,400,25,21.652709270444,73.0778937877485,1.0460344818751,3.00734913539091,0.01375,0.011,0.01375,0.01375,0,0,0,0
29/09/2011,0.00220243448150086,0.1,13.4611296103994,37.1139833001852,355.262512082693,0,8.11330315832735,32.4532126333094,2.52835202897264,0,400,25,21.6354750888729,73.0197284249462,1.0645692753569,3.06063666665109,0.01375,0.011,0.01375,0.01375,0,0,0,0
30/09/2011,0.00400853688140826,0.1,13.5751414848473,39.9081064872247,354.82121337427,0,8.13316781050667,32.5326712420267,2.44905193421939,0,400,25,21.6884474946845,73.19851029456,1.03117976177658,2.96464181510768,0.01375,0.011,0.01375,0.01375,0,0,0,0
01/10/2011,3.6699468582525e-05,0.1,13.6904632113135,39.9081064872248,354.35813602547,0,8.13316781050665,32.5326712420266,2.44905193421939,0,400,25,21.6884474946844,73.1985102945599,1.03117976177658,2.96464181510768,0.01375,0.011,0.01375,0.01375,0,0,0,0
02/10/2011,0.00229899806582836,0.1,13.8070606521197,34.6052748639915,353.873417117015,0,7.79492340949936,31.1796936379974,2.42762690134674,0,400,25,20.7864624253316,70.1543106854943,1.02215869530389,2.93870624899869,0.01375,0.011,0.01375,0.01375,0,0,0,0
03/10/2011,0.0106728311298141,0.1,13.9248992919492,37.4332476229304,353.367200135988,0,8.10615344880062,32.4246137952025,2.51390232513533,0,400,25,21.6164091968017,72.9553810392056,1.05848518953066,3.04314491990066,0.01375,0.011,0.01375,0.01375,0,0,0,0
04/10/2011,0.00316107508131514,0.1,14.0439442480639,39.8376902357247,352.839634933357,0,8.12984071993207,32.5193628797283,2.44943354713086,0,400,25,21.6795752531522,73.1685664793886,1.0313404408972,2.96510376757946,0.01375,0.011,0.01375,0.01375,0,0,0,0
05/10/2011,3.00555842238885e-05,0.1,14.1641602806307,39.8376902357245,352.290877679617,0,8.12984071993215,32.5193628797286,2.44943354713088,0,400,25,21.6795752531524,73.1685664793894,1.03134044089721,2.96510376757949,0.01375,0.011,0.01375,0.01375,0,0,0,0
06/10/2011,4.73836665639635e-07,0.1,14.2855118031529,39.8376902357247,351.721090818561,0,8.12984071993217,32.5193628797287,2.44943354713089,0,400,25,21.6795752531525,73.1685664793896,1.03134044089722,2.9651037675795,0.01375,0.011,0.01375,0.01375,0,0,0,0
07/10/2011,1.66938265083545e-08,0.1,14.4079628930047,0,351.13044301919,0,0,0,0,0,400,25,0,0,0,0,0.01375,0.011,0.01375,0.01375,0,0,0,0
08/10/2011,0.0012429313886021,0.1,14.5314773020651,39.8083313135427,350.519109125787,0,8.11869722439613,32.4747888975845,2.44401162135302,0,400,25,21.6498592650564,73.0682750195652,1.02905752478022,2.95854038374313,0.01375,0.011,0.01375,0.01375,0,0,0,0
09/10/2011,0.0375125206413588,0.1,14.6560184674478,38.412079691474,349.887270106158,0,8.31407525105549,33.256301004222,2.60108157424539,0,400,25,22.170867336148,74.8266772594994,1.09519224178753,3.14867769513916,0.01375,0.011,0.01375,0.01375,0,0,0,0
10/10/2011,0.00770920263094041,0.1,14.7815495223251,39.9137086224665,349.235112998059,0,8.14299767521771,32.5719907008708,2.45449326067955,0,400,25,21.7146604672472,73.2869790769594,1.03347084660191,2.97122868398051,0.01375,0.011,0.01375,0.01375,0,0,0,0
11/10/2011,6.21663414900046e-05,0.1,14.908033306841,39.913708622466,348.562830853834,0,8.1429976752177,32.5719907008708,2.45449326067956,0,400,25,21.7146604672472,73.2869790769593,1.03347084660192,2.97122868398052,0.01375,0.011,0.01375,0.01375,0,0,0,0
12/10/2011,8.5957474063886e-07,0.1,15.0354323791111,39.9137086224663,347.870622683264,0,8.14299767521777,32.5719907008711,2.45449326067956,0,400,25,21.7146604672474,73.2869790769599,1.03347084660192,2.97122868398052,0.01375,0.011,0.01375,0.01375,0,0,0,0
13/10/2011,2.71174469138827e-08,0.1,15.1637090263067,0,347.158693394657,0,0,0,0,0,400,25,0,0,0,0,0.01375,0.011,0.01375,0.01375,0,0,0,0
14/10/2011,0,0.1,15.292825275818,0,346.427253734189,0,0,0,0,0,400,25,0,0,0,0,0.01375,0.011,0.01375,0.01375,0,0,0,0
15/10/2011,0,0.1,15.4227429064953,0,345.676520223521,0,0,0,0,0,400,25,0,0,0,0,0.01375,0.011,0.01375,0.01375,0,0,0,0
16/10/2011,0,0.1,15.553423459963,0,344.906715095704,0,0,0,0,0,400,25,0,0,0,0,0.01375,0.011,0.01375,0.01375,0,0,0,0
17/10/2011,0,0.1,15.6848282520041,0,344.11806622939,0,0,0,0,0,400,25,0,0,0,0,0.01375,0.011,0.01375,0.01375,0,0,0,0
18/10/2011,0,0.1,15.8169183840117,0,343.310807081381,0,0,0,0,0,400,25,0,0,0,0,0.01375,0.011,0.01375,0.01375,0,0,0,0
19/10/2011,0,0.1,15.9496547545038,0,342.485176617513,0,0,0,0,0,400,25,0,0,0,0,0.01375,0.011,0.01375,0.01375,0,0,0,0
20/10/2011,0,0.1,16.0829980706979,0,341.641419241926,0,0,0,0,0,400,25,0,0,0,0,0.01375,0.011,0.01375,0.01375,0,0,0,0
21/10/2011,0,0.1,16.2169088601428,0,340.779784724706,0,0,0,0,0,400,25,0,0,0,0,0.01375,0.011,0.01375,0.01375,0,0,0,0
22/10/2011,0,0.1,16.3513474824032,0,339.900528127956,0,0,0,0,0,400,25,0,0,0,0,0.01375,0.011,0.01375,0.01375,0,0,0,0
23/10/2011,0,0.1,16.486274140794,0,339.003909730285,0,0,0,0,0,400,25,0,0,0,0,0.01375,0.011,0.01375,0.01375,0,0,0,0
24/10/2011,0,0.1,16.6216488941613,0,338.090194949768,0,0,0,0,0,400,25,0,0,0,0,0.01375,0.011,0.01375,0.01375,0,0,0,0
25/10/2011,0,0.1,16.7574316687051,0,337.159654265367,0,0,0,0,0,400,25,0,0,0,0,0.01375,0.011,0.01375,0.01375,0,0,0,0
26/10/2011,0.0298015122187877,0.1,16.893582269843,37.8317420549206,336.212563136873,0,8.24629723215285,32.9851889286114,2.58114032216421,0,400,25,21.9901259524076,74.2166750893756,1.08679592512177,3.12453828472509,0.01375,0.011,0.01375,0.01375,0,0,0,0
27/10/2011,0.0149625565573196,0.1,17.0300603941077,37.5713005722254,335.249201923357,0,8.05943314636147,32.2377325854459,2.4826967857142,0,400,25,21.4918217236306,72.5348983172533,1.04534601503756,3.00536979323298,0.01375,0.011,0.01375,0.01375,0,0,0,0
28/10/2011,0.000399218946939661,0.1,17.1668256410784,39.163658019973,334.269855800181,0,8.09729480865151,32.389179234606,2.45268676060713,0,400,25,21.592786156404,72.8756532778636,1.03271021499248,2.96904186810337,0.01375,0.011,0.01375,0.01375,0,0,0,0
29/10/2011,5.15459859969418e-06,0.1,17.3038375253397,39.1636580199732,333.27481467458,0,8.09729480865146,32.3891792346058,2.45268676060712,0,400,25,21.5927861564039,72.8756532778632,1.03271021499247,2.96904186810336,0.01375,0.011,0.01375,0.01375,0,0,0,0
30/10/2011,1.16658598230696e-07,0.1,17.4410554884664,39.1636580199732,332.264373099842,0,8.09729480865146,32.3891792346058,2.45268676060711,0,400,25,21.5927861564039,72.8756532778632,1.03271021499247,2.96904186810335,0.01375,0.011,0.01375,0.01375,0,0,0,0
31/10/2011,0,0.1,17.5784389110296,0,331.238830188116,0,0,0,0,0,400,25,0,0,0,0,0.01375,0.011,0.01375,0.01375,0,0,0,0
01/11/2011,0,0.1,17.7159471246209,0,330.198489521866,0,0,0,0,0,400,25,0,0,0,0,0.01375,0.011,0.01375,0.01375,0,0,0,0
02/11/2011,0,0.1,17.853539423891,0,329.143659064006,0,0,0,0,0,400,25,0,0,0,0,0.01375,0.011,0.01375,0.01375,0,0,0,0
03/11/2011,0.00667698255484792,0.1,17.9911750785997,36.6640234906786,328.074651066735,0,8.0834557475457,32.3338229901828,2.52587790829129,0,400,25,21.5558819934552,72.7511017279114,1.06352754033317,3.05764167845787,0.01375,0.011,0.01375,0.01375,0,0,0,0
04/11/2011,0.0034880777045201,0.1,18.1288133456723,39.8862800032413,326.991781979106,0,8.1343232154344,32.5372928617376,2.45042109542859,0,400,25,21.6915285744917,73.2089089389096,1.03175625070677,2.96629922078197,0.01375,0.011,0.01375,0.01375,0,0,0,0
05/11/2011,0.00118566948677549,0.1,18.2664134812612,39.8871457190539,325.895372353347,0,8.12879231594234,32.5151692637694,2.44722909244199,0,400,25,21.6767795091796,73.1591308434811,1.03041224944926,2.96243521716662,0.01375,0.011,0.01375,0.01375,0,0,0,0
06/11/2011,1.34870642316347e-05,0.1,18.4039347528061,39.887145719054,324.785746749974,0,8.12879231594236,32.5151692637695,2.44722909244198,0,400,25,21.6767795091796,73.1591308434813,1.03041224944926,2.96243521716661,0.01375,0.011,0.01375,0.01375,0,0,0,0
07/11/2011,2.55379042161491e-07,0.1,18.5413364510926,39.8871457190539,323.663233641712,0,8.1287923159424,32.5151692637696,2.44722909244198,0,400,25,21.6767795091797,73.1591308434816,1.03041224944926,2.96243521716661,0.01375,0.011,0.01375,0.01375,0,0,0,0
08/11/2011,4.40123850618587e-05,0.1,18.678577902302,39.8104973302586,322.528165316262,0,8.11897025171326,32.4758810068531,2.4440975222057,0,400,25,21.650587337902,73.0707322654194,1.02909369356029,2.95864436898585,0.01375,0.011,0.01375,0.01375,0,0,0,0
09/11/2011,0.00491171066806943,0.1,18.8156184800527,39.9592335021147,321.380877777935,0,8.13771850866991,32.5508740346797,2.44999616735142,0,400,25,21.7005826897864,73.2394665780292,1.03157733362165,2.96578483416224,0.01375,0.011,0.01375,0.01375,0,0,0,0
10/11/2011,0.00327752058478303,0.1,18.9524176174254,39.9410572783432,320.221710648189,0,8.13542738802645,32.5417095521058,2.44927532659843,0,400,25,21.6944730347372,73.2188464922381,1.03127382172566,2.96491223746126,0.01375,0.011,0.01375,0.01375,0,0,0,0
11/11/2011,3.1068565874987e-05,0.1,19.0889348189725,39.9410572783433,319.05100706509,0,8.13542738802645,32.5417095521058,2.44927532659844,0,400,25,21.6944730347372,73.2188464922381,1.03127382172566,2.96491223746127,0.01375,0.011,0.01375,0.01375,0,0,0,0
12/11/2011,4.86888714477207e-07,0.1,19.2251296727055,39.9410572783435,317.869113581744,0,8.13542738802646,32.5417095521058,2.44927532659843,0,400,25,21.6944730347372,73.2188464922381,1.03127382172565,2.96491223746125,0.01375,0.011,0.01375,0.01375,0,0,0,0
13/11/2011,1.70674511670165e-08,0.1,19.3609618620575,0,316.676380063702,0,0,0,0,0,400,25,0,0,0,0,0.01375,0.011,0.01375,0.01375,0,0,0,0
14/11/2011,0,0.1,19.496391177818,0,315.473159585395,0,0,0,0,0,400,25,0,0,0,0,0.01375,0.011,0.01375,0.01375,0,0,0,0
15/11/2011,0,0.1,19.6313775300357,0,314.259808325618,0,0,0,0,0,400,25,0,0,0,0,0.01375,0.011,0.01375,0.01375,0,0,0,0
16/11/2011,0,0.1,19.7658809598859,0,313.036685462092,0,0,0,0,0,400,25,0,0,0,0,0.01375,0.011,0.01375,0.01375,0,0,0,0
17/11/2011,0.0589666892734826,0.1,19.899861651499,36.4129192663275,311.80415306514,0,7.79119300801402,31.1647720320561,2.45134330658209,0,400,25,20.7765146880374,70.1207370721262,1.03214455013983,2.96741558165201,0.01375,0.011,0.01375,0.01375,0,0,0,0
18/11/2011,0.0083392946852725,0.1,20.0332799437473,39.503189997279,310.562575990505,0,8.13278888754114,32.5311555501645,2.46532417520537,0,400,25,21.687437033443,73.1950999878702,1.03803123166542,2.98433979103807,0.01375,0.011,0.01375,0.01375,0,0,0,0
19/11/2011,0.000830025641593009,0.1,20.166096341985,39.8646956598674,309.31232177135,0,8.12999474204827,32.5199789681931,2.44891267426659,0,400,25,21.6799859787954,73.1699526784344,1.03112112600698,2.96447323727008,0.01375,0.011,0.01375,0.01375,0,0,0,0
20/11/2011,9.92757510817281e-06,0.1,20.2982715297398,39.8646956598675,308.053760509454,0,8.12999474204831,32.5199789681932,2.44891267426657,0,400,25,21.6799859787955,73.1699526784348,1.03112112600698,2.96447323727006,0.01375,0.011,0.01375,0.01375,0,0,0,0
21/11/2011,1.98969051715467e-07,0.1,20.4297663803513,39.8646956598676,306.787264765657,0,8.12999474204833,32.5199789681933,2.44891267426657,0,400,25,21.6799859787955,73.169952678435,1.03112112600698,2.96447323727006,0.01375,0.011,0.01375,0.01375,0,0,0,0
22/11/2011,0.000137222992560434,0.1,20.5605419685534,39.5400204941661,305.513209449576,0,8.08487653287808,32.3395061315123,2.43337083174207,0,400,25,21.5596707543415,72.7638887959027,1.02457719231245,2.94565942789829,0.01375,0.011,0.01375,0.01375,0,0,0,0
23/11/2011,0.129956622647802,0.1,20.6905595819968,38.4807943702249,304.231971708621,0,8.10030759337358,32.4012303734943,2.56182657228929,0,400,25,21.6008202489962,72.9027683403623,1.07866381991128,3.10115848224493,0.01375,0.011,0.01375,0.01375,0,0,0,0
24/11/2011,0.192719736232373,0.1,20.8197807327088,36.6980413419047,302.94393081635,0,7.44020769181905,29.7608307672762,2.33745195540532,0,400,25,19.8405538448508,66.9618692263715,0.984190297012766,2.8295471039117,0.01375,0.011,0.01375,0.01375,0,0,0,0
25/11/2011,0.187706385510485,0.1,20.9481671684868,35.0533448581375,301.649468060202,0,7.12987907136206,28.5195162854482,2.24693744621746,0,400,25,19.0130108569655,64.1689116422585,0.94607892472314,2.71997690857903,0.01375,0.011,0.01375,0.01375,0,0,0,0
26/11/2011,0.864860397364939,0.1,21.0756808842214,38.1300124505113,300.348966628621,0,7.5980194563941,30.3920778255764,2.46381808338774,0,400,25,20.2613852170509,68.3821751075469,1.03739708774221,2.98251662725885,0.01375,0.011,0.01375,0.01375,0,0,0,0
27/11/2011,0.287122398529722,0.1,21.2022841331467,34.5987447432778,299.042811497628,0,6.79167296064689,27.1666918425876,2.12239598313402,0,400,25,18.1111278950584,61.125056645822,0.893640413951165,2.5692161901096,0.01375,0.011,0.01375,0.01375,0,0,0,0
28/11/2011,0.00789232502200139,0.1,21.3279394380145,13.2944313138805,297.73138931686,0,2.32180455392138,9.28721821568553,0.602357686677697,0,400,25,6.19147881045702,20.8962409852925,0.253624289127451,0.729169831241423,0.01375,0.011,0.01375,0.01375,0,0,0,0
29/11/2011,0.00526615957580634,0.1,21.4526096021881,6.08516064546585,296.41508829511,0,0.874242412971071,3.49696965188428,0.128181921090434,0,400,25,2.33131310125619,7.86818171673964,0.0539713351959724,0.155167588688421,0.01375,0.011,0.01375,0.01375,0,0,0,0
30/11/2011,0.00289161456765677,0.1,21.5762577206533,6.00135524137126,295.094298085414,0,0.857414978442101,3.42965991376841,0.122669783528309,0,400,25,2.28643994251227,7.71673480597891,0.0516504351698142,0.148495001113216,0.01375,0.011,0.01375,0.01375,0,0,0,0
01/12/2011,0.00122201325385703,0.1,21.6988471909432,6.26038018498353,293.769409669701,0,0.873557676274315,3.49423070509726,0.12633725754475,0,400,25,2.32948713673151,7.86201908646883,0.0531946347556841,0.152934574922592,0.01375,0.011,0.01375,0.01375,0,0,0,0
02/12/2011,0.00105417947693501,0.1,21.8203417239731,10.1092027953976,292.440815243058,0,1.66935297488213,6.67741189952851,0.377341048015327,0,400,25,4.451607933019,15.0241767739391,0.158880441269611,0.456781268650132,0.01375,0.011,0.01375,0.01375,0,0,0,0
03/12/2011,1.23031826416808e-05,0.1,21.9407053547832,10.1092027953977,291.108908097629,0,1.66935297488212,6.67741189952847,0.377341048015321,0,400,25,4.45160793301898,15.0241767739391,0.158880441269609,0.456781268650126,0.01375,0.011,0.01375,0.01375,0,0,0,0
04/12/2011,2.36964620245619e-07,0.1,22.0599024531845,10.1092027953977,289.774082506192,0,1.66935297488211,6.67741189952844,0.377341048015322,0,400,25,4.45160793301896,15.024176773939,0.158880441269609,0.456781268650127,0.01375,0.011,0.01375,0.01375,0,0,0,0
05/12/2011,0.0236547439419116,0.1,22.1778977343065,32.7680179275498,288.436733605447,0,7.55178966741053,30.2071586696421,2.34815892189929,0,400,25,20.1381057797614,67.9661070066948,0.988698493431281,2.84250816861493,0.01375,0.011,0.01375,0.01375,0,0,0,0
06/12/2011,0.0121357757404723,0.1,22.294656269042,31.3065516232204,287.097257279049,0,6.81807807367392,27.2723122946957,2.05313052527486,0,400,25,18.1815415297971,61.3627026630652,0.864476010642047,2.48536853059589,0.01375,0.011,0.01375,0.01375,0,0,0,0
07/12/2011,9.04633425021831e-05,0.1,22.4101434943871,31.3065516232205,285.756050040415,0,6.8180780736739,27.2723122946956,2.05313052527486,0,400,25,18.1815415297971,61.3627026630651,0.864476010642047,2.48536853059589,0.01375,0.011,0.01375,0.01375,0,0,0,0
08/12/2011,0.075332616227485,0.1,22.5243252236724,31.5924021825663,284.413508915348,0,7.14543026452431,28.5817210580972,2.19323000451931,0,400,25,19.0544807053982,64.3088723807188,0.923465265060763,2.65496263704969,0.01375,0.011,0.01375,0.01375,0,0,0,0
09/12/2011,0.253160440428942,0.1,22.637167656683,36.473099479483,283.070031324511,0,7.51512447251248,30.0604978900499,2.39592619023551,0,400,25,20.0403319266999,67.6361202526123,1.00881102746758,2.9003317039693,0.01375,0.011,0.01375,0.01375,0,0,0,0
10/12/2011,0.0788283969802587,0.1,22.7486373896641,31.9531459434195,281.726014965779,0,6.46374265432872,25.8549706173149,1.96225380944833,0,400,25,17.2366470782099,58.1736838889585,0.826212130294032,2.37535987459534,0.01375,0.011,0.01375,0.01375,0,0,0,0
11/12/2011,0.000416349565264289,0.1,22.8587014252095,31.9531459434194,280.381857696517,0,6.46374265432869,25.8549706173148,1.96225380944833,0,400,25,17.2366470782098,58.1736838889582,0.826212130294036,2.37535987459535,0.01375,0.011,0.01375,0.01375,0,0,0,0
12/12/2011,0.266242596015646,0.1,22.9673271820289,35.343794686992,279.037957415799,0,7.2836976262964,29.1347905051856,2.32802269147967,0,400,25,19.4231936701237,65.5532786366676,0.980220080623017,2.81813273179117,0.01375,0.011,0.01375,0.01375,0,0,0,0
13/12/2011,0.0633818177570982,0.1,23.0744825045931,32.1198292189548,277.694711946626,0,6.64223214789419,26.5689285915768,2.02545492975056,0,400,25,17.7126190610512,59.7800893310477,0.852823128316027,2.45186649390858,0.01375,0.011,0.01375,0.01375,0,0,0,0
14/12/2011,0.00178074957744113,0.1,23.180135672653,36.7046903230533,276.352518918163,0,7.62830198063763,30.5132079225505,2.29870941718472,0,400,25,20.3421386150337,68.6547178257387,0.967877649340936,2.78264824185519,0.01375,0.011,0.01375,0.01375,0,0,0,0
15/12/2011,0.00183940466291002,0.1,23.2842554106286,38.2985086259661,275.011775648026,0,7.92741183997677,31.7096473599071,2.38391676128374,0,400,25,21.1397649066047,71.3467065597909,1.00375442580368,2.88579397418558,0.01375,0.011,0.01375,0.01375,0,0,0,0
16/12/2011,1.94044408794852e-05,0.1,23.3868108968681,38.2985086259662,273.672879024676,0,7.92741183997673,31.7096473599069,2.38391676128375,0,400,25,21.1397649066046,71.3467065597905,1.00375442580368,2.88579397418559,0.01375,0.011,0.01375,0.01375,0,0,0,0
17/12/2011,3.30996201294617e-07,0.1,23.4877717727713,38.2985086259662,272.336225389925,0,7.92741183997673,31.7096473599069,2.38391676128376,0,400,25,21.1397649066046,71.3467065597906,1.00375442580369,2.88579397418561,0.01375,0.011,0.01375,0.01375,0,0,0,0
18/12/2011,1.24635429746729e-08,0.1,23.5871081517765,0,271.002210421614,0,0,0,0,0,400,25,0,0,0,0,0.01375,0.011,0.01375,0.01375,0,0,0,0
19/12/2011,0,0.1,23.6847906282074,0,269.671229016481,0,0,0,0,0,400,25,0,0,0,0,0.01375,0.011,0.01375,0.01375,0,0,0,0
20/12/2011,0.0478441199404164,0.1,23.7807902859783,35.9709152625173,268.343675173266,0,7.98946374518862,31.9578549807545,2.49460028980484,0,400,25,21.3052366538363,71.9051737066976,1.05035801675993,3.0197792981848,0.01375,0.011,0.01375,0.01375,0,0,0,0
21/12/2011,0.0185179970663325,0.1,23.8750787071532,35.2518962492289,267.019941876079,0,7.69214277979381,30.7685711191752,2.34785050756488,0,400,25,20.5123807461168,69.2292850181443,0.988568634764161,2.84213482494696,0.01375,0.011,0.01375,0.01375,0,0,0,0
22/12/2011,0.00341622888795661,0.1,23.9676279803587,23.3527268860986,265.700420978066,0,6.2534302926793,25.0137211707172,1.91094716473264,0,400,25,16.6758141138115,56.2808726341137,0.804609332519006,2.31325183099214,0.01375,0.011,0.01375,0.01375,0,0,0,0
23/12/2011,0.00821617134391184,0.1,24.0584107090458,31.6710189750451,264.385503085413,0,7.34038925231671,29.3615570092668,2.2628240141527,0,400,25,19.5743713395112,66.0635032708504,0.95276800595903,2.73920801713221,0.01375,0.011,0.01375,0.01375,0,0,0,0
24/12/2011,0.00173297221038976,0.1,24.1474000196006,38.8794342417076,263.07557744172,0,8.01105795527235,32.0442318210894,2.41257801274428,0,400,25,21.3628212140596,72.0995215974511,1.01582232115549,2.92048917332203,0.01375,0.011,0.01375,0.01375,0,0,0,0
25/12/2011,1.83327419978081e-05,0.1,24.2345695692986,38.8794342417077,261.771031812774,0,8.01105795527235,32.0442318210894,2.41257801274431,0,400,25,21.3628212140596,72.0995215974512,1.0158223211555,2.92048917332206,0.01375,0.011,0.01375,0.01375,0,0,0,0
26/12/2011,3.15927570159775e-07,0.1,24.3198935541034,38.8794342417077,260.472252371766,0,8.01105795527235,32.0442318210894,2.41257801274432,0,400,25,21.3628212140596,72.0995215974512,1.0158223211555,2.92048917332208,0.01375,0.011,0.01375,0.01375,0,0,0,0
27/12/2011,1.19993675050797e-08,0.1,24.4033467163048,0,259.17962358497,0,0,0,0,0,400,25,0,0,0,0,0.01375,0.011,0.01375,0.01375,0,0,0,0
28/12/2011,0,0.1,24.484904351996,0,257.893528097937,0,0,0,0,0,400,25,0,0,0,0,0.01375,0.011,0.01375,0.01375,0,0,0,0
29/12/2011,0,0.1,24.5645423183859,0,256.614346622224,0,0,0,0,0,400,25,0,0,0,0,0.01375,0.011,0.01375,0.01375,0,0,0,0
30/12/2011,0,0.1,24.6422370409468,0,255.342457822691,0,0,0,0,0,400,25,0,0,0,0,0.01375,0.011,0.01375,0.01375,0,0,0,0
31/12/2011,0,0.1,24.7179655203918,0,254.078238205414,0,0,0,0,0,400,25,0,0,0,0,0.01375,0.011,0.01375,0.01375,0,0,0,0
01/01/2012,0,0.1,24.8051371179797,0,252.59041410873,0,0,0,0,0,400,25,0,0,0,0,0.01375,0.011,0.01375,0.01375,0,0,0,0
02/01/2012,0,0.1,24.8764918925008,0,251.344251726306,0,0,0,0,0,400,25,0,0,0,0,0.01375,0.011,0.01375,0.01375,0,0,0,0
03/01/2012,0,0.1,24.9458110794992,0,250.106942079986,0,0,0,0,0,400,25,0,0,0,0,0.01375,0.011,0.01375,0.01375,0,0,0,0
04/01/2012,0,0.1,25.0130741590243,0,248.878851439682,0,0,0,0,0,400,25,0,0,0,0,0.01375,0.011,0.01375,0.01375,0,0,0,0
05/01/2012,0,0.1,25.0782612197774,0,247.660343346284,0,0,0,0,0,400,25,0,0,0,0,0.01375,0.011,0.01375,0.01375,0,0,0,0
06/01/2012,0,0.1,25.1413529650052,0,246.451778504046,0,0,0,0,0,400,25,0,0,0,0,0.01375,0.011,0.01375,0.01375,0,0,0,0
07/01/2012,0.000338941172884335,0.1,25.2023307182122,39.0800186662717,245.253514673805,0,8.02689310919391,32.1075724367756,2.41512787500015,0,400,25,21.4050482911838,72.2420379827452,1.01689594736848,2.92357584868439,0.01375,0.011,0.01375,0.01375,0,0,0,0
08/01/2012,4.88697733895616e-06,0.1,25.2611764286895,39.0800186662716,244.065906567085,0,8.02689310919387,32.1075724367755,2.41512787500014,0,400,25,21.4050482911837,72.2420379827449,1.01689594736848,2.92357584868438,0.01375,0.011,0.01375,0.01375,0,0,0,0
09/01/2012,1.11700614903647e-07,0.1,25.317872676858,0,242.889305741087,0,0,0,0,0,400,25,0,0,0,0,0.01375,0.011,0.01375,0.01375,0,0,0,0
10/01/2012,0.00152116860328478,0.1,25.3724026794253,39.4559140445996,241.724060494622,0,8.07427487957138,32.2970995182855,2.43003530081999,0,400,25,21.531399678857,72.6684739161424,1.02317275823999,2.94162167993998,0.01375,0.011,0.01375,0.01375,0,0,0,0
11/01/2012,1.66623411803019e-05,0.1,25.4247502943533,39.4559140445997,240.570515765012,0,8.07427487957145,32.2970995182858,2.43003530081997,0,400,25,21.5313996788572,72.668473916143,1.02317275823999,2.94162167993996,0.01375,0.011,0.01375,0.01375,0,0,0,0
12/01/2012,2.92117022277097e-07,0.1,25.4749000256372,39.4559140445999,239.429013025974,0,8.07427487957141,32.2970995182856,2.43003530081997,0,400,25,21.5313996788571,72.6684739161427,1.02317275823999,2.94162167993996,0.01375,0.011,0.01375,0.01375,0,0,0,0
13/01/2012,1.12574002264093e-08,0.1,25.5228370278924,0,238.299890186543,0,0,0,0,0,400,25,0,0,0,0,0.01375,0.011,0.01375,0.01375,0,0,0,0
14/01/2012,1.25486362556193e-24,0.1,25.5685471107489,0,237.18348149104,0,0,0,0,0,400,25,0,0,0,0,0.01375,0.011,0.01375,0.01375,0,0,0,0
15/01/2012,0.0119430515901192,0.1,25.6120167430522,35.0882524618448,236.08011742013,0,7.84698209306244,31.3879283722498,2.44173513831311,0,400,25,20.9252855814998,70.622838837562,1.02809900560552,2.95578464111587,0.01375,0.011,0.01375,0.01375,0,0,0,0
16/01/2012,0.188960601606267,0.1,25.6532330568687,38.2261842297707,234.990124592991,0,8.03484585856635,32.1393834342654,2.54429036038307,0,400,25,21.4262556228436,72.3136127270972,1.07128015174024,3.07993043625318,0.01375,0.011,0.01375,0.01375,0,0,0,0
17/01/2012,0.0622818757780392,0.1,25.6921838512949,37.1969990649573,233.91382567063,0,7.3065259097482,29.2261036389928,2.21277084391538,0,400,25,19.4840690926619,65.7587331877338,0.931692986911738,2.67861733737125,0.01375,0.011,0.01375,0.01375,0,0,0,0
18/01/2012,0.00147200744528853,0.1,25.7288575960691,38.8695031859438,232.851539260369,0,7.88763871803533,31.5505548721413,2.37698304823035,0,400,25,21.0337032480942,70.9887484623179,1.00083496767594,2.87740053206832,0.01375,0.011,0.01375,0.01375,0,0,0,0
19/01/2012,1.51374055526958e-05,0.1,25.7632434349846,38.8695031859435,231.803579821526,0,7.88763871803535,31.5505548721414,2.37698304823035,0,400,25,21.0337032480943,70.9887484623181,1.00083496767594,2.87740053206832,0.01375,0.011,0.01375,0.01375,0,0,0,0
20/01/2012,2.80558533956744e-07,0.1,25.7953311891033,38.8695031859437,230.770257572335,0,7.88763871803539,31.5505548721416,2.37698304823037,0,400,25,21.0337032480944,70.9887484623186,1.00083496767594,2.87740053206834,0.01375,0.011,0.01375,0.01375,0,0,0,0
21/01/2012,0,0.1,25.8251113597692,0,229.751878398107,0,0,0,0,0,400,25,0,0,0,0,0.01375,0.011,0.01375,0.01375,0,0,0,0
22/01/2012,0,0.1,25.8525751314198,0,228.74874376069,0,0,0,0,0,400,25,0,0,0,0,0.01375,0.011,0.01375,0.01375,0,0,0,0
23/01/2012,0.000169521331509592,0.1,25.8777143741959,38.6394865222128,227.761150609223,0,7.97136384733775,31.885455389351,2.39765705562476,0,400,25,21.2569702595673,71.7422746260398,1.00953981289464,2.90242696207208,0.01375,0.011,0.01375,0.01375,0,0,0,0
24/01/2012,0.000939099006283756,0.1,25.9005216463481,39.0306467817498,226.789391292236,0,8.02066976240544,32.0826790496218,2.41316986288154,0,400,25,21.3884526997478,72.186027861649,1.01607152121328,2.92120562348818,0.01375,0.011,0.01375,0.01375,0,0,0,0
25/01/2012,0.00120572170798493,0.1,25.9209901964399,32.8587025858115,225.833753471109,0,7.36180146313872,29.4472058525549,2.23653497824828,0,400,25,19.6314705683699,66.2562131682485,0.941698938209801,2.70738444735318,0.01375,0.011,0.01375,0.01375,0,0,0,0
26/01/2012,0.233008959589217,0.1,25.9391139653462,37.4108702482968,224.894520034914,0,7.73979300288207,30.9591720115283,2.46875712768073,0,400,25,20.6394480076855,69.6581370259386,1.03947668533925,2.98849547035035,0.01375,0.011,0.01375,0.01375,0,0,0,0
27/01/2012,0.254569699989692,0.1,25.9548875880467,36.4798352325679,223.971969016682,0,7.31023170815512,29.2409268326205,2.31082341873823,0,400,25,19.493951221747,65.7920853733961,0.972978281573993,2.79731255952523,0.01375,0.011,0.01375,0.01375,0,0,0,0
28/01/2012,0.0266624355727302,0.1,25.9683063952143,32.2080801212589,223.066373511089,0,6.29150445672603,25.1660178269041,1.88537655855901,0,400,25,16.7773452179361,56.6235401105343,0.793842761498532,2.28229793930828,0.01375,0.011,0.01375,0.01375,0,0,0,0
29/01/2012,0.000909504730966863,0.1,25.9793664145975,37.9687313849723,222.178001593623,0,7.72374186219551,30.8949674487821,2.32279679410871,0,400,25,20.5966449658547,69.5136767597596,0.978019702782614,2.81180664550002,0.01375,0.011,0.01375,0.01375,0,0,0,0
30/01/2012,1.0358912632572e-05,0.1,25.9880643721958,37.9687313849722,221.307116241223,0,7.72374186219561,30.8949674487824,2.32279679410871,0,400,25,20.5966449658549,69.5136767597605,0.978019702782614,2.81180664550002,0.01375,0.011,0.01375,0.01375,0,0,0,0
31/01/2012,2.05983122878114e-07,0.1,25.9943976932292,37.9687313849722,220.453975254433,0,7.7237418621956,30.8949674487824,2.32279679410871,0,400,25,20.5966449658549,69.5136767597604,0.978019702782615,2.81180664550002,0.01375,0.011,0.01375,0.01375,0,0,0,0
01/02/2012,0,0.1,25.9983645029001,0,219.618831181091,0,0,0,0,0,400,25,0,0,0,0,0.01375,0.011,0.01375,0.01375,0,0,0,0
02/02/2012,0.052209151912168,0.1,25.9999636269489,28.8470834401668,218.801931241564,0,6.64536341833005,26.5814536733202,2.00548840609588,0,400,25,17.7209691155468,59.8082707649705,0.844416170987739,2.42769649158975,0.01375,0.011,0.01375,0.01375,0,0,0,0
03/02/2012,0.442216570035129,0.1,25.9991945920008,37.3289652763814,218.00351725557,0,7.52691493886604,30.1076597554641,2.42588041300978,0,400,25,20.0717731703094,67.7422344497943,1.02142333179359,2.93659207890658,0.01375,0.011,0.01375,0.01375,0,0,0,0
04/02/2012,0.365438040314743,0.1,25.9960576257065,36.7266352286095,217.22382557059,0,7.30859225384969,29.2343690153987,2.33489526236008,0,400,25,19.4895793435992,65.7773302846472,0.983113794677929,2.82645215969905,0.01375,0.011,0.01375,0.01375,0,0,0,0
05/02/2012,0.0207606337747388,0.1,25.9905536566747,30.8672578527411,216.463086991908,0,5.45778848472014,21.8311539388806,1.58656799656365,0,400,25,14.5541026259204,49.1200963624813,0.668028630132063,1.92058231162968,0.01375,0.011,0.01375,0.01375,0,0,0,0
06/02/2012,0.000525410738503211,0.1,25.9826843141968,12.564371473678,215.721526714289,0,2.06689825023445,8.2675930009378,0.507323686577363,0,400,25,5.51172866729187,18.6020842521101,0.213609973295732,0.614128673225229,0.01375,0.011,0.01375,0.01375,0,0,0,0
07/02/2012,0.00350031580738119,0.1,25.9724519277653,6.4834917597412,214.999364255309,0,1.13988543079014,4.55954172316057,0.193688126132347,0,400,25,3.03969448210705,10.2589688771113,0.08155289521362,0.234464573739157,0.01375,0.011,0.01375,0.01375,0,0,0,0
08/02/2012,0.0231852347147178,0.1,25.9598595263838,20.554844452911,214.296813390382,0,5.35592263786979,21.4236905514792,1.54109629767524,0,400,25,14.2824603676528,48.2033037408281,0.648882651652732,1.8655376235016,0.01375,0.011,0.01375,0.01375,0,0,0,0
09/02/2012,0.00201730725629861,0.1,25.9449108376702,36.5778212368566,213.614082089472,0,7.68581804792479,30.7432721916992,2.30524315639928,0,400,25,20.4955147944661,69.1723624313231,0.970628697431276,2.79055750511492,0.01375,0.011,0.01375,0.01375,0,0,0,0
10/02/2012,0.428062600109882,0.1,25.9276102867536,37.3183090281833,212.951372455532,0,7.56802798974714,30.2721119589886,2.44298739193278,0,400,25,20.181407972659,68.1122519077243,1.02862627028748,2.95730052707652,0.01375,0.011,0.01375,0.01375,0,0,0,0
11/02/2012,0.164297322277037,0.1,25.9079629949642,33.7735506855331,212.308880664676,0,6.74304329576328,26.9721731830531,2.08842382109174,0,400,25,17.9814487887021,60.6873896618696,0.87933634572284,2.52809199395316,0.01375,0.011,0.01375,0.01375,0,0,0,0
12/02/2012,0.175431162198444,0.1,25.8859747783173,34.414594290071,211.686796908109,0,7.19759362580941,28.7903745032376,2.2858814544965,0,400,25,19.1935830021584,64.7783426322847,0.962476401893264,2.76711965544313,0.01375,0.011,0.01375,0.01375,0,0,0,0
13/02/2012,0.0757772714532373,0.1,25.8616521457917,30.1015331403703,211.085305335824,0,6.32953227467601,25.3181290987041,1.91790484708783,0,400,25,16.8787527324694,56.9657904720841,0.807538882984348,2.32167428858,0.01375,0.011,0.01375,0.01375,0,0,0,0
14/02/2012,0.00848244901473714,0.1,25.8350022974027,27.0468251895896,210.50458400209,0,6.26010299704616,25.0404119881846,1.89483877816338,0,400,25,16.6936079921231,56.3409269734154,0.79782685396353,2.29375220514515,0.01375,0.011,0.01375,0.01375,0,0,0,0
15/02/2012,0.00166320520843021,0.1,25.8060331220709,36.1523205756179,209.944804812745,0,7.64777283695258,30.5910913478103,2.2972828289286,0,400,25,20.3940608985402,68.8299555325732,0.967276980601516,2.78092131922936,0.01375,0.011,0.01375,0.01375,0,0,0,0
16/02/2012,1.77167858506607e-05,0.1,25.774753195287,36.1523205756177,209.406133474307,0,7.6477728369526,30.5910913478104,2.29728282892859,0,400,25,20.3940608985403,68.8299555325734,0.967276980601513,2.78092131922935,0.01375,0.011,0.01375,0.01375,0,0,0,0
17/02/2012,3.07195112526928e-07,0.1,25.7411717765731,36.1523205756175,208.888729444924,0,7.64777283695263,30.5910913478105,2.29728282892858,0,400,25,20.3940608985403,68.8299555325737,0.967276980601508,2.78092131922934,0.01375,0.011,0.01375,0.01375,0,0,0,0
18/02/2012,0.0273970331919494,0.1,25.7052988067417,33.9156991754075,208.392745887169,0,7.70958447647242,30.8383379058897,2.40118458920531,0,400,25,20.5588919372598,69.3862602882517,1.01102509019171,2.90669713430116,0.01375,0.011,0.01375,0.01375,0,0,0,0
19/02/2012,0.00665209278344314,0.1,25.6671449049533,39.106595905221,207.918329622699,0,8.03912383140967,32.1564953256387,2.42126200079773,0,400,25,21.4376635504258,72.352114482687,1.01947873717799,2.93100136938672,0.01375,0.011,0.01375,0.01375,0,0,0,0
20/02/2012,0.626831296984966,0.1,25.6267213655722,37.8792773963619,207.465621088795,0,7.5987317368161,30.3949269472644,2.46678975796021,0,400,25,20.2632846315096,68.3885856313449,1.03864831914114,2.98611391753078,0.01375,0.011,0.01375,0.01375,0,0,0,0
21/02/2012,0.601727339127547,0.1,25.5840401548241,37.3763761281983,207.034754296791,0,7.37664797211877,29.5065918884751,2.3746965515776,0,400,25,19.6710612589834,66.3898317490689,0.999872232243201,2.8746326676992,0.01375,0.011,0.01375,0.01375,0,0,0,0
22/02/2012,0.116934319000733,0.1,25.5391139072529,30.862143465074,206.625856792401,0,6.26049437262024,25.041977490481,1.91667855308403,0,400,25,16.6946516603206,56.3444493535822,0.807022548666959,2.32018982741751,0.01375,0.011,0.01375,0.01375,0,0,0,0
23/02/2012,0.000783597571868215,0.1,25.4919559219814,24.1879898118923,206.239049617962,0,4.80998394872586,19.2399357949035,1.43505937478794,0,400,25,12.826623863269,43.2898555385328,0.604235526226501,1.73717713790119,0.01375,0.011,0.01375,0.01375,0,0,0,0
24/02/2012,7.62583261596001e-06,0.1,25.4425801587739,24.1879898118921,205.874447276606,0,4.80998394872582,19.2399357949033,1.43505937478796,0,400,25,12.8266238632689,43.2898555385324,0.604235526226509,1.73717713790121,0.01375,0.011,0.01375,0.01375,0,0,0,0
25/02/2012,1.60498341354384e-07,0.1,25.391001233904,24.1879898118921,205.532157698364,0,4.80998394872584,19.2399357949033,1.43505937478796,0,400,25,12.8266238632689,43.2898555385325,0.604235526226509,1.73717713790121,0.01375,0.011,0.01375,0.01375,0,0,0,0
26/02/2012,0.00049327636891943,0.1,25.3372344158281,6,205.212282208215,0,0.857142857142857,3.42857142857143,0.12258064516129,0,400,25,2.28571428571429,7.71428571428571,0.0516129032258065,0.148387096774194,0.01375,0.011,0.01375,0.01375,0,0,0,0
27/02/2012,6.6405817534103e-06,0.1,25.2812956206654,5.99999999999999,204.91491549609,0,0.857142857142865,3.42857142857146,0.12258064516129,0,400,25,2.28571428571431,7.71428571428579,0.0516129032258064,0.148387096774193,0.01375,0.011,0.01375,0.01375,0,0,0,0
28/02/2012,1.433935661419e-07,0.1,25.2232014074861,6,204.640145588848,0,0.857142857142866,3.42857142857146,0.12258064516129,0,400,25,2.28571428571431,7.71428571428579,0.0516129032258063,0.148387096774193,0.01375,0.011,0.01375,0.01375,0,0,0,0
29/02/2012,0.060035302807564,0.1,25.1629689734102,29.1665919720618,204.388053824211,0,6.8212245106652,27.2848980426608,2.0657192950474,0,400,25,18.1899320284405,61.3910205959868,0.869776545283114,2.50060756768895,0.01375,0.011,0.01375,0.01375,0,0,0,0
01/03/2012,1.26956382775568,0.1,25.1006161485163,38.6261614981336,204.158714826692,0,7.66435288989543,30.6574115595817,2.49846482833778,0,400,25,20.4382743730545,68.9791760090589,1.05198519087907,3.02445742377731,0.01375,0.011,0.01375,0.01375,0,0,0,0
02/03/2012,0.832661381901038,0.1,25.0361613905638,37.4085196261474,203.952196485501,0,7.27243049618321,29.0897219847328,2.33656979012247,0,400,25,19.3931479898219,65.4518744656489,0.983818858998934,2.82847921962194,0.01375,0.011,0.01375,0.01375,0,0,0,0
03/03/2012,0.974940743897322,0.1,24.9696237795288,37.0123828778394,203.768559934448,0,7.36157055590041,29.4462822236016,2.38271596806985,0,400,25,19.6308548157344,66.2541350031037,1.00324882866099,2.88434038240034,0.01375,0.011,0.01375,0.01375,0,0,0,0
04/03/2012,0.441025108499758,0.1,24.9010230119562,33.5552798914191,203.60785953385,0,6.72013242933082,26.8805297173233,2.1124040571858,0,400,25,17.9203531448822,60.4811918639774,0.889433287236126,2.55712070080386,0.01375,0.011,0.01375,0.01375,0,0,0,0
05/03/2012,0.157515614415451,0.1,24.8303793951287,28.9089616506127,203.470142854435,0,6.33130002517973,25.3252001007189,1.93861556729881,0,400,25,16.8834667338126,56.9817002266175,0.816259186231076,2.34674516041434,0.01375,0.011,0.01375,0.01375,0,0,0,0
06/03/2012,0.0253520859316744,0.1,24.7577138410562,22.6492182760659,203.355450663264,0,4.87030066003682,19.4812026401473,1.39287012042209,0,400,25,12.9874684267649,43.8327059403314,0.586471629651406,1.68610593524779,0.01375,0.011,0.01375,0.01375,0,0,0,0
07/03/2012,0.0257229368341502,0.1,24.6830478602847,6.97718105210979,203.263816911658,0,3.11357521493871,12.4543008597548,0.656036619926841,0,400,25,8.30286723983656,28.0221769344484,0.276225945232354,0.794149592543018,0.01375,0.011,0.01375,0.01375,0,0,0,0
08/03/2012,1.74802976922403,0.1,24.6064035555288,37.7114087420992,203.195268725153,0,7.51046075813142,30.0418430325257,2.4432470442756,0,400,25,20.0278953550171,67.5941468231828,1.02873559758973,2.95761484307047,0.01375,0.011,0.01375,0.01375,0,0,0,0
09/03/2012,0.742140593222944,0.1,24.5278036151292,34.157090227869,203.149826395466,0,6.72619939792214,26.9047975916885,2.11066423958223,0,400,25,17.9365317277924,60.5357945812992,0.888700732455676,2.55501460581007,0.01375,0.011,0.01375,0.01375,0,0,0,0
10/03/2012,0.026345080867604,0.1,24.4472713063363,12.7061816572116,203.127503374491,0,3.7090416522627,14.8361666090508,0.927774570215035,0,400,25,9.89077773936719,33.3813748703643,0.390641924301067,1.12309553236557,0.01375,0.011,0.01375,0.01375,0,0,0,0
11/03/2012,0.0378431730617242,0.1,24.3648304684224,6.02960949367743,203.128306270316,0,3.15435455417146,12.6174182166858,0.637654606333927,0,400,25,8.41161214445722,28.3891909875431,0.268486150035338,0.771897681351596,0.01375,0.011,0.01375,0.01375,0,0,0,0
12/03/2012,0.0500344434824699,0.1,24.2805055056248,6.0001364805181,203.152234845267,0,3.29183411938579,13.1673364775432,0.674965502089447,0,400,25,8.77822431836212,29.6265070744722,0.284196000879767,0.817063502529331,0.01375,0.011,0.01375,0.01375,0,0,0,0
13/03/2012,0.017128547723616,0.1,24.1943213799221,6.00000230382307,203.199282015978,0,3.28365098304403,13.1346039321761,0.644498361761672,0,400,25,8.75640262145074,29.5528588473963,0.271367731268072,0.780182227395708,0.01375,0.011,0.01375,0.01375,0,0,0,0
14/03/2012,0.0325956093473224,0.1,24.1063036036443,6.0000000085141,203.269433855488,0,3.41324367589788,13.6529747035915,0.696283732011036,0,400,25,9.10198313572769,30.719193083081,0.293172097688857,0.842869780855465,0.01375,0.011,0.01375,0.01375,0,0,0,0
15/03/2012,0.000203134883684619,0.1,24.016478231921,6.00000000851404,203.362669597364,0,3.41324367589791,13.6529747035916,0.696283732011028,0,400,25,9.10198313572775,30.7191930830812,0.293172097688854,0.842869780855455,0.01375,0.011,0.01375,0.01375,0,0,0,0
16/03/2012,2.26650870003858e-06,0.1,23.9248718549683,6.00000000851404,203.478961641847,0,3.41324367589789,13.6529747035915,0.696283732011034,0,400,25,9.1019831357277,30.719193083081,0.293172097688856,0.842869780855462,0.01375,0.011,0.01375,0.01375,0,0,0,0
17/03/2012,0.199958872299589,0.1,23.8315115902177,27.7686260664881,203.618275564026,0,6.47123247241455,25.8849298896582,1.94615840840436,0,400,25,17.2566199264388,58.2410922517309,0.819435119328152,2.35587596806844,0.01375,0.011,0.01375,0.01375,0,0,0,0
18/03/2012,0.0878153422651945,0.1,23.7364250742888,27.1708248622406,203.780570124022,0,6.22945109182622,24.9178043673049,1.83120624653679,0,400,25,16.6118695782033,56.065059826436,0.771034209068122,2.21672335107085,0.01375,0.011,0.01375,0.01375,0,0,0,0
19/03/2012,0.0530600850793336,0.1,23.6396404548081,13.508831994184,203.965797279202,0,4.55045504901141,18.2018201960456,1.16133931133604,0,400,25,12.1345467973638,40.9540954411027,0.488984973194122,1.4058317979331,0.01375,0.011,0.01375,0.01375,0,0,0,0
20/03/2012,0.0186232015382564,0.1,23.5411863820767,9.73982953050337,204.173902198397,0,4.07490866924547,16.2996346769819,0.967056830402368,0,400,25,10.8664231179879,36.6741780232093,0.407181823327313,1.17064774206602,0.01375,0.011,0.01375,0.01375,0,0,0,0
21/03/2012,0.000128189921377283,0.1,23.4410920005895,9.73982953050336,204.404823278136,0,4.07490866924551,16.299634676982,0.967056830402361,0,400,25,10.866423117988,36.6741780232096,0.40718182332731,1.17064774206602,0.01375,0.011,0.01375,0.01375,0,0,0,0
22/03/2012,0.0494322967749006,0.1,23.3393869404073,6.00012025616161,204.658492160877,0,3.52489838940724,14.0995935576289,0.733336150189584,0,400,25,9.3997290384193,31.7240855046651,0.308773115869298,0.887722708124233,0.01375,0.011,0.01375,0.01375,0,0,0,0
23/03/2012,0.000285625523291242,0.1,23.2361013083863,6.00012025616155,204.93483375525,0,3.52489838940726,14.099593557629,0.73333615018959,0,400,25,9.39972903841935,31.7240855046653,0.308773115869301,0.88772270812424,0.01375,0.011,0.01375,0.01375,0,0,0,0
24/03/2012,0.00293071233690167,0.1,23.1312656792653,13.0818365187493,205.233766258277,0,4.5492839926805,18.197135970722,1.15575707330459,0,400,25,12.1314239804813,40.9435559341245,0.486634557180881,1.39907435189503,0.01375,0.011,0.01375,0.01375,0,0,0,0
25/03/2012,0.013286168501983,0.1,23.0249110866152,6.15858923672684,205.555201179595,0,3.53176614622179,14.1270645848872,0.715311969893423,0,400,25,9.41804305659145,31.7858953159962,0.301183987323547,0.865903963555196,0.01375,0.011,0.01375,0.01375,0,0,0,0
26/03/2012,0.00307118319518147,0.1,22.9170690136522,6.00506221551429,205.899043367646,0,3.43186543459267,13.7274617383707,0.61617214331823,0,400,25,9.15164115891379,30.8867889113341,0.259440902449781,0.74589259454312,0.01375,0.011,0.01375,0.01375,0,0,0,0
27/03/2012,0.00181791187292157,0.1,22.8077713839186,6.00008206219891,206.265191037846,0,3.42862482680716,13.7144993072286,0.612956217339177,0,400,25,9.14299953815242,30.8576234412644,0.258086828353338,0.741999631515846,0.01375,0.011,0.01375,0.01375,0,0,0,0
28/03/2012,0.0363222509340085,0.1,22.6970505518319,9.95776017755604,206.653535802714,0,4.09816936575236,16.3926774630095,0.974997919707986,0,400,25,10.9284516420063,36.8835242917713,0.410525439877047,1.18026063964651,0.01375,0.011,0.01375,0.01375,0,0,0,0
29/03/2012,0.0208028415357276,0.1,22.5849392931081,21.048629586848,207.063962703959,0,5.79376847842902,23.1750739137161,1.68977941115753,0,400,25,15.4500492758107,52.1439163058612,0.711486067855802,2.04552244508543,0.01375,0.011,0.01375,0.01375,0,0,0,0
30/03/2012,0.0177420657339059,0.1,22.4714707950588,18.556133533421,207.496350246509,0,5.37202986941597,21.4881194776639,1.50365559530434,0,400,25,14.3254129851093,48.3482688247438,0.6331181453913,1.82021466799999,0.01375,0.011,0.01375,0.01375,0,0,0,0
31/03/2012,0.000490471042084353,0.1,22.3566786467673,29.5778504671465,207.950570434476,0,6.8120664635055,27.248265854022,2.01373290609307,0,400,25,18.165510569348,61.3085981715495,0.847887539407608,2.43767667579687,0.01375,0.011,0.01375,0.01375,0,0,0,0
01/04/2012,6.13167477382636e-06,0.1,22.2405968291455,29.5778504671464,208.426488809045,0,6.81206646350546,27.2482658540218,2.01373290609306,0,400,25,18.1655105693479,61.3085981715492,0.847887539407605,2.43767667579686,0.01375,0.011,0.01375,0.01375,0,0,0,0
02/04/2012,0.00423746105165781,0.1,22.1232597048746,17.0693521328874,208.923964488279,0,5.39195911812819,21.5678364725128,1.62202993513864,0,400,25,14.3785576483419,48.5276320631538,0.682959972689955,1.96350992148362,0.01375,0.011,0.01375,0.01375,0,0,0,0
03/04/2012,0.000932509981105549,0.1,22.0047020082334,34.6897586368226,209.442850208819,0,7.479273781902,29.917095127608,2.24432040473068,0,400,25,19.944730085072,67.313464037118,0.944977012518179,2.71680891098977,0.01375,0.011,0.01375,0.01375,0,0,0,0
04/04/2012,1.10406752563583e-05,0.1,21.8849588348159,34.6897586368229,209.982992369482,0,7.47927378190199,29.917095127608,2.24432040473067,0,400,25,19.944730085072,67.3134640371179,0.944977012518177,2.71680891098976,0.01375,0.011,0.01375,0.01375,0,0,0,0
05/04/2012,2.16960375768219e-07,0.1,21.7640656311426,34.6897586368228,210.544231076725,0,7.479273781902,29.917095127608,2.24432040473067,0,400,25,19.944730085072,67.313464037118,0.944977012518177,2.71680891098976,0.01375,0.011,0.01375,0.01375,0,0,0,0
06/04/2012,0,0.1,21.642058184167,0,211.126400191981,0,0,0,0,0,400,25,0,0,0,0,0.01375,0.011,0.01375,0.01375,0,0,0,0
07/04/2012,0,0.1,21.5189726106826,0,211.72932738084,0,0,0,0,0,400,25,0,0,0,0,0.01375,0.011,0.01375,0.01375,0,0,0,0
08/04/2012,0,0.1,21.3948453466311,0,212.352834164057,0,0,0,0,0,400,25,0,0,0,0,0.01375,0.011,0.01375,0.01375,0,0,0,0
09/04/2012,0,0.1,21.2697131363166,0,212.996735970394,0,0,0,0,0,400,25,0,0,0,0,0.01375,0.011,0.01375,0.01375,0,0,0,0
10/04/2012,0,0.1,21.1436130215288,0,213.660842191253,0,0,0,0,0,400,25,0,0,0,0,0.01375,0.011,0.01375,0.01375,0,0,0,0
11/04/2012,0,0.1,21.0165823305776,0,214.3449562371,0,0,0,0,0,400,25,0,0,0,0,0.01375,0.011,0.01375,0.01375,0,0,0,0
12/04/2012,0.000126813677485148,0.1,20.8886586672431,6,215.04887559566,0,3.42857142857143,13.7142857142857,0.612903225806452,0,400,25,9.14285714285715,30.8571428571429,0.258064516129032,0.741935483870968,0.01375,0.011,0.01375,0.01375,0,0,0,0
13/04/2012,2.18800803043078e-06,0.1,20.7598798996444,5.99999999999996,215.772391891864,0,3.42857142857141,13.7142857142856,0.612903225806448,0,400,25,9.14285714285709,30.8571428571427,0.258064516129031,0.741935483870963,0.01375,0.011,0.01375,0.01375,0,0,0,0
14/04/2012,5.80463511024501e-08,0.1,20.6302841490292,0,216.515290949537,0,0,0,0,0,400,25,0,0,0,0,0.01375,0.011,0.01375,0.01375,0,0,0,0
15/04/2012,0,0.1,20.49990977849,0,217.277352854791,0,0,0,0,0,400,25,0,0,0,0,0.01375,0.011,0.01375,0.01375,0,0,0,0
16/04/2012,0,0.1,20.3687953816071,0,218.058352021133,0,0,0,0,0,400,25,0,0,0,0,0.01375,0.011,0.01375,0.01375,0,0,0,0
17/04/2012,0.0032775480760243,0.1,20.2369797710241,6,218.858057256235,0,3.45142696200872,13.8057078480349,0.639051922126106,0,400,25,9.20380523202326,31.0628426580785,0.269074493526781,0.773589168889497,0.01375,0.011,0.01375,0.01375,0,0,0,0
18/04/2012,0.410121953093842,0.1,20.104501966959,36.4723034403126,219.676231830379,0,7.50585732904947,30.0234293161979,2.39147110588411,0,400,25,20.0156195441319,67.5527159614453,1.00693520247752,2.89493870712287,0.01375,0.011,0.01375,0.01375,0,0,0,0
19/04/2012,5.30972210791725,0.1,19.9714011856532,39.2443336868997,220.512633546526,0,7.68271259844833,30.7308503937933,2.51490414667445,0,400,25,20.4872335958622,69.144413386035,1.05890700912608,3.04435765123749,0.01375,0.011,0.01375,0.01375,0,0,0,0
20/04/2012,2.19364394655706,0.1,19.8377168277622,36.7185906660991,221.367014812022,0,6.95259488009866,27.8103795203946,2.21185414738052,0,400,25,18.5402530135964,62.5733539208879,0.931307009423375,2.6775076520922,0.01375,0.011,0.01375,0.01375,0,0,0,0
21/04/2012,0.16502356425815,0.1,19.703488466693,7.52484126398263,222.239122711881,0,3.27750741417693,13.1100296567077,0.715042953355892,0,400,25,8.74001977113848,29.4975667275924,0.301070717202481,0.865578311957132,0.01375,0.011,0.01375,0.01375,0,0,0,0
22/04/2012,0.175184527769835,0.1,19.5687558368887,8.25730002750628,223.128699083657,0,3.50467473445,14.0186989378,0.789508184005151,0,400,25,9.34579929186665,31.54207261005,0.332424498528484,0.955720433269393,0.01375,0.011,0.01375,0.01375,0,0,0,0
23/04/2012,0.176345159722182,0.1,19.4335588220669,8.32726412985307,224.035480593869,0,3.56292258829844,14.2516903531938,0.801443416137596,0,400,25,9.50112690212918,32.066303294686,0.337449859426356,0.970168345850774,0.01375,0.011,0.01375,0.01375,0,0,0,0
24/04/2012,0.122758359169243,0.1,19.2979374434129,10.1186752032128,224.959198815945,0,3.83752102546859,15.3500841018744,0.91338107648402,0,400,25,10.2333894012496,34.5376892292173,0.384581505888008,1.10567182942802,0.01375,0.011,0.01375,0.01375,0,0,0,0
25/04/2012,0.114074325979039,0.1,19.1619318477328,9.471120913283,225.899580309692,0,3.77380976786153,15.0952390714461,0.877843114437539,0,400,25,10.0634927142974,33.9642879107538,0.369618153447385,1.06265219116123,0.01375,0.011,0.01375,0.01375,0,0,0,0
26/04/2012,0.115947734403308,0.1,19.025582295569,6.83983247145509,226.856346702231,0,3.45100051104132,13.8040020441653,0.738982301814495,0,400,25,9.20266802944352,31.0590045993719,0.311150442869261,0.894557523249126,0.01375,0.011,0.01375,0.01375,0,0,0,0
27/04/2012,0.0983853810881112,0.1,18.8889291492823,6.00490211433132,227.829214770406,0,3.37129077706788,13.4851631082715,0.699965103415637,0,400,25,8.99010873884767,30.3416169936109,0.294722148806584,0.847326177818929,0.01375,0.011,0.01375,0.01375,0,0,0,0
28/04/2012,0.0944282766175096,0.1,18.7520128611039,6.00002607245521,228.817896524626,0,3.40392345572649,13.615693822906,0.707276718583899,0,400,25,9.07712921527065,30.6353111015385,0.297800723614273,0.856177080391036,0.01375,0.011,0.01375,0.01375,0,0,0,0
29/04/2012,0.0840911363691184,0.1,18.6148739611606,6.00000015060154,229.82209929411,0,3.43488217280415,13.7395286912166,0.713394762167994,0,400,25,9.1596857941444,30.9139395552373,0.300376741965471,0.86358313315073,0.01375,0.011,0.01375,0.01375,0,0,0,0
30/04/2012,0.0995593991072539,0.1,18.4775530454767,6.00000000066859,230.84152581353,0,3.4488889813708,13.7955559254832,0.718931070253813,0,400,25,9.19703728365546,31.0400008323372,0.302707819054237,0.870284979780932,0.01375,0.011,0.01375,0.01375,0,0,0,0
01/05/2012,0.0831165793032655,0.1,18.3400907639575,6.00000000000408,231.875874311002,0,3.47715706105319,13.9086282442128,0.723783816028543,0,400,25,9.27241882947519,31.2944135494788,0.304751080433071,0.876159356245079,0.01375,0.011,0.01375,0.01375,0,0,0,0
02/05/2012,0.0835069011511616,0.1,18.2025278083553,6.00000000000002,232.924838597422,0,3.49047519093551,13.961900763742,0.727278741238652,0,400,25,9.30793384249469,31.4142767184196,0.306222627889959,0.880390055183631,0.01375,0.011,0.01375,0.01375,0,0,0,0
03/05/2012,0.0590655006633199,0.1,18.0649049002241,7.36498604037605,233.988108157101,0,3.72731646349419,14.9092658539768,0.817043897726617,0,400,25,9.93951056931785,33.5458481714478,0.344018483253312,0.989053139353273,0.01375,0.011,0.01375,0.01375,0,0,0,0
04/05/2012,0.0611017378946851,0.1,17.927262778865,6.65348794195508,235.065368239687,0,3.62715871016297,14.5086348406519,0.773678906658163,0,400,25,9.67242322710127,32.6444283914668,0.325759539645542,0.936558676480934,0.01375,0.011,0.01375,0.01375,0,0,0,0
05/05/2012,0.0555866010343562,0.1,17.789642189267,6.00400430456146,236.156299953336,0,3.53449491688755,14.1379796675502,0.733681781592051,0,400,25,9.4253197783668,31.810454251988,0.308918644880864,0.888141104032483,0.01375,0.011,0.01375,0.01375,0,0,0,0
06/05/2012,0.0655873162161543,0.1,17.6520838700448,6.00001925306006,237.260580359109,0,3.53652535721618,14.1461014288647,0.736409849514901,0,400,25,9.43073428590983,31.8287282149457,0.310067305058906,0.891443502044354,0.01375,0.011,0.01375,0.01375,0,0,0,0
07/05/2012,0.0805752449872224,0.1,17.5146285413801,6.00000008626782,238.377882566574,0,3.52276322495756,14.0910528998302,0.736002217467294,0,400,25,9.39403526655349,31.704869024618,0.309895670512545,0.890950052723567,0.01375,0.011,0.01375,0.01375,0,0,0,0
08/05/2012,0.061910921835069,0.1,17.3773168929669,6.00000000059476,239.507875830567,0,3.53643059562979,14.1457223825192,0.736409119372814,0,400,25,9.43048158834611,31.8278753606681,0.310066997630658,0.891442618188143,0.01375,0.011,0.01375,0.01375,0,0,0,0
09/05/2012,0.0453568299469986,0.1,17.2401895719671,6.00000000000451,240.650225649104,0,3.53262675270361,14.1305070108144,0.731952269630732,0,400,25,9.42033800720963,31.7936407743325,0.308190429318203,0.886047484289834,0.01375,0.011,0.01375,0.01375,0,0,0,0
10/05/2012,0.0385678948964973,0.1,17.1032871709775,6.00000000000003,241.804593862396,0,3.53034525369822,14.1213810147929,0.729341242040557,0,400,25,9.41425400986191,31.7731072832839,0.307091049280235,0.882886766680674,0.01375,0.011,0.01375,0.01375,0,0,0,0
11/05/2012,0.0379141856671864,0.1,16.966650216014,6,242.970638752956,0,3.53053697490484,14.1221478996193,0.729560582075921,0,400,25,9.4147652664129,31.7748327741435,0.307183402979335,0.883152283565589,0.01375,0.011,0.01375,0.01375,0,0,0,0
12/05/2012,0.0177242186222622,0.1,16.8303191545148,6,244.148015146753,0,3.51109591268915,14.0443836507566,0.707318334517926,0,400,25,9.36292243383773,31.5998632142024,0.297818246112811,0.856227457574332,0.01375,0.011,0.01375,0.01375,0,0,0,0
13/05/2012,0.0269964638540051,0.1,16.6943343433671,6,245.33637451539,0,3.52457724348591,14.0983089739436,0.722742136633341,0,400,25,9.39887264929575,31.7211951913732,0.304312478582459,0.87489837592457,0.01375,0.011,0.01375,0.01375,0,0,0,0
14/05/2012,0.0381849389810304,0.1,16.5587360369606,6,246.535365079275,0,3.53204449099811,14.1281779639924,0.731285310131168,0,400,25,9.41878530932829,31.788400418983,0.307909604265755,0.885240112264046,0.01375,0.011,0.01375,0.01375,0,0,0,0
15/05/2012,0.0385227270820126,0.1,16.4235643752715,6,247.744631911759,0,3.53261502486795,14.1304600994718,0.731938049956456,0,400,25,9.42030673298121,31.7935352238116,0.308184442086929,0.886030270999921,0.01375,0.011,0.01375,0.01375,0,0,0,0
16/05/2012,0.0468555029667264,0.1,16.2888593719801,6,248.963817044198,0,3.53577554211618,14.1431021684647,0.735553953560876,0,400,25,9.42873477897648,31.8219798790456,0.309706927815106,0.890407417468429,0.01375,0.011,0.01375,0.01375,0,0,0,0
17/05/2012,0.0427275812313128,0.1,16.1546609026259,6,250.192559571921,0,3.53489229797575,14.139569191903,0.734543446286234,0,400,25,9.42637946126867,31.8140306817818,0.309281451067888,0.889184171820178,0.01375,0.011,0.01375,0.01375,0,0,0,0
18/05/2012,0.0364192785302583,0.1,16.0210086928035,6,251.430495761065,0,3.53291710584949,14.131668423398,0.732283656584795,0,400,25,9.42111228226531,31.7962539526454,0.308329960667282,0.886448636918435,0.01375,0.011,0.01375,0.01375,0,0,0,0
19/05/2012,0.042965366256681,0.1,15.8879423064033,6,252.677259156249,0,3.53560898805452,14.1424359522181,0.73536340138711,0,400,25,9.42829063481206,31.8204808924907,0.309626695320889,0.890176749047555,0.01375,0.011,0.01375,0.01375,0,0,0,0
20/05/2012,0.0480723572725543,0.1,15.7555011338993,6,253.932480689051,0,3.53744205298854,14.1497682119542,0.737460585354631,0,400,25,9.43317880796944,31.8369784768969,0.310509720149318,0.89271544542929,0.01375,0.011,0.01375,0.01375,0,0,0,0
21/05/2012,0.0269989081773499,0.1,15.623724380689,6,255.19578878726,0,3.5289174005304,14.1156696021216,0.727707649639082,0,400,25,9.4104464014144,31.7602566047736,0.306403220900666,0.880909260089416,0.01375,0.011,0.01375,0.01375,0,0,0,0
22/05/2012,0.0273854058280542,0.1,15.4926510554879,6,256.466809484872,0,3.52961406994642,14.1184562797857,0.728504699379556,0,400,25,9.41230418652378,31.7665266295178,0.306738820791392,0.881874109775252,0.01375,0.011,0.01375,0.01375,0,0,0,0
23/05/2012,0.0104348294369873,0.1,15.3623199587815,6,257.745166532788,0,3.5000128527941,14.0000514111764,0.694638360616046,0,400,25,9.33336760745094,31.5001156751469,0.292479309733072,0.840878015482582,0.01375,0.011,0.01375,0.01375,0,0,0,0
24/05/2012,0.0543237664461313,0.1,15.2327696713403,6,259.030481510195,0,3.53850685043069,14.1540274017228,0.740197679453755,0,400,25,9.43601826781517,31.8465616538762,0.311662180822634,0.896028769865072,0.01375,0.011,0.01375,0.01375,0,0,0,0
25/05/2012,0.0660622944177278,0.1,15.1040385427983,25.7279778833736,260.322373936585,0,6.3638025411268,25.4552101645072,1.88803465645531,0,400,25,16.9701401096715,57.2742228701412,0.794961960612763,2.28551563676169,0.01375,0.011,0.01375,0.01375,0,0,0,0
26/05/2012,0.0521016623529962,0.1,14.9761646803015,19.3427959825072,261.620461384384,0,5.38945679194494,21.5578271677797,1.48190906807416,0,400,25,14.3718847785198,48.5051111275044,0.623961712873329,1.79388992451082,0.01375,0.011,0.01375,0.01375,0,0,0,0
27/05/2012,0.0315041759921887,0.1,14.8491859372266,6.12656878550888,262.924359592162,0,3.5513110660142,14.2052442640568,0.740290322695048,0,400,25,9.47016284270454,31.9617995941278,0.311701188503178,0.896140916946638,0.01375,0.011,0.01375,0.01375,0,0,0,0
28/05/2012,0.0196038821891043,0.1,14.7231399019762,6.0012792830296,264.23368257838,0,3.52543432159779,14.1017372863911,0.723590931241819,0,400,25,9.40115819092743,31.7289088943801,0.304669865786029,0.875925864134834,0.01375,0.011,0.01375,0.01375,0,0,0,0
29/05/2012,0.0378540093206822,0.1,14.5980638868514,6.00000455347887,265.54804275565,0,3.53693609441761,14.1477443776704,0.736881256181083,0,400,25,9.43182958511362,31.8324248497585,0.310265792076246,0.892014152219206,0.01375,0.011,0.01375,0.01375,0,0,0,0
30/05/2012,0.0303164847377236,0.1,14.4739949170069,6.00000003463672,266.867051045467,0,3.53405417580962,14.1362167032385,0.733584558863792,0,400,25,9.42414446882566,31.8064875822866,0.308877708995281,0.888023413361433,0.01375,0.011,0.01375,0.01375,0,0,0,0
31/05/2012,0.029220751092755,0.1,14.3509697194906,6.00000000022787,268.190316993389,0,3.53378410587367,14.1351364234947,0.733275579169629,0,400,25,9.42342428232979,31.804056952863,0.308747612281949,0.887649385310603,0.01375,0.011,0.01375,0.01375,0,0,0,0
01/06/2012,0.0437392880622263,0.1,14.2290247123716,6.00000000000097,269.517448884614,0,3.53962407756158,14.1584963102463,0.73995700916713,0,400,25,9.43899754016422,31.8566166980542,0.311560845965107,0.895737432149683,0.01375,0.011,0.01375,0.01375,0,0,0,0
02/06/2012,0.0451611429994411,0.1,14.1081959939597,8.8253376109961,270.848053859939,0,3.93196744536661,15.7278697814664,0.902397918186047,0,400,25,10.4852465209776,35.3877070082995,0.379957018183599,1.09237642727785,0.01375,0.011,0.01375,0.01375,0,0,0,0
03/06/2012,0.132678583048588,0.1,13.9885193321197,28.631984419715,272.181738032057,0,6.67043130865822,26.6817252346329,2.00985909275283,0,400,25,17.7878168230886,60.033881777924,0.846256460106454,2.43298732280605,0.01375,0.011,0.01375,0.01375,0,0,0,0
04/06/2012,0.0458184728272523,0.1,13.870030153683,26.5555990966653,273.51810660215,0,6.41439870480509,25.6575948192204,1.88399986734409,0,400,25,17.1050632128136,57.7295883432458,0.793263102039619,2.2806314183639,0.01375,0.011,0.01375,0.01375,0,0,0,0
05/06/2012,0.0159289145400098,0.1,13.7527635339609,6.58110091929304,274.856763976763,0,3.60708044990566,14.4283217996226,0.757559206171795,0,400,25,9.61888119974842,32.4637240491509,0.318972297335493,0.917045354839542,0.01375,0.011,0.01375,0.01375,0,0,0,0
06/06/2012,0.0789072826862529,0.1,13.6367541863612,23.9341642578152,276.197313884907,0,5.93271672458087,23.7308668983235,1.71864037813962,0,400,25,15.8205779322156,53.3944505212278,0.723638053953523,2.08045940511638,0.01375,0.011,0.01375,0.01375,0,0,0,0
07/06/2012,0.0467102691857728,0.1,13.5220364521127,22.0320388919082,277.539359495362,0,4.95263904822688,19.8105561929075,1.32588958978241,0,400,25,13.2070374619383,44.5737514340419,0.558269300961015,1.60502424026292,0.01375,0.011,0.01375,0.01375,0,0,0,0
08/06/2012,0.034091058492113,0.1,13.408644290099,6.1285161172895,278.882503534148,0,3.46591895177217,13.8636758070887,0.723287203356952,0,400,25,9.24245053805912,31.1932705659495,0.304541980360822,0.875558193537363,0.01375,0.011,0.01375,0.01375,0,0,0,0
09/06/2012,0.0373998430712809,0.1,13.2966112668063,6.00072692766493,280.226348402127,0,3.46558763104325,13.862350524173,0.722446167681255,0,400,25,9.24156701611532,31.1902886793892,0.304187860076318,0.874540097719414,0.01375,0.011,0.01375,0.01375,0,0,0,0
10/06/2012,0.0204456938634069,0.1,13.1859705463869,6.00000811016943,281.570496292702,0,3.52983571152107,14.1193428460843,0.72950793616254,0,400,25,9.41289523072284,31.7685214036896,0.307161236278964,0.883088554302022,0.01375,0.011,0.01375,0.01375,0,0,0,0
11/06/2012,0.073729614152553,0.1,13.076754880842,24.9884773327964,282.914549309573,0,6.08305818284542,24.3322327313817,1.79854504547334,0,400,25,16.2214884875878,54.7475236456087,0.757282124409826,2.17718610767825,0.01375,0.011,0.01375,0.01375,0,0,0,0
12/06/2012,0.620893581492163,0.1,12.9689966003261,36.9610450060517,284.258109584525,0,7.40275730041826,29.611029201673,2.39083799373835,0,400,25,19.7406861344487,66.6248157037643,1.00666862894246,2.89417230820958,0.01375,0.011,0.01375,0.01375,0,0,0,0
13/06/2012,0.329509157433815,0.1,12.8627276035769,33.9361436547739,285.600779395208,0,6.63991886948492,26.5596754779397,2.0730403488181,0,400,25,17.7064503186265,59.7592698253643,0.872859094239198,2.50946989593769,0.01375,0.011,0.01375,0.01375,0,0,0,0
14/06/2012,0.102593149103818,0.1,12.7579793484726,23.6917548144347,286.942161282863,0,5.58113716732863,22.3245486693145,1.6278296129279,0,400,25,14.8830324462097,50.2302345059576,0.685401942285432,1.97053058407062,0.01375,0.011,0.01375,0.01375,0,0,0,0
15/06/2012,0.0547332892479078,0.1,12.6547828427194,14.2991452459235,288.281858169988,0,4.31265148381228,17.2506059352491,1.10093124857419,0,400,25,11.5004039568327,38.8138633543105,0.463549999399658,1.33270624827402,0.01375,0.011,0.01375,0.01375,0,0,0,0
16/06/2012,0.0383350166899018,0.1,12.5531686346731,6.49927776761899,289.619473477875,0,3.40350691448831,13.6140276579533,0.718644520472187,0,400,25,9.07601843863551,30.6315622303948,0.302587166514605,0.869938103729489,0.01375,0.011,0.01375,0.01375,0,0,0,0
17/06/2012,0.249158422929141,0.1,12.4531668042954,32.8848635631972,290.954611244008,0,6.91671581735618,27.6668632694247,2.18384230165795,0,400,25,18.4445755129498,62.2504423562056,0.919512548066505,2.6435985756912,0.01375,0.011,0.01375,0.01375,0,0,0,0
18/06/2012,0.120560479737964,0.1,12.3548069542502,26.7350153462014,292.286876239276,0,5.74044854082151,22.9617941632861,1.69287338933237,0,400,25,15.307862775524,51.6640368673936,0.712788795508366,2.04926778708655,0.01375,0.011,0.01375,0.01375,0,0,0,0
19/06/2012,0.0193752947207112,0.1,12.2581182011404,6.63259212405159,293.61587408497,0,3.40228013422745,13.6091205369098,0.709354171319338,0,400,25,9.07274702460654,30.6205212080471,0.298675440555511,0.858691891597094,0.01375,0.011,0.01375,0.01375,0,0,0,0
20/06/2012,0.0288173324462012,0.1,12.1631291668888,6.0029117628515,294.941211369524,0,3.39876829563461,13.5950731825385,0.7021829662745,0,400,25,9.0633821216923,30.5889146607115,0.295655985799789,0.850010959174395,0.01375,0.011,0.01375,0.01375,0,0,0,0
21/06/2012,0.0175613171690604,0.1,12.0698679702651,6.00003059117374,296.262495764978,0,3.46356204004079,13.8542481601632,0.709077714336385,0,400,25,9.23616544010877,31.1720583603671,0.29855903761532,0.858357233144045,0.01375,0.011,0.01375,0.01375,0,0,0,0
22/06/2012,0.0211302614328439,0.1,11.9783622185626,6.00000017820601,297.579336143113,0,3.49277337742776,13.971093509711,0.719775593487087,0,400,25,9.31406233980735,31.4349603968498,0.303063407784037,0.871307297379106,0.01375,0.011,0.01375,0.01375,0,0,0,0
23/06/2012,0.0177466985329954,0.1,11.8886389994256,6.00000000143859,298.891342691233,0,3.52592595594015,14.1037038237606,0.724554965623746,0,400,25,9.4024692158404,31.7333336034613,0.305075774999472,0.877092853123482,0.01375,0.011,0.01375,0.01375,0,0,0,0
24/06/2012,0.028113394962758,0.1,11.8007248728309,6.00000000000636,300.198127027558,0,3.51158816172874,14.046352646915,0.728984634320125,0,400,25,9.36423509794331,31.6042934555587,0.306940898661105,0.882455083650677,0.01375,0.011,0.01375,0.01375,0,0,0,0
25/06/2012,0.0223831101119171,0.1,11.7146458632257,6.00000000000005,301.499302316194,0,3.53124093659604,14.1249637463842,0.730536517270652,0,400,25,9.41664249758944,31.7811684293644,0.307594323061327,0.884333678801316,0.01375,0.011,0.01375,0.01375,0,0,0,0
26/06/2012,0.0304756811379803,0.1,11.6304274518233,7.17854803491018,302.794483381644,0,3.70067223188049,14.802688927522,0.806387357608289,0,400,25,9.86845928501465,33.3060500869245,0.339531518992964,0.97615311710477,0.01375,0.011,0.01375,0.01375,0,0,0,0
27/06/2012,0.0352241191145704,0.1,11.5480945690608,6.56521179587196,304.083286822828,0,3.59425462577542,14.3770185031017,0.765658491540814,0,400,25,9.5846790020678,32.3482916319788,0.322382522754027,0.926849752917828,0.01375,0.011,0.01375,0.01375,0,0,0,0
28/06/2012,0.0225683328979334,0.1,11.4676715872185,6.00544165130782,305.365331126578,0,3.53289519670875,14.131580786835,0.731904288344972,0,400,25,9.42105385789001,31.7960567703788,0.308170226671567,0.885989401680756,0.01375,0.011,0.01375,0.01375,0,0,0,0
29/06/2012,0.0155914480131419,0.1,11.3891823132057,6.00005268898908,306.640236780576,0,3.52545988252466,14.1018395300986,0.723748521074563,0,400,25,9.40122635339908,31.7291389427219,0.304736219399816,0.876116630774471,0.01375,0.011,0.01375,0.01375,0,0,0,0
30/06/2012,0.0144406314803225,0.1,11.3126499815131,6.00000040755019,307.907626385693,0,3.52396679690953,14.0958671876381,0.722043706703105,0,400,25,9.39724479175874,31.7157011721857,0.30401840282236,0.874052908114285,0.01375,0.011,0.01375,0.01375,0,0,0,0
01/07/2012,0.00943165088876489,0.1,11.238097247335,7.57657966254565,309.167124767712,0,3.7587207386533,15.0348829546132,0.830994186681479,0,400,25,10.0232553030755,33.8284866478797,0.349892289129044,1.005940331246,0.01375,0.011,0.01375,0.01375,0,0,0,0
02/07/2012,0.0120787458314647,0.1,11.1655461798626,6.74899872937761,310.418359088383,0,3.63143114638786,14.5257245855514,0.769178245709575,0,400,25,9.68381639036763,32.6828803174907,0.323864524509295,0.931110507964222,0.01375,0.011,0.01375,0.01375,0,0,0,0
03/07/2012,0.0122955075937002,0.1,11.0950182557516,6.00553165931386,311.660958955797,0,3.52167862605772,14.0867145042309,0.718865952208833,0,400,25,9.3911430028206,31.6951076345195,0.302680400930035,0.870206152673851,0.01375,0.011,0.01375,0.01375,0,0,0,0
04/07/2012,0.00732195378670835,0.1,11.026534352764,6.00006952828072,312.894556534024,0,3.50270428952128,14.0108171580851,0.697710558073311,0,400,25,9.34054477205675,31.5243386056915,0.293772866557183,0.844596991351902,0.01375,0.011,0.01375,0.01375,0,0,0,0
05/07/2012,0.00909404105623539,0.1,10.9601147435886,6.00000046083755,314.118786652004,0,3.51206507395137,14.0482602958055,0.70842709172401,0,400,25,9.36550686387032,31.6085856655623,0.298285091252215,0.857569637350117,0.01375,0.011,0.01375,0.01375,0,0,0,0
06/07/2012,0.0176848645318183,0.1,10.8957790898389,8.01422721649996,315.333286911643,0,3.82138531180316,15.2855412472126,0.858005572257793,0,400,25,10.1903608314751,34.3924678062284,0.361265504108545,1.03863832431207,0.01375,0.011,0.01375,0.01375,0,0,0,0
07/07/2012,0.0222328878197471,0.1,10.8335464362339,6.99430782048361,316.53769779509,0,3.67462866468712,14.6985146587485,0.793138331743194,0,400,25,9.79900977249898,33.0716579821841,0.333952981786608,0.960114822636498,0.01375,0.011,0.01375,0.01375,0,0,0,0
08/07/2012,0.0190576960702226,0.1,10.7734352049594,6.00779185071287,317.731662771168,0,3.53288117451601,14.131524698064,0.73144890662293,0,400,25,9.42101646537603,31.7959305706441,0.307978486999129,0.885438150122495,0.01375,0.011,0.01375,0.01375,0,0,0,0
09/07/2012,0.0222895117122584,0.1,10.7154631902157,6.00004603036118,318.914828400906,0,3.53437878595743,14.1375151438297,0.733951255927158,0,400,25,9.42501009588647,31.8094090736168,0.309032107758804,0.88846730980656,0.01375,0.011,0.01375,0.01375,0,0,0,0
10/07/2012,0.0149790642755185,0.1,10.6596475529492,6.00000045969902,320.086844442171,0,3.52770989914875,14.110839596595,0.726326117364602,0,400,25,9.40722639773001,31.7493890923388,0.305821523100885,0.879236878915045,0.01375,0.011,0.01375,0.01375,0,0,0,0
11/07/2012,0.054593791497471,0.1,10.6060048157731,27.0938746620495,321.247363953343,0,6.53387231049933,26.1354892419973,1.95332607019741,0,400,25,17.4236594946649,58.804850794494,0.822453082188381,2.3645526112916,0.01375,0.011,0.01375,0.01375,0,0,0,0
12/07/2012,0.054704362624276,0.1,10.5545508580758,20.338806122962,322.396043396021,0,5.41040225876587,21.6416090350635,1.49274171541649,0,400,25,14.427739356709,48.6936203288928,0.628522827543786,1.80700312918838,0.01375,0.011,0.01375,0.01375,0,0,0,0
13/07/2012,0.0203320453085235,0.1,10.5053009113207,15.7335687809944,323.532542736714,0,4.93895575821677,19.7558230328671,1.32631806373386,0,400,25,13.170548688578,44.4506018239509,0.558449711045836,1.60554291925678,0.01375,0.011,0.01375,0.01375,0,0,0,0
14/07/2012,0.00109694309113987,0.1,10.4582695545372,33.6332379463677,324.656525547499,0,7.32208632340875,29.288345293635,2.17863973989262,0,400,25,19.52556352909,65.8987769106788,0.917321995744261,2.63730073776475,0.01375,0.011,0.01375,0.01375,0,0,0,0
15/07/2012,0.00062132529336073,0.1,10.4134707100049,6.55034156207328,325.767659105614,0,3.50611438873191,14.0244575549276,0.644086320622549,0,400,25,9.34963836995176,31.5550294985872,0.271194240262126,0.779683440753612,0.01375,0.011,0.01375,0.01375,0,0,0,0
16/07/2012,0.0125342953361312,0.1,10.3709176391324,6.00035470524307,326.865614491947,0,3.52531302953363,14.1012521181345,0.723546858269532,0,400,25,9.40083474542301,31.7278172658027,0.304651308745066,0.875872512642065,0.01375,0.011,0.01375,0.01375,0,0,0,0
17/07/2012,0.000141221791276956,0.1,10.3306229385318,6.00023391934556,327.950066688404,0,3.49237012460968,13.9694804984387,0.685869968199313,0,400,25,9.31298699895915,31.4313311214871,0.288787355031289,0.830263645714957,0.01375,0.011,0.01375,0.01375,0,0,0,0
18/07/2012,1.92908261116743e-06,0.1,10.2925985362894,6.00023391934556,329.020694674121,0,3.49237012460966,13.9694804984386,0.685869968199314,0,400,25,9.31298699895909,31.4313311214869,0.28878735503129,0.830263645714958,0.01375,0.011,0.01375,0.01375,0,0,0,0
19/07/2012,0.00239047454675801,0.1,10.2568556884352,6.00000000507423,330.077181520497,0,3.43060841072449,13.7224336428979,0.615233708083361,0,400,25,9.1482890952653,30.8754756965204,0.259045771824573,0.744756593995647,0.01375,0.011,0.01375,0.01375,0,0,0,0
20/07/2012,0.00468909159410679,0.1,10.2234049756106,6.00000000002629,331.119214485005,0,3.48828420073498,13.9531368029399,0.681219773741353,0,400,25,9.30209120195994,31.3945578066148,0.286829378417412,0.824634462950059,0.01375,0.011,0.01375,0.01375,0,0,0,0
21/07/2012,0.00873164760114176,0.1,10.1922562999366,6.00000000000013,332.146485103776,0,3.51647507579524,14.0659003031809,0.713472559834535,0,400,25,9.3772668687873,31.6482756821571,0.300409498877699,0.863677309273385,0.01375,0.011,0.01375,0.01375,0,0,0,0
22/07/2012,6.9307627827558e-05,0.1,10.1634188820821,6.00000000000018,333.158689282906,0,3.51647507579524,14.065900303181,0.713472559834529,0,400,25,9.3772668687873,31.6482756821572,0.300409498877697,0.863677309273378,0.01375,0.011,0.01375,0.01375,0,0,0,0
23/07/2012,0.0160842101043375,0.1,10.1369012585347,14.9575787786979,334.155527388481,0,4.83897769785588,19.3559107914235,1.28968499308837,0,400,25,12.9039405276157,43.5507992807029,0.543025260247736,1.56119762321224,0.01375,0.011,0.01375,0.01375,0,0,0,0
24/07/2012,0.0260355298427246,0.1,10.1127112790737,13.9276840318707,335.136704335266,0,4.6494355948181,18.5977423792724,1.19422798961032,0,400,25,12.3984949195149,41.8449203533629,0.502832837730662,1.44564440847565,0.01375,0.011,0.01375,0.01375,0,0,0,0
25/07/2012,0.000464546776660425,0.1,10.0908561044464,25.7194798371739,336.101929674065,0,6.26750258730106,25.0700103492042,1.80401481714523,0,400,25,16.7133402328028,56.4075232857096,0.759585186166413,2.18380741022844,0.01375,0.011,0.01375,0.01375,0,0,0,0
26/07/2012,0.00300124777476398,0.1,10.0713422042482,6.03764487933321,337.050917677694,0,3.46520810953351,13.860832438134,0.65089213487838,0,400,25,9.24055495875602,31.1868729858016,0.274059846264581,0.787922058010671,0.01375,0.011,0.01375,0.01375,0,0,0,0
27/07/2012,0.0110922356667086,0.1,10.0541753550077,22.486449873466,337.983387425568,0,6.03542038501156,24.1416815400462,1.79237066917754,0,400,25,16.0944543600308,54.318783465104,0.754682387022124,2.16971186268861,0.01375,0.011,0.01375,0.01375,0,0,0,0
28/07/2012,0.00797031739491891,0.1,10.0393606384765,18.3966739365911,338.899062886852,0,5.3205806945286,21.2823227781144,1.47056746586827,0,400,25,14.1882151854096,47.8852262507574,0.619186301418219,1.78016061657738,0.01375,0.011,0.01375,0.01375,0,0,0,0
29/07/2012,6.42276762318741e-05,0.1,10.0269024401251,18.396673936591,339.797673002179,0,5.32058069452862,21.2823227781145,1.47056746586828,0,400,25,14.1882151854096,47.8852262507576,0.619186301418222,1.78016061657739,0.01375,0.011,0.01375,0.01375,0,0,0,0
30/07/2012,8.82855080305825e-07,0.1,10.0168044478446,18.396673936591,340.678951763886,0,5.32058069452857,21.2823227781143,1.47056746586828,0,400,25,14.1882151854095,47.8852262507571,0.619186301418223,1.78016061657739,0.01375,0.011,0.01375,0.01375,0,0,0,0
31/07/2012,0.00010347837005324,0.1,10.0090696508551,6.00326018506007,341.542638294759,0,3.42906900561298,13.7162760224519,0.613128781802867,0,400,25,9.14418401496794,30.8616210505168,0.258159487074892,0.742208525340313,0.01375,0.011,0.01375,0.01375,0,0,0,0
01/08/2012,1.85270548306317e-06,0.1,10.0037003388204,6.00326018506005,342.388476925256,0,3.42906900561298,13.7162760224519,0.613128781802869,0,400,25,9.14418401496795,30.8616210505168,0.258159487074892,0.742208525340315,0.01375,0.011,0.01375,0.01375,0,0,0,0
02/08/2012,5.0690652616349e-08,0.1,10.000698101171,0,343.216217269194,0,0,0,0,0,400,25,0,0,0,0,0.01375,0.011,0.01375,0.01375,0,0,0,0
03/08/2012,0,0.1,10.0000638266329,0,344.025614297865,0,0,0,0,0,400,25,0,0,0,0,0.01375,0.011,0.01375,0.01375,0,0,0,0
04/08/2012,0,0.1,10.0017977029648,0,344.816428412574,0,0,0,0,0,400,25,0,0,0,0,0.01375,0.011,0.01375,0.01375,0,0,0,0
05/08/2012,0,0.1,10.0058992169025,0,345.588425515561,0,0,0,0,0,400,25,0,0,0,0,0.01375,0.011,0.01375,0.01375,0,0,0,0
06/08/2012,0,0.1,10.0123671543109,0,346.341377079302,0,0,0,0,0,400,25,0,0,0,0,0.01375,0.011,0.01375,0.01375,0,0,0,0
07/08/2012,0,0.1,10.0211996005432,0,347.075060214155,0,0,0,0,0,400,25,0,0,0,0,0.01375,0.011,0.01375,0.01375,0,0,0,0
08/08/2012,0,0.1,10.032393941008,0,347.789257734344,0,0,0,0,0,400,25,0,0,0,0,0.01375,0.011,0.01375,0.01375,0,0,0,0
09/08/2012,0,0.1,10.0459468619428,0,348.483758222246,0,0,0,0,0,400,25,0,0,0,0,0.01375,0.011,0.01375,0.01375,0,0,0,0
10/08/2012,0,0.1,10.0618543513956,0,349.15835609098,0,0,0,0,0,400,25,0,0,0,0,0.01375,0.011,0.01375,0.01375,0,0,0,0
11/08/2012,0,0.1,10.0801117004118,0,349.812851645262,0,0,0,0,0,400,25,0,0,0,0,0.01375,0.011,0.01375,0.01375,0,0,0,0
12/08/2012,0,0.1,10.1007135044287,0,350.447051140518,0,0,0,0,0,400,25,0,0,0,0,0.01375,0.011,0.01375,0.01375,0,0,0,0
13/08/2012,0,0.1,10.1236536648752,0,351.06076684024,0,0,0,0,0,400,25,0,0,0,0,0.01375,0.011,0.01375,0.01375,0,0,0,0
14/08/2012,0,0.1,10.1489253909769,0,351.653817071558,0,0,0,0,0,400,25,0,0,0,0,0.01375,0.011,0.01375,0.01375,0,0,0,0
15/08/2012,0,0.1,10.1765212017667,0,352.226026279017,0,0,0,0,0,400,25,0,0,0,0,0.01375,0.011,0.01375,0.01375,0,0,0,0
16/08/2012,0,0.1,10.206432928299,0,352.777225076551,0,0,0,0,0,400,25,0,0,0,0,0.01375,0.011,0.01375,0.01375,0,0,0,0
17/08/2012,0,0.1,10.2386517160679,0,353.307250297619,0,0,0,0,0,400,25,0,0,0,0,0.01375,0.011,0.01375,0.01375,0,0,0,0
18/08/2012,0,0.1,10.2731680276286,0,353.815945043506,0,0,0,0,0,400,25,0,0,0,0,0.01375,0.011,0.01375,0.01375,0,0,0,0
19/08/2012,0,0.1,10.3099716454204,0,354.303158729775,0,0,0,0,0,400,25,0,0,0,0,0.01375,0.011,0.01375,0.01375,0,0,0,0
20/08/2012,0,0.1,10.3490516747915,0,354.768747130835,0,0,0,0,0,400,25,0,0,0,0,0.01375,0.011,0.01375,0.01375,0,0,0,0
21/08/2012,0,0.1,10.3903965472238,0,355.212572422639,0,0,0,0,0,400,25,0,0,0,0,0.01375,0.011,0.01375,0.01375,0,0,0,0
22/08/2012,0,0.1,10.4339940237578,0,355.634503223483,0,0,0,0,0,400,25,0,0,0,0,0.01375,0.011,0.01375,0.01375,0,0,0,0
23/08/2012,0,0.1,10.4798311986152,0,356.034414632895,0,0,0,0,0,400,25,0,0,0,0,0.01375,0.011,0.01375,0.01375,0,0,0,0
24/08/2012,0.00214552424337328,0.1,10.5278945030197,30.1557579563328,356.412188268613,0,7.14220467287803,28.5688186915121,2.19862082415624,0,400,25,19.0458791276747,64.2798420559023,0.925735083855259,2.66148836608387,0.01375,0.011,0.01375,0.01375,0,0,0,0
25/08/2012,0.00229406196072181,0.1,10.5781697092131,38.5359070258631,356.767712301624,0,7.96063409473226,31.842536378929,2.39488010426887,0,400,25,21.2283575859527,71.6457068525903,1.00837057021847,2.8990653893781,0.01375,0.011,0.01375,0.01375,0,0,0,0
26/08/2012,2.32408922640293e-05,0.1,10.6306419346675,38.5359070258631,357.10088148927,0,7.96063409473227,31.8425363789291,2.39488010426886,0,400,25,21.2283575859527,71.6457068525905,1.00837057021847,2.89906538937809,0.01375,0.011,0.01375,0.01375,0,0,0,0
27/08/2012,3.83772212981146e-07,0.1,10.6852956464909,38.5359070258632,357.4115972064,0,7.96063409473225,31.842536378929,2.39488010426886,0,400,25,21.2283575859527,71.6457068525903,1.00837057021847,2.89906538937809,0.01375,0.011,0.01375,0.01375,0,0,0,0
28/08/2012,1.40597604641194e-08,0.1,10.7421146660246,0,357.69976747457,0,0,0,0,0,400,25,0,0,0,0,0.01375,0.011,0.01375,0.01375,0,0,0,0
29/08/2012,0,0.1,10.8010821736331,0,357.965306989265,0,0,0,0,0,400,25,0,0,0,0,0.01375,0.011,0.01375,0.01375,0,0,0,0
30/08/2012,0,0.1,10.862180713683,0,358.208137145153,0,0,0,0,0,400,25,0,0,0,0,0.01375,0.011,0.01375,0.01375,0,0,0,0
31/08/2012,0,0.1,10.9253921997097,0,358.428186059355,0,0,0,0,0,400,25,0,0,0,0,0.01375,0.011,0.01375,0.01375,0,0,0,0
01/09/2012,0,0.1,10.9906979197721,0,358.625388592724,0,0,0,0,0,400,25,0,0,0,0,0.01375,0.011,0.01375,0.01375,0,0,0,0
02/09/2012,0,0.1,11.0580785419912,0,358.799686369124,0,0,0,0,0,400,25,0,0,0,0,0.01375,0.011,0.01375,0.01375,0,0,0,0
03/09/2012,0,0.1,11.1275141202729,0,358.951027792715,0,0,0,0,0,400,25,0,0,0,0,0.01375,0.011,0.01375,0.01375,0,0,0,0
04/09/2012,0,0.1,11.1989841002127,0,359.079368063225,0,0,0,0,0,400,25,0,0,0,0,0.01375,0.011,0.01375,0.01375,0,0,0,0
05/09/2012,0,0.1,11.2724673251798,0,359.184669189209,0,0,0,0,0,400,25,0,0,0,0,0.01375,0.011,0.01375,0.01375,0,0,0,0
06/09/2012,0,0.1,11.3479420425803,0,359.2668999993,0,0,0,0,0,400,25,0,0,0,0,0.01375,0.011,0.01375,0.01375,0,0,0,0
07/09/2012,0,0.1,11.4253859102962,0,359.326036151433,0,0,0,0,0,400,25,0,0,0,0,0.01375,0.011,0.01375,0.01375,0,0,0,0
08/09/2012,0,0.1,11.5047760032994,0,359.362060140052,0,0,0,0,0,400,25,0,0,0,0,0.01375,0.011,0.01375,0.01375,0,0,0,0
09/09/2012,0,0.1,11.5860888204375,0,359.374961301293,0,0,0,0,0,400,25,0,0,0,0,0.01375,0.011,0.01375,0.01375,0,0,0,0
10/09/2012,0,0.1,11.6693002913912,0,359.364735816136,0,0,0,0,0,400,25,0,0,0,0,0.01375,0.011,0.01375,0.01375,0,0,0,0
11/09/2012,0,0.1,11.7543857837993,0,359.331386711544,0,0,0,0,0,400,25,0,0,0,0,0.01375,0.011,0.01375,0.01375,0,0,0,0
12/09/2012,0,0.1,11.8413201105505,0,359.274923859559,0,0,0,0,0,400,25,0,0,0,0,0.01375,0.011,0.01375,0.01375,0,0,0,0
13/09/2012,0,0.1,11.9300775372393,0,359.195363974383,0,0,0,0,0,400,25,0,0,0,0,0.01375,0.011,0.01375,0.01375,0,0,0,0
14/09/2012,0,0.1,12.0206317897838,0,359.09273060743,0,0,0,0,0,400,25,0,0,0,0,0.01375,0.011,0.01375,0.01375,0,0,0,0
15/09/2012,0.000204066763296212,0.1,12.1129560622039,36.0832355643392,358.967054140356,0,7.64914734004276,30.596589360171,2.29628012010377,0,400,25,20.397726240114,68.8423260603848,0.966854787412116,2.77970751380983,0.01375,0.011,0.01375,0.01375,0,0,0,0
16/09/2012,3.22809937513986e-06,0.1,12.2070230245555,36.0832355643392,358.818371776061,0,7.64914734004269,30.5965893601708,2.29628012010378,0,400,25,20.3977262401138,68.8423260603842,0.966854787412118,2.77970751380984,0.01375,0.011,0.01375,0.01375,0,0,0,0
17/09/2012,7.96811071204522e-08,0.1,12.3028048310218,0,358.646727527679,0,0,0,0,0,400,25,0,0,0,0,0.01375,0.011,0.01375,0.01375,0,0,0,0
18/09/2012,0.0126169545632578,0.1,12.4002731281556,32.599611107209,358.452172205552,0,7.52771327240154,30.1108530896062,2.33985062223917,0,400,25,20.0739020597374,67.7494194516139,0.985200261995442,2.83245075323689,0.01375,0.011,0.01375,0.01375,0,0,0,0
19/09/2012,0.0120819842203292,0.1,12.4993990632724,34.4486263899016,358.234763402183,0,7.6530666742686,30.6122666970744,2.351561648581,0,400,25,20.4081777980496,68.8776000684174,0.99013122045516,2.84662725880858,0.01375,0.011,0.01375,0.01375,0,0,0,0
20/09/2012,0.00191226802662448,0.1,12.600153292992,38.4784464330701,357.994565475191,0,7.96100301710617,31.8440120684247,2.39695561458212,0,400,25,21.2293413789498,71.6490271539555,1.00924446929773,2.90157784923098,0.01375,0.011,0.01375,0.01375,0,0,0,0
21/09/2012,1.98153435027832e-05,0.1,12.7025059919243,38.47844643307,357.73164952826,0,7.96100301710615,31.8440120684246,2.39695561458212,0,400,25,21.2293413789497,71.6490271539554,1.00924446929774,2.90157784923099,0.01375,0.011,0.01375,0.01375,0,0,0,0
22/09/2012,0.000534247517480539,0.1,12.8064268614986,37.6406366955698,357.446093390089,0,7.84546481933815,31.3818592773526,2.35804789381827,0,400,25,20.9212395182351,70.6091833740434,0.992862271081379,2.85447902935896,0.01375,0.011,0.01375,0.01375,0,0,0,0
23/09/2012,7.08661998209448e-06,0.1,12.9118851389321,37.6406366955695,357.137981591355,0,7.84546481933813,31.3818592773525,2.35804789381829,0,400,25,20.921239518235,70.6091833740432,0.992862271081384,2.85447902935898,0.01375,0.011,0.01375,0.01375,0,0,0,0
24/09/2012,1.51191615702652e-07,0.1,13.0188496063369,37.6406366955696,356.807405339689,0,7.84546481933815,31.3818592773526,2.35804789381828,0,400,25,20.9212395182351,70.6091833740434,0.992862271081381,2.85447902935897,0.01375,0.011,0.01375,0.01375,0,0,0,0
25/09/2012,0,0.1,13.1272885999607,0,356.454462492675,0,0,0,0,0,400,25,0,0,0,0,0.01375,0.011,0.01375,0.01375,0,0,0,0
26/09/2012,0,0.1,13.2371700195604,0,356.079257528887,0,0,0,0,0,400,25,0,0,0,0,0.01375,0.011,0.01375,0.01375,0,0,0,0
27/09/2012,0,0.1,13.3484613379039,0,355.681901516956,0,0,0,0,0,400,25,0,0,0,0,0.01375,0.011,0.01375,0.01375,0,0,0,0
28/09/2012,0,0.1,13.4611296103994,0,355.262512082693,0,0,0,0,0,400,25,0,0,0,0,0.01375,0.011,0.01375,0.01375,0,0,0,0
29/09/2012,5.87409979212658e-05,0.1,13.5751414848473,36.9553264715782,354.82121337427,0,7.75907476532498,31.0362990612999,2.33086588853128,0,400,25,20.6908660408666,69.8316728879248,0.981417216223696,2.82157449664313,0.01375,0.011,0.01375,0.01375,0,0,0,0
30/09/2012,0.00275758283045814,0.1,13.6904632113135,39.1525244572161,354.35813602547,0,8.03603249460707,32.1441299784283,2.41800334185164,0,400,25,21.4294199856188,72.3242924514636,1.01810667025332,2.92705667697831,0.01375,0.011,0.01375,0.01375,0,0,0,0
01/10/2012,2.70806914771187e-05,0.1,13.8070606521197,39.1525244572166,353.873417117015,0,8.03603249460707,32.1441299784283,2.41800334185163,0,400,25,21.4294199856189,72.3242924514637,1.01810667025332,2.92705667697829,0.01375,0.011,0.01375,0.01375,0,0,0,0
02/10/2012,4.35031068589526e-07,0.1,13.9248992919492,39.1525244572167,353.367200135988,0,8.03603249460706,32.1441299784282,2.41800334185162,0,400,25,21.4294199856188,72.3242924514635,1.01810667025331,2.92705667697828,0.01375,0.011,0.01375,0.01375,0,0,0,0
03/10/2012,1.55714314795256e-08,0.1,14.0439442480639,0,352.839634933357,0,0,0,0,0,400,25,0,0,0,0,0.01375,0.011,0.01375,0.01375,0,0,0,0
04/10/2012,0,0.1,14.1641602806307,0,352.290877679617,0,0,0,0,0,400,25,0,0,0,0,0.01375,0.011,0.01375,0.01375,0,0,0,0
05/10/2012,0,0.1,14.2855118031529,0,351.721090818561,0,0,0,0,0,400,25,0,0,0,0,0.01375,0.011,0.01375,0.01375,0,0,0,0
06/10/2012,0,0.1,14.4079628930047,0,351.13044301919,0,0,0,0,0,400,25,0,0,0,0,0.01375,0.011,0.01375,0.01375,0,0,0,0
07/10/2012,0.000179108840831524,0.1,14.5314773020651,37.8538020625234,350.519109125787,0,7.87232799107437,31.4893119642975,2.3664980324606,0,400,25,20.992874642865,70.8509519196694,0.996420224193939,2.86470814455757,0.01375,0.011,0.01375,0.01375,0,0,0,0
08/10/2012,0.00289456846550264,0.1,14.6560184674478,39.2238264384977,349.887270106158,0,8.04502013930643,32.1800805572257,2.42083106748501,0,400,25,21.4533870381505,72.4051812537579,1.01929729157264,2.93047971327133,0.01375,0.011,0.01375,0.01375,0,0,0,0
09/10/2012,2.81695467282248e-05,0.1,14.7815495223251,39.2238264384973,349.235112998059,0,8.04502013930636,32.1800805572255,2.42083106748503,0,400,25,21.4533870381503,72.4051812537573,1.01929729157265,2.93047971327136,0.01375,0.011,0.01375,0.01375,0,0,0,0
10/10/2012,4.49319936457042e-07,0.1,14.908033306841,39.2238264384971,348.562830853834,0,8.0450201393064,32.1800805572256,2.42083106748503,0,400,25,21.4533870381504,72.4051812537576,1.01929729157264,2.93047971327135,0.01375,0.011,0.01375,0.01375,0,0,0,0
11/10/2012,1.59867931412757e-08,0.1,15.0354323791111,0,347.870622683264,0,0,0,0,0,400,25,0,0,0,0,0.01375,0.011,0.01375,0.01375,0,0,0,0
12/10/2012,0.0425658277214662,0.1,15.1637090263067,32.3520466425792,347.158693394657,0,7.3161650789297,29.2646603157188,2.24980933216883,0,400,25,19.5097735438125,65.8454857103673,0.94728813986056,2.72345340209911,0.01375,0.011,0.01375,0.01375,0,0,0,0
13/10/2012,0.0459763132363742,0.1,15.292825275818,36.9992655131709,346.427253734189,0,8.09106608341438,32.3642643336575,2.51948026020403,0,400,25,21.5761762224383,72.8195947507294,1.06083379377012,3.04989715708909,0.01375,0.011,0.01375,0.01375,0,0,0,0
14/10/2012,0.00748310891833328,0.1,15.4227429064953,39.5781334233242,345.676520223521,0,8.10143843313471,32.4057537325388,2.44161283600614,0,400,25,21.6038358216926,72.9129458982124,1.02804750989732,2.95563659095481,0.01375,0.011,0.01375,0.01375,0,0,0,0
15/10/2012,6.05636961095904e-05,0.1,15.553423459963,39.5781334233244,344.906715095704,0,8.10143843313465,32.4057537325386,2.44161283600613,0,400,25,21.6038358216924,72.9129458982119,1.02804750989732,2.95563659095479,0.01375,0.011,0.01375,0.01375,0,0,0,0
16/10/2012,8.41377860183776e-07,0.1,15.6848282520041,39.5781334233244,344.11806622939,0,8.10143843313462,32.4057537325385,2.44161283600611,0,400,25,21.6038358216923,72.9129458982116,1.02804750989731,2.95563659095476,0.01375,0.011,0.01375,0.01375,0,0,0,0
17/10/2012,2.66489025764836e-08,0.1,15.8169183840117,0,343.310807081381,0,0,0,0,0,400,25,0,0,0,0,0.01375,0.011,0.01375,0.01375,0,0,0,0
18/10/2012,0,0.1,15.9496547545038,0,342.485176617513,0,0,0,0,0,400,25,0,0,0,0,0.01375,0.011,0.01375,0.01375,0,0,0,0
19/10/2012,0,0.1,16.0829980706979,0,341.641419241926,0,0,0,0,0,400,25,0,0,0,0,0.01375,0.011,0.01375,0.01375,0,0,0,0
20/10/2012,0,0.1,16.2169088601428,0,340.779784724706,0,0,0,0,0,400,25,0,0,0,0,0.01375,0.011,0.01375,0.01375,0,0,0,0
21/10/2012,0,0.1,16.3513474824032,0,339.900528127956,0,0,0,0,0,400,25,0,0,0,0,0.01375,0.011,0.01375,0.01375,0,0,0,0
22/10/2012,0,0.1,16.486274140794,0,339.003909730285,0,0,0,0,0,400,25,0,0,0,0,0.01375,0.011,0.01375,0.01375,0,0,0,0
23/10/2012,0,0.1,16.6216488941613,0,338.090194949768,0,0,0,0,0,400,25,0,0,0,0,0.01375,0.011,0.01375,0.01375,0,0,0,0
24/10/2012,0,0.1,16.7574316687051,0,337.159654265367,0,0,0,0,0,400,25,0,0,0,0,0.01375,0.011,0.01375,0.01375,0,0,0,0
25/10/2012,0,0.1,16.893582269843,0,336.212563136873,0,0,0,0,0,400,25,0,0,0,0,0.01375,0.011,0.01375,0.01375,0,0,0,0
26/10/2012,0,0.1,17.0300603941077,0,335.249201923357,0,0,0,0,0,400,25,0,0,0,0,0.01375,0.011,0.01375,0.01375,0,0,0,0
27/10/2012,0,0.1,17.1668256410784,0,334.269855800181,0,0,0,0,0,400,25,0,0,0,0,0.01375,0.011,0.01375,0.01375,0,0,0,0
28/10/2012,0,0.1,17.3038375253397,0,333.27481467458,0,0,0,0,0,400,25,0,0,0,0,0.01375,0.011,0.01375,0.01375,0,0,0,0
29/10/2012,0,0.1,17.4410554884664,0,332.264373099842,0,0,0,0,0,400,25,0,0,0,0,0.01375,0.011,0.01375,0.01375,0,0,0,0
30/10/2012,0,0.1,17.5784389110296,0,331.238830188116,0,0,0,0,0,400,25,0,0,0,0,0.01375,0.011,0.01375,0.01375,0,0,0,0
31/10/2012,0,0.1,17.7159471246209,0,330.198489521866,0,0,0,0,0,400,25,0,0,0,0,0.01375,0.011,0.01375,0.01375,0,0,0,0
01/11/2012,0,0.1,17.853539423891,0,329.143659064006,0,0,0,0,0,400,25,0,0,0,0,0.01375,0.011,0.01375,0.01375,0,0,0,0
02/11/2012,0,0.1,17.9911750785997,0,328.074651066735,0,0,0,0,0,400,25,0,0,0,0,0.01375,0.011,0.01375,0.01375,0,0,0,0
03/11/2012,0,0.1,18.1288133456723,0,326.991781979106,0,0,0,0,0,400,25,0,0,0,0,0.01375,0.011,0.01375,0.01375,0,0,0,0
04/11/2012,0,0.1,18.2664134812612,0,325.895372353347,0,0,0,0,0,400,25,0,0,0,0,0.01375,0.011,0.01375,0.01375,0,0,0,0
05/11/2012,0,0.1,18.4039347528061,0,324.785746749974,0,0,0,0,0,400,25,0,0,0,0,0.01375,0.011,0.01375,0.01375,0,0,0,0
06/11/2012,0,0.1,18.5413364510926,0,323.663233641712,0,0,0,0,0,400,25,0,0,0,0,0.01375,0.011,0.01375,0.01375,0,0,0,0
07/11/2012,0.000286284675002948,0.1,18.678577902302,36.7871892120862,322.528165316262,0,7.73788099312012,30.9515239724805,2.32419782643758,0,400,25,20.634349314987,69.640928938081,0.978609611131611,2.81350263200338,0.01375,0.011,0.01375,0.01375,0,0,0,0
08/11/2012,4.25711621290196e-06,0.1,18.8156184800527,36.7871892120866,321.380877777935,0,7.73788099312011,30.9515239724805,2.32419782643757,0,400,25,20.634349314987,69.640928938081,0.97860961113161,2.81350263200338,0.01375,0.011,0.01375,0.01375,0,0,0,0
09/11/2012,0.000326273730896083,0.1,18.9524176174254,38.7112064532203,320.221710648189,0,7.98040417477567,31.9216166991027,2.40050135649394,0,400,25,21.2810777994018,71.823637572981,1.0107374132606,2.90587006312424,0.01375,0.011,0.01375,0.01375,0,0,0,0
10/11/2012,2.72789932680155e-05,0.1,19.0889348189725,38.0858409959999,319.05100706509,0,7.90157659613443,31.6063063845377,2.37570033551498,0,400,25,21.0708709230252,71.1141893652099,1.00029487811157,2.87584777457077,0.01375,0.011,0.01375,0.01375,0,0,0,0
11/11/2012,5.91282629647605e-07,0.1,19.2251296727055,38.085840996,317.869113581744,0,7.90157659613443,31.6063063845377,2.37570033551498,0,400,25,21.0708709230251,71.1141893652098,1.00029487811157,2.87584777457077,0.01375,0.011,0.01375,0.01375,0,0,0,0
12/11/2012,1.99935645271497e-08,0.1,19.3609618620575,0,316.676380063702,0,0,0,0,0,400,25,0,0,0,0,0.01375,0.011,0.01375,0.01375,0,0,0,0
13/11/2012,0,0.1,19.496391177818,0,315.473159585395,0,0,0,0,0,400,25,0,0,0,0,0.01375,0.011,0.01375,0.01375,0,0,0,0
14/11/2012,0,0.1,19.6313775300357,0,314.259808325618,0,0,0,0,0,400,25,0,0,0,0,0.01375,0.011,0.01375,0.01375,0,0,0,0
15/11/2012,0.000218931492329762,0.1,19.7658809598859,38.3255718021768,313.036685462092,0,7.93179476498027,31.7271790599211,2.38520768627229,0,400,25,21.151452706614,71.3861528848224,1.00429797316728,2.88735667285592,0.01375,0.011,0.01375,0.01375,0,0,0,0
16/11/2012,0.000946691874435738,0.1,19.899861651499,32.0403071734712,311.80415306514,0,7.25966797630196,29.0386719052078,2.20466537619761,0,400,25,19.3591146034719,65.3370117867176,0.928280158398993,2.6688054553971,0.01375,0.011,0.01375,0.01375,0,0,0,0
17/11/2012,0.0297437765652737,0.1,20.0332799437473,36.9057111322078,310.562575990505,0,8.10718910527408,32.4287564210963,2.53161217313575,0,400,25,21.6191709473976,72.9647019474668,1.06594196763611,3.0645831569538,0.01375,0.011,0.01375,0.01375,0,0,0,0
18/11/2012,0.00746393602838125,0.1,20.166096341985,39.7016717710219,309.31232177135,0,8.1142411398933,32.4569645595732,2.44492341876412,0,400,25,21.6379763730488,73.0281702590397,1.02944143947963,2.95964413850394,0.01375,0.011,0.01375,0.01375,0,0,0,0
19/11/2012,6.06216376057643e-05,0.1,20.2982715297398,39.7016717710215,308.053760509454,0,8.11424113989326,32.456964559573,2.44492341876412,0,400,25,21.6379763730487,73.0281702590393,1.02944143947963,2.95964413850393,0.01375,0.011,0.01375,0.01375,0,0,0,0
20/11/2012,8.42037254976031e-07,0.1,20.4297663803513,39.7016717710217,306.787264765657,0,8.11424113989323,32.4569645595729,2.4449234187641,0,400,25,21.6379763730486,73.0281702590391,1.02944143947962,2.95964413850392,0.01375,0.011,0.01375,0.01375,0,0,0,0
21/11/2012,2.66659136619365e-08,0.1,20.5605419685534,0,305.513209449576,0,0,0,0,0,400,25,0,0,0,0,0.01375,0.011,0.01375,0.01375,0,0,0,0
22/11/2012,0,0.1,20.6905595819968,0,304.231971708621,0,0,0,0,0,400,25,0,0,0,0,0.01375,0.011,0.01375,0.01375,0,0,0,0
23/11/2012,0,0.1,20.8197807327088,0,302.94393081635,0,0,0,0,0,400,25,0,0,0,0,0.01375,0.011,0.01375,0.01375,0,0,0,0
24/11/2012,0,0.1,20.9481671684868,0,301.649468060202,0,0,0,0,0,400,25,0,0,0,0,0.01375,0.011,0.01375,0.01375,0,0,0,0
25/11/2012,0,0.1,21.0756808842214,0,300.348966628621,0,0,0,0,0,400,25,0,0,0,0,0.01375,0.011,0.01375,0.01375,0,0,0,0
26/11/2012,0,0.1,21.2022841331467,0,299.042811497628,0,0,0,0,0,400,25,0,0,0,0,0.01375,0.011,0.01375,0.01375,0,0,0,0
27/11/2012,0.00194620291498411,0.1,21.3279394380145,33.123411400494,297.73138931686,0,7.58378428360092,30.3351371344037,2.35492947580223,0,400,25,20.2234247562691,68.2540585524083,0.991549252969361,2.85070410228691,0.01375,0.011,0.01375,0.01375,0,0,0,0
28/11/2012,0.080693503888709,0.1,21.4526096021881,35.9658316641941,296.41508829511,0,7.79808019187737,31.1923207675095,2.43551267786136,0,400,25,20.794880511673,70.1827217268963,1.02547902225742,2.94825218899007,0.01375,0.011,0.01375,0.01375,0,0,0,0
29/11/2012,0.0105553694288094,0.1,21.5762577206533,39.4294673392684,295.094298085414,0,8.09556873960373,32.3822749584149,2.44510612208316,0,400,25,21.58818330561,72.8601186564336,1.02951836719291,2.95986530567961,0.01375,0.011,0.01375,0.01375,0,0,0,0
30/11/2012,0.000317100712221639,0.1,21.6988471909432,39.0384689486582,293.769409669701,0,8.0278747661072,32.1114990644288,2.41755066942164,0,400,25,21.4076660429525,72.2508728949648,1.01791607133543,2.92650870508935,0.01375,0.011,0.01375,0.01375,0,0,0,0
01/12/2012,4.29192157548537e-06,0.1,21.8203417239731,39.0384689486578,292.440815243058,0,8.0278747661072,32.1114990644288,2.41755066942165,0,400,25,21.4076660429525,72.2508728949648,1.01791607133543,2.92650870508936,0.01375,0.011,0.01375,0.01375,0,0,0,0
02/12/2012,1.00489955345624e-07,0.1,21.9407053547832,0,291.108908097629,0,0,0,0,0,400,25,0,0,0,0,0.01375,0.011,0.01375,0.01375,0,0,0,0
03/12/2012,0,0.1,22.0599024531845,0,289.774082506192,0,0,0,0,0,400,25,0,0,0,0,0.01375,0.011,0.01375,0.01375,0,0,0,0
04/12/2012,0.000127755765942783,0.1,22.1778977343065,39.1787873328241,288.436733605447,0,8.03934294111228,32.1573717644491,2.41904488663382,0,400,25,21.4382478429661,72.3540864700105,1.01854521542477,2.9283174943462,0.01375,0.011,0.01375,0.01375,0,0,0,0
05/12/2012,2.2012884558904e-06,0.1,22.294656269042,39.178787332824,287.097257279049,0,8.03934294111226,32.157371764449,2.41904488663381,0,400,25,21.438247842966,72.3540864700104,1.01854521542476,2.92831749434619,0.01375,0.011,0.01375,0.01375,0,0,0,0
06/12/2012,5.83331820503444e-08,0.1,22.4101434943871,0,285.756050040415,0,0,0,0,0,400,25,0,0,0,0,0.01375,0.011,0.01375,0.01375,0,0,0,0
07/12/2012,0,0.1,22.5243252236724,0,284.413508915348,0,0,0,0,0,400,25,0,0,0,0,0.01375,0.011,0.01375,0.01375,0,0,0,0
08/12/2012,0,0.1,22.637167656683,0,283.070031324511,0,0,0,0,0,400,25,0,0,0,0,0.01375,0.011,0.01375,0.01375,0,0,0,0
09/12/2012,0,0.1,22.7486373896641,0,281.726014965779,0,0,0,0,0,400,25,0,0,0,0,0.01375,0.011,0.01375,0.01375,0,0,0,0
10/12/2012,0,0.1,22.8587014252095,0,280.381857696517,0,0,0,0,0,400,25,0,0,0,0,0.01375,0.011,0.01375,0.01375,0,0,0,0
11/12/2012,0.000490699974506946,0.1,22.9673271820289,38.6002405072938,279.037957415799,0,7.96641687066729,31.8656674826692,2.39610061973898,0,400,25,21.2437783217794,71.6977518360056,1.00888447146904,2.9005428554735,0.01375,0.011,0.01375,0.01375,0,0,0,0
12/12/2012,6.61222885539009e-06,0.1,23.0744825045931,38.6002405072937,277.694711946626,0,7.96641687066726,31.865667482669,2.39610061973896,0,400,25,21.2437783217794,71.6977518360053,1.00888447146904,2.90054285547348,0.01375,0.011,0.01375,0.01375,0,0,0,0
13/12/2012,1.42894650975963e-07,0.1,23.180135672653,38.6002405072939,276.352518918163,0,7.96641687066725,31.865667482669,2.39610061973896,0,400,25,21.2437783217793,71.6977518360052,1.00888447146904,2.90054285547348,0.01375,0.011,0.01375,0.01375,0,0,0,0
14/12/2012,0,0.1,23.2842554106286,0,275.011775648026,0,0,0,0,0,400,25,0,0,0,0,0.01375,0.011,0.01375,0.01375,0,0,0,0
15/12/2012,0,0.1,23.3868108968681,0,273.672879024676,0,0,0,0,0,400,25,0,0,0,0,0.01375,0.011,0.01375,0.01375,0,0,0,0
16/12/2012,0,0.1,23.4877717727713,0,272.336225389925,0,0,0,0,0,400,25,0,0,0,0,0.01375,0.011,0.01375,0.01375,0,0,0,0
17/12/2012,0,0.1,23.5871081517765,0,271.002210421614,0,0,0,0,0,400,25,0,0,0,0,0.01375,0.011,0.01375,0.01375,0,0,0,0
18/12/2012,0,0.1,23.6847906282074,0,269.671229016481,0,0,0,0,0,400,25,0,0,0,0,0.01375,0.011,0.01375,0.01375,0,0,0,0
19/12/2012,0,0.1,23.7807902859783,0,268.343675173266,0,0,0,0,0,400,25,0,0,0,0,0.01375,0.011,0.01375,0.01375,0,0,0,0
20/12/2012,0,0.1,23.8750787071532,0,267.019941876079,0,0,0,0,0,400,25,0,0,0,0,0.01375,0.011,0.01375,0.01375,0,0,0,0
21/12/2012,0,0.1,23.9676279803587,0,265.700420978066,0,0,0,0,0,400,25,0,0,0,0,0.01375,0.011,0.01375,0.01375,0,0,0,0
22/12/2012,0,0.1,24.0584107090458,0,264.385503085413,0,0,0,0,0,400,25,0,0,0,0,0.01375,0.011,0.01375,0.01375,0,0,0,0
23/12/2012,0,0.1,24.1474000196006,0,263.07557744172,0,0,0,0,0,400,25,0,0,0,0,0.01375,0.011,0.01375,0.01375,0,0,0,0
24/12/2012,0,0.1,24.2345695692986,0,261.771031812774,0,0,0,0,0,400,25,0,0,0,0,0.01375,0.011,0.01375,0.01375,0,0,0,0
25/12/2012,0.0200078350931714,0.1,24.3198935541034,36.6866908855978,260.472252371766,0,8.0679637974554,32.2718551898216,2.51628033901803,0,400,25,21.5145701265477,72.6116741770986,1.05948645853391,3.04602356828498,0.01375,0.011,0.01375,0.01375,0,0,0,0
26/12/2012,0.0780403934747531,0.1,24.4033467163048,38.1105929547608,259.17962358497,0,8.22554468142351,32.902178725694,2.57075773968904,0,400,25,21.9347858171294,74.0299021328116,1.08242431144802,3.11196989541304,0.01375,0.011,0.01375,0.01375,0,0,0,0
27/12/2012,0.0116267931601154,0.1,24.484904351996,39.8228847121295,257.893528097937,0,8.13199413877626,32.527976555105,2.45152223709501,0,400,25,21.6853177034033,73.1879472489863,1.03221988930316,2.96763218174659,0.01375,0.011,0.01375,0.01375,0,0,0,0
28/12/2012,8.67884448031231e-05,0.1,24.5645423183859,39.8228847121293,256.614346622224,0,8.13199413877622,32.5279765551049,2.45152223709499,0,400,25,21.6853177034033,73.187947248986,1.03221988930315,2.96763218174656,0.01375,0.011,0.01375,0.01375,0,0,0,0
29/12/2012,1.12974122088888e-06,0.1,24.6422370409468,39.8228847121295,255.342457822691,0,8.13199413877623,32.5279765551049,2.451522237095,0,400,25,21.6853177034033,73.187947248986,1.03221988930316,2.96763218174657,0.01375,0.011,0.01375,0.01375,0,0,0,0
30/12/2012,3.38793330087053e-08,0.1,24.7179655203918,0,254.078238205414,0,0,0,0,0,400,25,0,0,0,0,0.01375,0.011,0.01375,0.01375,0,0,0,0
31/12/2012,0,0.1,24.7917053394842,0,252.822062006227,0,0,0,0,0,400,25,0,0,0,0,0.01375,0.011,0.01375,0.01375,0,0,0,0
01/01/2013,0,0.1,24.8051371179797,0,252.59041410873,0,0,0,0,0,400,25,0,0,0,0,0.01375,0.011,0.01375,0.01375,0,0,0,0
02/01/2013,0,0.1,24.8764918925008,0,251.344251726306,0,0,0,0,0,400,25,0,0,0,0,0.01375,0.011,0.01375,0.01375,0,0,0,0
03/01/2013,0,0.1,24.9458110794992,0,250.106942079986,0,0,0,0,0,400,25,0,0,0,0,0.01375,0.011,0.01375,0.01375,0,0,0,0
04/01/2013,0,0.1,25.0130741590243,0,248.878851439682,0,0,0,0,0,400,25,0,0,0,0,0.01375,0.011,0.01375,0.01375,0,0,0,0
05/01/2013,0,0.1,25.0782612197774,0,247.660343346284,0,0,0,0,0,400,25,0,0,0,0,0.01375,0.011,0.01375,0.01375,0,0,0,0
06/01/2013,0,0.1,25.1413529650052,0,246.451778504046,0,0,0,0,0,400,25,0,0,0,0,0.01375,0.011,0.01375,0.01375,0,0,0,0
07/01/2013,0,0.1,25.2023307182122,0,245.253514673805,0,0,0,0,0,400,25,0,0,0,0,0.01375,0.011,0.01375,0.01375,0,0,0,0
08/01/2013,0,0.1,25.2611764286895,0,244.065906567085,0,0,0,0,0,400,25,0,0,0,0,0.01375,0.011,0.01375,0.01375,0,0,0,0
09/01/2013,0,0.1,25.317872676858,0,242.889305741087,0,0,0,0,0,400,25,0,0,0,0,0.01375,0.011,0.01375,0.01375,0,0,0,0
10/01/2013,0,0.1,25.3724026794253,0,241.724060494622,0,0,0,0,0,400,25,0,0,0,0,0.01375,0.011,0.01375,0.01375,0,0,0,0
11/01/2013,0,0.1,25.4247502943533,0,240.570515765012,0,0,0,0,0,400,25,0,0,0,0,0.01375,0.011,0.01375,0.01375,0,0,0,0
12/01/2013,0,0.1,25.4749000256372,0,239.429013025974,0,0,0,0,0,400,25,0,0,0,0,0.01375,0.011,0.01375,0.01375,0,0,0,0
13/01/2013,0,0.1,25.5228370278924,0,238.299890186543,0,0,0,0,0,400,25,0,0,0,0,0.01375,0.011,0.01375,0.01375,0,0,0,0
14/01/2013,0,0.1,25.5685471107489,0,237.18348149104,0,0,0,0,0,400,25,0,0,0,0,0.01375,0.011,0.01375,0.01375,0,0,0,0
15/01/2013,0.00278336215647144,0.1,25.6120167430522,39.7037227234975,236.08011742013,0,8.10551126766775,32.422045070671,2.43986300744041,0,400,25,21.6146967137807,72.9496014090098,1.02731073997491,2.95351837742787,0.01375,0.011,0.01375,0.01375,0,0,0,0
16/01/2013,2.72905755817217e-05,0.1,25.6532330568687,39.7037227234974,234.990124592991,0,8.10551126766769,32.4220450706708,2.43986300744044,0,400,25,21.6146967137805,72.9496014090093,1.02731073997492,2.9535183774279,0.01375,0.011,0.01375,0.01375,0,0,0,0
17/01/2013,4.37793317925625e-07,0.1,25.6921838512949,39.7037227234975,233.91382567063,0,8.10551126766769,32.4220450706708,2.43986300744045,0,400,25,21.6146967137805,72.9496014090093,1.02731073997493,2.95351837742792,0.01375,0.011,0.01375,0.01375,0,0,0,0
18/01/2013,1.56519218595508e-08,0.1,25.7288575960691,0,232.851539260369,0,0,0,0,0,400,25,0,0,0,0,0.01375,0.011,0.01375,0.01375,0,0,0,0
19/01/2013,2.50972725112385e-24,0.1,25.7632434349846,0,231.803579821526,0,0,0,0,0,400,25,0,0,0,0,0.01375,0.011,0.01375,0.01375,0,0,0,0
20/01/2013,0,0.1,25.7953311891033,0,230.770257572335,0,0,0,0,0,400,25,0,0,0,0,0.01375,0.011,0.01375,0.01375,0,0,0,0
21/01/2013,0,0.1,25.8251113597692,0,229.751878398107,0,0,0,0,0,400,25,0,0,0,0,0.01375,0.011,0.01375,0.01375,0,0,0,0
22/01/2013,0,0.1,25.8525751314198,0,228.74874376069,0,0,0,0,0,400,25,0,0,0,0,0.01375,0.011,0.01375,0.01375,0,0,0,0
23/01/2013,0,0.1,25.8777143741959,0,227.761150609223,0,0,0,0,0,400,25,0,0,0,0,0.01375,0.011,0.01375,0.01375,0,0,0,0
24/01/2013,0.000585921757320212,0.1,25.9005216463481,39.3225622249142,226.789391292236,0,8.05746582666985,32.2298633066794,2.42474677514365,0,400,25,21.4865755377863,72.5171924400287,1.0209460105868,2.93521978043706,0.01375,0.011,0.01375,0.01375,0,0,0,0
25/01/2013,7.64327698650608e-06,0.1,25.9209901964399,39.3225622249143,225.833753471109,0,8.05746582666981,32.2298633066792,2.42474677514365,0,400,25,21.4865755377862,72.5171924400283,1.0209460105868,2.93521978043705,0.01375,0.011,0.01375,0.01375,0,0,0,0
26/01/2013,1.60797347605189e-07,0.1,25.9391139653462,39.3225622249141,224.894520034914,0,8.05746582666979,32.2298633066791,2.42474677514364,0,400,25,21.4865755377861,72.5171924400281,1.0209460105868,2.93521978043704,0.01375,0.011,0.01375,0.01375,0,0,0,0
27/01/2013,0.196978007661405,0.1,25.9548875880467,37.9120823477712,223.971969016682,0,7.9666080340451,31.8664321361804,2.52341801534707,0,400,25,21.2442880907869,71.6994723064059,1.06249179593561,3.05466391331487,0.01375,0.011,0.01375,0.01375,0,0,0,0
28/01/2013,0.0895662986963247,0.1,25.9683063952143,37.6937869660893,223.066373511089,0,7.75338085573243,31.0135234229297,2.38330213693329,0,400,25,20.6756822819532,69.7804277015919,1.00349563660349,2.88504995523503,0.01375,0.011,0.01375,0.01375,0,0,0,0
29/01/2013,2.38621978670093,0.1,25.9793664145975,39.0336263980726,222.178001593623,0,7.74500240025072,30.9800096010029,2.52874421012392,0,400,25,20.6533397340019,69.7050216022565,1.0647344042627,3.06111141225527,0.01375,0.011,0.01375,0.01375,0,0,0,0
30/01/2013,0.967055211905929,0.1,25.9880643721958,36.2289956823117,221.307116241223,0,7.11843267179715,28.4737306871886,2.26479840284234,0,400,25,18.9824871247924,64.0658940461743,0.953599327512563,2.74159806659862,0.01375,0.011,0.01375,0.01375,0,0,0,0
31/01/2013,0.0213649854449232,0.1,25.9943976932292,10.6244712786986,220.453975254433,0,1.8060242181286,7.22409687251439,0.446782881745989,0,400,25,4.81606458167626,16.2542179631574,0.188119108103574,0.540842435797777,0.01375,0.011,0.01375,0.01375,0,0,0,0
01/02/2013,0.0171998318454808,0.1,25.9983645029001,6.03726318220642,219.618831181091,0,0.864788777490456,3.45915510996182,0.125193010183262,0,400,25,2.30610340664121,7.7830989974141,0.0527128463929523,0.151549433379738,0.01375,0.011,0.01375,0.01375,0,0,0,0
02/02/2013,1.33801027108143,0.1,25.9999636269489,37.4098751147673,218.801931241564,0,7.49067002679841,29.9626801071936,2.43233697622564,0,400,25,19.9751200714624,67.4160302411857,1.02414188472658,2.94440791858893,0.01375,0.011,0.01375,0.01375,0,0,0,0
03/02/2013,0.570411133618922,0.1,25.9991945920008,33.739678961237,218.00351725557,0,6.75264997238239,27.0105998895296,2.1241903937449,0,400,25,18.0070665930197,60.7738497514416,0.894395955261011,2.57138837137541,0.01375,0.011,0.01375,0.01375,0,0,0,0
04/02/2013,0.0142719519037537,0.1,25.9960576257065,10.0745736861077,217.22382557059,0,1.72311099583626,6.89244398334505,0.416589325753145,0,400,25,4.59496265556337,15.5079989625264,0.175406031896061,0.504292341701175,0.01375,0.011,0.01375,0.01375,0,0,0,0
05/02/2013,0.00990727262096534,0.1,25.9905536566747,6.04105707021889,216.463086991908,0,0.865868706131398,3.46347482452559,0.125543196822874,0,400,25,2.3089832163504,7.79281835518259,0.0528602933991049,0.151973343522426,0.01375,0.011,0.01375,0.01375,0,0,0,0
06/02/2013,0.00461956312747797,0.1,25.9826843141968,6.00068503041669,215.721526714289,0,0.857288446488048,3.42915378595219,0.122630074845103,0,400,25,2.28610252396813,7.71559601839243,0.051633715724254,0.14844693270723,0.01375,0.011,0.01375,0.01375,0,0,0,0
07/02/2013,0.00236259113021423,0.1,25.9724519277653,6.00001197133779,214.999364255309,0,0.85714540140832,3.42858160563328,0.122581508976133,0,400,25,2.28572107042219,7.71430861267488,0.0516132669373194,0.148388142444793,0.01375,0.011,0.01375,0.01375,0,0,0,0
08/02/2013,2.37534471438246e-05,0.1,25.9598595263838,6.00001197133777,214.296813390382,0,0.857145401408317,3.42858160563327,0.122581508976134,0,400,25,2.28572107042218,7.71430861267485,0.0516132669373197,0.148388142444794,0.01375,0.011,0.01375,0.01375,0,0,0,0
09/02/2013,0.000268629049580011,0.1,25.9449108376702,6.00000001777347,213.614082089472,0,0.857142860920247,3.42857144368099,0.122580646443769,0,400,25,2.28571429578733,7.71428574828222,0.0516129037657974,0.148387098326667,0.01375,0.011,0.01375,0.01375,0,0,0,0
10/02/2013,4.03959176798534e-06,0.1,25.9276102867536,6.00000001777347,212.951372455532,0,0.857142860920249,3.428571443681,0.122580646443768,0,400,25,2.28571429578733,7.71428574828224,0.051612903765797,0.148387098326666,0.01375,0.011,0.01375,0.01375,0,0,0,0
11/02/2013,0.13140017104818,0.1,25.9079629949642,27.6832889987663,212.308880664676,0,6.51706320322524,26.0682528129009,1.95426959511485,0,400,25,17.3788352086006,58.6535688290271,0.822850355837831,2.36569477303376,0.01375,0.011,0.01375,0.01375,0,0,0,0
12/02/2013,0.0642588173767798,0.1,25.8859747783173,24.7297747428009,211.686796908109,0,5.96310465758997,23.8524186303599,1.72269715290968,0,400,25,15.9016124202399,53.6679419183097,0.725346169646183,2.08537023773277,0.01375,0.011,0.01375,0.01375,0,0,0,0
13/02/2013,0.000352800475133255,0.1,25.8616521457917,24.7297747428005,211.085305335824,0,5.96310465759002,23.8524186303601,1.72269715290971,0,400,25,15.9016124202401,53.6679419183102,0.725346169646193,2.0853702377328,0.01375,0.011,0.01375,0.01375,0,0,0,0
14/02/2013,3.56079260787185e-06,0.1,25.8350022974027,24.7297747428003,210.50458400209,0,5.96310465759007,23.8524186303603,1.72269715290971,0,400,25,15.9016124202402,53.6679419183107,0.725346169646192,2.0853702377328,0.01375,0.011,0.01375,0.01375,0,0,0,0
15/02/2013,8.63090231874373e-08,0.1,25.8060331220709,0,209.944804812745,0,0,0,0,0,400,25,0,0,0,0,0.01375,0.011,0.01375,0.01375,0,0,0,0
16/02/2013,0.00536744574885765,0.1,25.774753195287,21.8086249205865,209.406133474307,0,6.00283324098113,24.0113329639245,1.81769761209187,0,400,25,16.007555309283,54.0254991688302,0.765346362986052,2.2003707935849,0.01375,0.011,0.01375,0.01375,0,0,0,0
17/02/2013,0.0257956140401545,0.1,25.7411717765731,31.6913344328396,208.888729444924,0,7.37978530309131,29.5191412123653,2.28470105737578,0,400,25,19.6794274749102,66.4180677278218,0.961979392579277,2.76569075366542,0.01375,0.011,0.01375,0.01375,0,0,0,0
18/02/2013,0.0206562646218519,0.1,25.7052988067417,31.9845471539796,208.392745887169,0,7.32051695995381,29.2820678398152,2.24128290296209,0,400,25,19.5213785598768,65.8846526395843,0.943698064405092,2.71313193516464,0.01375,0.011,0.01375,0.01375,0,0,0,0
19/02/2013,0.00721791203698319,0.1,25.6671449049533,30.7669232592565,207.918329622699,0,7.14676288263878,28.5870515305551,2.18139733577398,0,400,25,19.0580343537034,64.320865943749,0.918483088746938,2.64063888014745,0.01375,0.011,0.01375,0.01375,0,0,0,0
20/02/2013,0.00220974798445023,0.1,25.6267213655722,37.8854874622468,207.465621088795,0,7.88082510818966,31.5233004327587,2.37033062683964,0,400,25,21.0155336218391,70.927425973707,0.998033948143006,2.86934760091114,0.01375,0.011,0.01375,0.01375,0,0,0,0
21/02/2013,2.24306961334904e-05,0.1,25.5840401548241,37.8854874622467,207.034754296791,0,7.88082510818959,31.5233004327584,2.37033062683963,0,400,25,21.0155336218389,70.9274259737063,0.998033948143001,2.86934760091113,0.01375,0.011,0.01375,0.01375,0,0,0,0
22/02/2013,0.000623102107393411,0.1,25.5391139072529,37.2469709404036,206.625856792401,0,7.79583943008334,31.1833577203334,2.3424336314514,0,400,25,20.7889051468889,70.1625548707501,0.986287844821644,2.83557755386223,0.01375,0.011,0.01375,0.01375,0,0,0,0
23/02/2013,0.0776867094446036,0.1,25.4919559219814,30.9695171086691,206.239049617962,0,7.11010876769282,28.4404350707713,2.17390830002155,0,400,25,18.9602900471809,63.9909789092354,0.915329810535391,2.63157320528925,0.01375,0.011,0.01375,0.01375,0,0,0,0
24/02/2013,2.0764075902752,0.1,25.4425801587739,38.8177949784661,205.874447276606,0,7.67599855552124,30.703994222085,2.50743796161655,0,400,25,20.46932948139,69.0839869996912,1.0557633522596,3.03531963774636,0.01375,0.011,0.01375,0.01375,0,0,0,0
25/02/2013,0.813262623263608,0.1,25.391001233904,36.1267381819162,205.532157698364,0,7.01858834987741,28.0743533995096,2.23127930429056,0,400,25,18.7162355996731,63.1672951488967,0.939486022859182,2.70102231572015,0.01375,0.011,0.01375,0.01375,0,0,0,0
26/02/2013,0.0118171509264394,0.1,25.3372344158281,16.216239487129,205.212282208215,0,2.97665041675954,11.9066016670382,0.830069695832086,0,400,25,7.9377344446921,26.7898537508359,0.349503029824036,1.0048212107441,0.01375,0.011,0.01375,0.01375,0,0,0,0
27/02/2013,0.00533168023452719,0.1,25.2812956206654,7.1556595068094,204.91491549609,0,1.09345407730275,4.37381630921101,0.196547217645922,0,400,25,2.91587753947401,9.84108669572478,0.0827567232193355,0.237925579255589,0.01375,0.011,0.01375,0.01375,0,0,0,0
28/02/2013,0.00347671193214637,0.1,25.2232014074861,6.01543850788709,204.640145588848,0,0.860299749475548,3.44119899790219,0.123568767965591,0,400,25,2.29413266526813,7.74269774527993,0.0520289549328804,0.149583245432031,0.01375,0.011,0.01375,0.01375,0,0,0,0
01/03/2013,0.590706545035869,0.1,25.1629689734102,35.3110615886174,204.388053824211,0,7.25576785277666,29.0230714111066,2.32293922151696,0,400,25,19.3487142740711,65.3019106749899,0.978079672217669,2.8119790576258,0.01375,0.011,0.01375,0.01375,0,0,0,0
02/03/2013,0.619257753801509,0.1,25.1006161485163,34.7741387986982,204.158714826692,0,7.03807382051254,28.1522952820502,2.23565559634267,0,400,25,18.7681968547001,63.3426643846128,0.941328672144282,2.70631993241481,0.01375,0.011,0.01375,0.01375,0,0,0,0
03/03/2013,0.189496088740394,0.1,25.0361613905638,26.0449461095774,203.952196485501,0,5.7943805934037,23.1775223736148,1.71779135972457,0,400,25,15.4516815824099,52.1494253406333,0.723280572515607,2.07943164598237,0.01375,0.011,0.01375,0.01375,0,0,0,0
04/03/2013,0.00972941469474385,0.1,24.9696237795288,18.049741913951,203.768559934448,0,4.647600432188,18.590401728752,1.35744242567168,0,400,25,12.3936011525013,41.828403889692,0.57155470554597,1.64321977844466,0.01375,0.011,0.01375,0.01375,0,0,0,0
05/03/2013,0.0017212650344132,0.1,24.9010230119562,17.8054593302499,203.60785953385,0,3.70883920294765,14.8353568117906,1.03348359839429,0,400,25,9.89023787452706,33.3795528265288,0.435150988797596,1.25105909279309,0.01375,0.011,0.01375,0.01375,0,0,0,0
06/03/2013,1.82058777443704e-05,0.1,24.8303793951287,17.8054593302499,203.470142854435,0,3.70883920294766,14.8353568117906,1.03348359839428,0,400,25,9.89023787452709,33.3795528265289,0.435150988797594,1.25105909279308,0.01375,0.011,0.01375,0.01375,0,0,0,0
07/03/2013,3.1413340161346e-07,0.1,24.7577138410562,17.8054593302499,203.355450663264,0,3.70883920294765,14.8353568117906,1.03348359839429,0,400,25,9.89023787452707,33.3795528265289,0.435150988797594,1.25105909279308,0.01375,0.011,0.01375,0.01375,0,0,0,0
08/03/2013,1.19438295305112e-08,0.1,24.6830478602847,0,203.263816911658,0,0,0,0,0,400,25,0,0,0,0,0.01375,0.011,0.01375,0.01375,0,0,0,0
09/03/2013,0,0.1,24.6064035555288,0,203.195268725153,0,0,0,0,0,400,25,0,0,0,0,0.01375,0.011,0.01375,0.01375,0,0,0,0
10/03/2013,0.00306421983902483,0.1,24.5278036151292,6,203.149826395466,0,3.42857142857143,13.7142857142857,0.612903225806452,0,400,25,9.14285714285714,30.8571428571429,0.258064516129032,0.741935483870968,0.01375,0.011,0.01375,0.01375,0,0,0,0
11/03/2013,2.95190891018064e-05,0.1,24.4472713063363,6.00000000000007,203.127503374491,0,3.42857142857144,13.7142857142857,0.612903225806453,0,400,25,9.14285714285717,30.8571428571429,0.258064516129033,0.74193548387097,0.01375,0.011,0.01375,0.01375,0,0,0,0
12/03/2013,4.66891857627674e-07,0.1,24.3648304684224,6.00000000000004,203.128306270316,0,3.42857142857145,13.7142857142858,0.612903225806456,0,400,25,9.1428571428572,30.8571428571431,0.258064516129034,0.741935483870972,0.01375,0.011,0.01375,0.01375,0,0,0,0
13/03/2013,1.64942502628218e-08,0.1,24.2805055056248,0,203.152234845267,0,0,0,0,0,400,25,0,0,0,0,0.01375,0.011,0.01375,0.01375,0,0,0,0
14/03/2013,0.00942505875499165,0.1,24.1943213799221,6,203.199282015978,0,3.49272888226218,13.9709155290487,0.686304871749417,0,400,25,9.31394368603248,31.4345599403596,0.288970472315544,0.830790107907188,0.01375,0.011,0.01375,0.01375,0,0,0,0
15/03/2013,0.00940380742192303,0.1,24.1063036036443,6.79697582886094,203.269433855488,0,3.62938683900355,14.5175473560142,0.763510771580726,0,400,25,9.67836490400946,32.6644815510319,0.321478219612937,0.924249881387194,0.01375,0.011,0.01375,0.01375,0,0,0,0
16/03/2013,7.3568102733911e-05,0.1,24.016478231921,6.79697582886092,203.362669597364,0,3.62938683900356,14.5175473560142,0.76351077158073,0,400,25,9.67836490400949,32.664481551032,0.321478219612939,0.924249881387199,0.01375,0.011,0.01375,0.01375,0,0,0,0
17/03/2013,9.86718199224168e-07,0.1,23.9248718549683,6.79697582886094,203.478961641847,0,3.62938683900358,14.5175473560143,0.763510771580727,0,400,25,9.67836490400955,32.6644815510322,0.321478219612938,0.924249881387196,0.01375,0.011,0.01375,0.01375,0,0,0,0
18/03/2013,3.03423670286461e-08,0.1,23.8315115902177,0,203.618275564026,0,0,0,0,0,400,25,0,0,0,0,0.01375,0.011,0.01375,0.01375,0,0,0,0
19/03/2013,0,0.1,23.7364250742888,0,203.780570124022,0,0,0,0,0,400,25,0,0,0,0,0.01375,0.011,0.01375,0.01375,0,0,0,0
20/03/2013,0,0.1,23.6396404548081,0,203.965797279202,0,0,0,0,0,400,25,0,0,0,0,0.01375,0.011,0.01375,0.01375,0,0,0,0
21/03/2013,0,0.1,23.5411863820767,0,204.173902198397,0,0,0,0,0,400,25,0,0,0,0,0.01375,0.011,0.01375,0.01375,0,0,0,0
22/03/2013,0,0.1,23.4410920005895,0,204.404823278136,0,0,0,0,0,400,25,0,0,0,0,0.01375,0.011,0.01375,0.01375,0,0,0,0
23/03/2013,0,0.1,23.3393869404073,0,204.658492160877,0,0,0,0,0,400,25,0,0,0,0,0.01375,0.011,0.01375,0.01375,0,0,0,0
24/03/2013,0,0.1,23.2361013083863,0,204.93483375525,0,0,0,0,0,400,25,0,0,0,0,0.01375,0.011,0.01375,0.01375,0,0,0,0
25/03/2013,0,0.1,23.1312656792653,0,205.233766258277,0,0,0,0,0,400,25,0,0,0,0,0.01375,0.011,0.01375,0.01375,0,0,0,0
26/03/2013,0,0.1,23.0249110866152,0,205.555201179595,0,0,0,0,0,400,25,0,0,0,0,0.01375,0.011,0.01375,0.01375,0,0,0,0
27/03/2013,0,0.1,22.9170690136522,0,205.899043367646,0,0,0,0,0,400,25,0,0,0,0,0.01375,0.011,0.01375,0.01375,0,0,0,0
28/03/2013,0,0.1,22.8077713839186,0,206.265191037846,0,0,0,0,0,400,25,0,0,0,0,0.01375,0.011,0.01375,0.01375,0,0,0,0
29/03/2013,0,0.1,22.6970505518319,0,206.653535802714,0,0,0,0,0,400,25,0,0,0,0,0.01375,0.011,0.01375,0.01375,0,0,0,0
30/03/2013,0.000133253290478705,0.1,22.5849392931081,33.7451932719114,207.063962703959,0,7.35443612671152,29.4177445068461,2.20355700072666,0,400,25,19.6118296712307,66.1899251404037,0.927813473990172,2.66746373772174,0.01375,0.011,0.01375,0.01375,0,0,0,0
31/03/2013,2.27843378213114e-06,0.1,22.4714707950588,33.7451932719115,207.496350246509,0,7.35443612671151,29.4177445068461,2.20355700072665,0,400,25,19.6118296712307,66.1899251404036,0.927813473990169,2.66746373772174,0.01375,0.011,0.01375,0.01375,0,0,0,0
01/04/2013,5.99930980382994e-08,0.1,22.3566786467673,0,207.950570434476,0,0,0,0,0,400,25,0,0,0,0,0.01375,0.011,0.01375,0.01375,0,0,0,0
02/04/2013,0,0.1,22.2405968291455,0,208.426488809045,0,0,0,0,0,400,25,0,0,0,0,0.01375,0.011,0.01375,0.01375,0,0,0,0
03/04/2013,3.89053288832176e-05,0.1,22.1232597048746,6.21062473368743,208.923964488279,0,3.45246583113261,13.8098633245304,0.624293747457479,0,400,25,9.20657554968695,31.0721924801935,0.262860525245254,0.755724010080107,0.01375,0.011,0.01375,0.01375,0,0,0,0
04/04/2013,0.0323795065553887,0.1,22.0047020082334,16.4694523532555,209.442850208819,0,5.02054331475051,20.082173259002,1.35251453149396,0,400,25,13.3881155060014,45.1848898327545,0.5694798027343,1.63725443286111,0.01375,0.011,0.01375,0.01375,0,0,0,0
05/04/2013,0.035147082220939,0.1,21.8849588348159,25.5323658836649,209.982992369482,0,6.3507226112174,25.4028904448696,1.88012925705901,0,400,25,16.9352602965797,57.1565035009566,0.791633371393268,2.27594594275565,0.01375,0.011,0.01375,0.01375,0,0,0,0
06/04/2013,0.0413739113658337,0.1,21.7640656311426,25.9578529082385,210.544231076725,0,6.38320058295045,25.5328023318018,1.88682632852714,0,400,25,17.0218682212012,57.4488052465541,0.794453190958798,2.28405292400654,0.01375,0.011,0.01375,0.01375,0,0,0,0
07/04/2013,0.00288028561262358,0.1,21.642058184167,37.2318335881288,211.126400191981,0,7.7948171940888,31.1792687763552,2.34115453529385,0,400,25,20.7861791842368,70.1533547467992,0.985749278018464,2.83402917430308,0.01375,0.011,0.01375,0.01375,0,0,0,0
08/04/2013,0.00193603146670361,0.1,21.5189726106826,17.8726792894697,211.72932738084,0,5.49776700418424,21.991068016737,1.65647398362488,0,400,25,14.660712011158,49.4799030376582,0.697462729947318,2.00520534859854,0.01375,0.011,0.01375,0.01375,0,0,0,0
09/04/2013,0.000622356668728335,0.1,21.3948453466311,34.5992292822774,212.352834164057,0,7.46678636371686,29.8671454548674,2.24011401364879,0,400,25,19.911430303245,67.2010772734517,0.943205900483699,2.71171696389064,0.01375,0.011,0.01375,0.01375,0,0,0,0
10/04/2013,7.95473779125405e-06,0.1,21.2697131363166,34.5992292822776,212.996735970394,0,7.46678636371686,29.8671454548674,2.2401140136488,0,400,25,19.9114303032449,67.2010772734517,0.943205900483705,2.71171696389065,0.01375,0.011,0.01375,0.01375,0,0,0,0
11/04/2013,0.00117610793559452,0.1,21.1436130215288,37.0658634599373,213.660842191253,0,7.77300865511916,31.0920346204766,2.33524998866134,0,400,25,20.7280230803178,69.9570778960724,0.983263153120566,2.82688156522163,0.01375,0.011,0.01375,0.01375,0,0,0,0
12/04/2013,1.350401402828e-05,0.1,21.0165823305776,37.0658634599375,214.3449562371,0,7.77300865511914,31.0920346204766,2.33524998866133,0,400,25,20.7280230803177,69.9570778960723,0.983263153120561,2.82688156522161,0.01375,0.011,0.01375,0.01375,0,0,0,0
13/04/2013,2.55640448467768e-07,0.1,20.8886586672431,37.0658634599373,215.04887559566,0,7.77300865511918,31.0920346204767,2.33524998866134,0,400,25,20.7280230803178,69.9570778960726,0.983263153120562,2.82688156522162,0.01375,0.011,0.01375,0.01375,0,0,0,0
14/04/2013,0,0.1,20.7598798996444,0,215.772391891864,0,0,0,0,0,400,25,0,0,0,0,0.01375,0.011,0.01375,0.01375,0,0,0,0
15/04/2013,0,0.1,20.6302841490292,0,216.515290949537,0,0,0,0,0,400,25,0,0,0,0,0.01375,0.011,0.01375,0.01375,0,0,0,0
16/04/2013,0.0960963552929603,0.1,20.49990977849,32.2255264657563,217.277352854791,0,7.22722072579143,28.9088829031657,2.22615815560345,0,400,25,19.2725886021105,65.0449865321229,0.937329749727767,2.69482303046733,0.01375,0.011,0.01375,0.01375,0,0,0,0
17/04/2013,0.0486362005488062,0.1,20.3687953816071,30.0089400453769,218.058352021133,0,6.81782300472602,27.2712920189041,2.04012011685437,0,400,25,18.1808613459361,61.3604070425342,0.858997943938683,2.46961908882371,0.01375,0.011,0.01375,0.01375,0,0,0,0
18/04/2013,0.00955185728937714,0.1,20.2369797710241,29.6820312088296,218.858057256235,0,7.09049101336011,28.3619640534404,2.18506773337472,0,400,25,18.907976035627,63.814419120241,0.920028519315671,2.64508199303256,0.01375,0.011,0.01375,0.01375,0,0,0,0
19/04/2013,0.00269181293148774,0.1,20.104501966959,38.2896083147931,219.676231830379,0,7.93411636959845,31.7364654783938,2.38772085059773,0,400,25,21.1576436522625,71.407047326386,1.0053561476201,2.89039892440778,0.01375,0.011,0.01375,0.01375,0,0,0,0
20/04/2013,0.0183145088656663,0.1,19.9714011856532,25.971318027522,220.512633546526,0,6.484749946384,25.938999785536,1.94477205115249,0,400,25,17.2926665236907,58.362749517456,0.818851389958944,2.35419774613196,0.01375,0.011,0.01375,0.01375,0,0,0,0
21/04/2013,0.233385089777153,0.1,19.8377168277622,35.2759985182578,221.367014812022,0,7.33357744244088,29.3343097697635,2.32090828551851,0,400,25,19.5562065131757,66.002196981968,0.977224541270952,2.80952055615399,0.01375,0.011,0.01375,0.01375,0,0,0,0
22/04/2013,0.101413376106926,0.1,19.703488466693,31.0876816244709,222.239122711881,0,6.13974797053358,24.5589918821343,1.82911339331494,0,400,25,16.3726612547562,55.2577317348023,0.770153007711552,2.21418989717071,0.01375,0.011,0.01375,0.01375,0,0,0,0
23/04/2013,0.00233017203482038,0.1,19.5687558368887,14.0387937444032,223.128699083657,0,2.5005602068503,10.0022408274012,0.648271394289912,0,400,25,6.66816055160081,22.5050418616527,0.272956376543121,0.784749582561472,0.01375,0.011,0.01375,0.01375,0,0,0,0
24/04/2013,0.000616390363275849,0.1,19.4335588220669,6.28970579849811,224.035480593869,0,0.916369098131329,3.66547639252532,0.141525733576502,0,400,25,2.44365092835021,8.24732188318196,0.0595897825585274,0.171320624855766,0.01375,0.011,0.01375,0.01375,0,0,0,0
25/04/2013,7.88458785972707e-06,0.1,19.2979374434129,6.28970579849813,224.959198815945,0,0.91636909813133,3.66547639252532,0.141525733576502,0,400,25,2.44365092835021,8.24732188318197,0.0595897825585271,0.171320624855765,0.01375,0.011,0.01375,0.01375,0,0,0,0
26/04/2013,1.64920719400726e-07,0.1,19.1619318477328,6.28970579849812,225.899580309692,0,0.916369098131327,3.66547639252531,0.141525733576502,0,400,25,2.44365092835021,8.24732188318195,0.0595897825585272,0.171320624855766,0.01375,0.011,0.01375,0.01375,0,0,0,0
27/04/2013,0,0.1,19.025582295569,0,226.856346702231,0,0,0,0,0,400,25,0,0,0,0,0.01375,0.011,0.01375,0.01375,0,0,0,0
28/04/2013,0,0.1,18.8889291492823,0,227.829214770406,0,0,0,0,0,400,25,0,0,0,0,0.01375,0.011,0.01375,0.01375,0,0,0,0
29/04/2013,0,0.1,18.7520128611039,0,228.817896524626,0,0,0,0,0,400,25,0,0,0,0,0.01375,0.011,0.01375,0.01375,0,0,0,0
30/04/2013,0.00266208682897832,0.1,18.6148739611606,6,229.82209929411,0,3.44741365360982,13.7896546144393,0.634460352086929,0,400,25,9.19310307629284,31.0267228824883,0.267141200878707,0.768030952526283,0.01375,0.011,0.01375,0.01375,0,0,0,0
01/05/2013,2.63156757168586e-05,0.1,18.4775530454767,5.99999999999999,230.84152581353,0,3.44741365360981,13.7896546144392,0.63446035208693,0,400,25,9.19310307629283,31.0267228824883,0.267141200878707,0.768030952526284,0.01375,0.011,0.01375,0.01375,0,0,0,0
02/05/2013,4.24929711248803e-07,0.1,18.3400907639575,5.99999999999998,231.875874311002,0,3.4474136536098,13.7896546144392,0.634460352086929,0,400,25,9.1931030762928,31.0267228824882,0.267141200878707,0.768030952526282,0.01375,0.011,0.01375,0.01375,0,0,0,0
03/05/2013,1.52762707846617e-08,0.1,18.2025278083553,0,232.924838597422,0,0,0,0,0,400,25,0,0,0,0,0.01375,0.011,0.01375,0.01375,0,0,0,0
04/05/2013,0,0.1,18.0649049002241,0,233.988108157101,0,0,0,0,0,400,25,0,0,0,0,0.01375,0.011,0.01375,0.01375,0,0,0,0
05/05/2013,0,0.1,17.927262778865,0,235.065368239687,0,0,0,0,0,400,25,0,0,0,0,0.01375,0.011,0.01375,0.01375,0,0,0,0
06/05/2013,0,0.1,17.789642189267,0,236.156299953336,0,0,0,0,0,400,25,0,0,0,0,0.01375,0.011,0.01375,0.01375,0,0,0,0
07/05/2013,0.00074346617887983,0.1,17.6520838700448,6,237.260580359109,0,3.42857142857143,13.7142857142857,0.612903225806452,0,400,25,9.14285714285714,30.8571428571429,0.258064516129032,0.741935483870968,0.01375,0.011,0.01375,0.01375,0,0,0,0
08/05/2013,9.28479842766787e-06,0.1,17.5146285413801,6,238.377882566574,0,3.42857142857142,13.7142857142857,0.612903225806451,0,400,25,9.14285714285713,30.8571428571428,0.258064516129032,0.741935483870967,0.01375,0.011,0.01375,0.01375,0,0,0,0
09/05/2013,1.88410501404699e-07,0.1,17.3773168929669,5.99999999999998,239.507875830567,0,3.42857142857141,13.7142857142856,0.612903225806448,0,400,25,9.14285714285709,30.8571428571427,0.258064516129031,0.741935483870963,0.01375,0.011,0.01375,0.01375,0,0,0,0
10/05/2013,0,0.1,17.2401895719671,0,240.650225649104,0,0,0,0,0,400,25,0,0,0,0,0.01375,0.011,0.01375,0.01375,0,0,0,0
11/05/2013,0,0.1,17.1032871709775,0,241.804593862396,0,0,0,0,0,400,25,0,0,0,0,0.01375,0.011,0.01375,0.01375,0,0,0,0
12/05/2013,0,0.1,16.966650216014,0,242.970638752956,0,0,0,0,0,400,25,0,0,0,0,0.01375,0.011,0.01375,0.01375,0,0,0,0
13/05/2013,0,0.1,16.8303191545148,0,244.148015146753,0,0,0,0,0,400,25,0,0,0,0,0.01375,0.011,0.01375,0.01375,0,0,0,0
14/05/2013,0,0.1,16.6943343433671,0,245.33637451539,0,0,0,0,0,400,25,0,0,0,0,0.01375,0.011,0.01375,0.01375,0,0,0,0
15/05/2013,0.000126920850998814,0.1,16.5587360369606,33.8620329193036,246.535365079275,0,7.3691638133576,29.4766552534304,2.2081906793424,0,400,25,19.6511035022869,66.3224743202184,0.929764496565222,2.67307292762501,0.01375,0.011,0.01375,0.01375,0,0,0,0
16/05/2013,2.18951974059513e-06,0.1,16.4235643752715,33.8620329193034,247.744631911759,0,7.36916381335759,29.4766552534304,2.20819067934241,0,400,25,19.6511035022869,66.3224743202183,0.929764496565225,2.67307292762502,0.01375,0.011,0.01375,0.01375,0,0,0,0
17/05/2013,5.80790173018904e-08,0.1,16.2888593719801,0,248.963817044198,0,0,0,0,0,400,25,0,0,0,0,0.01375,0.011,0.01375,0.01375,0,0,0,0
18/05/2013,0,0.1,16.1546609026259,0,250.192559571921,0,0,0,0,0,400,25,0,0,0,0,0.01375,0.011,0.01375,0.01375,0,0,0,0
19/05/2013,0,0.1,16.0210086928035,0,251.430495761065,0,0,0,0,0,400,25,0,0,0,0,0.01375,0.011,0.01375,0.01375,0,0,0,0
20/05/2013,0,0.1,15.8879423064033,0,252.677259156249,0,0,0,0,0,400,25,0,0,0,0,0.01375,0.011,0.01375,0.01375,0,0,0,0
21/05/2013,0,0.1,15.7555011338993,0,253.932480689051,0,0,0,0,0,400,25,0,0,0,0,0.01375,0.011,0.01375,0.01375,0,0,0,0
22/05/2013,0.00825364777943681,0.1,15.623724380689,6,255.19578878726,0,3.52310199419297,14.0924079767719,0.721054324539056,0,400,25,9.39493865118126,31.7079179477368,0.30360182085855,0.872855234968332,0.01375,0.011,0.01375,0.01375,0,0,0,0
23/05/2013,0.145780222642653,0.1,15.4926510554879,34.6836172871935,256.466809484872,0,7.50968448362788,30.0387379345115,2.34624308857524,0,400,25,20.0258252896744,67.587160352651,0.987891826768522,2.8401890019595,0.01375,0.011,0.01375,0.01375,0,0,0,0
24/05/2013,0.462181870606265,0.1,15.3623199587815,37.2962278803622,257.745166532788,0,7.54325521185287,30.1730208474115,2.4122391821166,0,400,25,20.1153472316076,67.8892969066758,1.01567965562804,2.92007900993062,0.01375,0.011,0.01375,0.01375,0,0,0,0
25/05/2013,0.177118890286868,0.1,15.2327696713403,32.8535404636613,259.030481510195,0,6.37529317662391,25.5011727064956,1.93885378498189,0,400,25,17.0007818043304,57.3776385896152,0.816359488413426,2.3470335291886,0.01375,0.011,0.01375,0.01375,0,0,0,0
26/05/2013,0.00500374601959114,0.1,15.1040385427983,10.3308584793292,260.322373936585,0,1.74709359319856,6.98837437279424,0.415503730629818,0,400,25,4.6589162485295,15.723842338787,0.174948939212555,0.502978200236095,0.01375,0.011,0.01375,0.01375,0,0,0,0
27/05/2013,0.0177943187375848,0.1,14.9761646803015,6.01031346632037,261.620461384384,0,2.91131212511768,11.6452485004707,0.586567593392093,0,400,25,7.7634990003138,26.2018091260591,0.246975828796671,0.710055507790428,0.01375,0.011,0.01375,0.01375,0,0,0,0
28/05/2013,0.0527243880312995,0.1,14.8491859372266,19.6362238507697,262.924359592162,0,5.23373184283959,20.9349273713584,1.46510992504452,0,400,25,13.9566182475722,47.1035865855563,0.616888389492428,1.77355411979073,0.01375,0.011,0.01375,0.01375,0,0,0,0
29/05/2013,0.0279490984278524,0.1,14.7231399019762,17.5381791201632,264.23368257838,0,4.83014219224168,19.3205687689667,1.30452363943715,0,400,25,12.8803791793111,43.4712797301751,0.549273111341956,1.57916019510812,0.01375,0.011,0.01375,0.01375,0,0,0,0
30/05/2013,0.0188484179828897,0.1,14.5980638868514,7.33539745959652,265.54804275565,0,3.43300781162461,13.7320312464984,0.742720633652224,0,400,25,9.15468749766562,30.8970703046215,0.312724477327252,0.89908287231585,0.01375,0.011,0.01375,0.01375,0,0,0,0
31/05/2013,0.000129701738960525,0.1,14.4739949170069,7.33539745959641,266.867051045467,0,3.43300781162466,13.7320312464986,0.742720633652227,0,400,25,9.15468749766575,30.8970703046219,0.312724477327254,0.899082872315854,0.01375,0.011,0.01375,0.01375,0,0,0,0
01/06/2013,0.00194123399063974,0.1,14.3509697194906,6.00109868292864,268.190316993389,0,3.2471657071533,12.9886628286132,0.578418710589974,0,400,25,8.65910855240881,29.2244913643797,0.24354472024841,0.700191070714179,0.01375,0.011,0.01375,0.01375,0,0,0,0
02/06/2013,0.00134353858358465,0.1,14.2290247123716,19.7172373141171,269.517448884614,0,5.74982435144825,22.999297405793,1.73814971239072,0,400,25,15.3328649371953,51.7484191630343,0.731852510480304,2.10407596763087,0.01375,0.011,0.01375,0.01375,0,0,0,0
03/06/2013,0.00955596359557146,0.1,14.1081959939597,23.9419984621464,270.848053859939,0,6.23548862863397,24.9419545145359,1.86701702347811,0,400,25,16.6279696763573,56.1193976577058,0.786112430938151,2.26007323894719,0.01375,0.011,0.01375,0.01375,0,0,0,0
04/06/2013,0.0164788875241584,0.1,13.9885193321197,11.8662118253794,272.181738032057,0,4.30319466257286,17.2127786502914,1.0569348668379,0,400,25,11.475185766861,38.7287519631558,0.445025207089644,1.27944747038273,0.01375,0.011,0.01375,0.01375,0,0,0,0
05/06/2013,0.014411441801034,0.1,13.870030153683,6.04763224146336,273.51810660215,0,3.53695274945229,14.1478109978092,0.732381218610484,0,400,25,9.43187399853944,31.8325747450706,0.30837103941494,0.886566738317954,0.01375,0.011,0.01375,0.01375,0,0,0,0
06/06/2013,0.0166157598361609,0.1,13.7527635339609,6.0003005187393,274.856763976763,0,3.53140884722126,14.125635388885,0.732276992028164,0,400,25,9.41709025925669,31.7826796249913,0.308327154538174,0.886440569297251,0.01375,0.011,0.01375,0.01375,0,0,0,0
07/06/2013,0.000117127191639543,0.1,13.6367541863612,6.00030051873942,276.197313884907,0,3.53140884722126,14.1256353888851,0.732276992028162,0,400,25,9.4170902592567,31.7826796249914,0.308327154538174,0.886440569297249,0.01375,0.011,0.01375,0.01375,0,0,0,0
08/06/2013,0.0153284550062042,0.1,13.5220364521127,6.00000002891337,277.539359495362,0,3.53259309865454,14.1303723946182,0.731913129861471,0,400,25,9.42024826307877,31.7933378878909,0.308173949415356,0.886000104569149,0.01375,0.011,0.01375,0.01375,0,0,0,0
09/06/2013,0.00398449535716323,0.1,13.408644290099,6.00000000080003,278.882503534148,0,3.48770112515569,13.9508045006228,0.680552689700372,0,400,25,9.30053633374851,31.3893101264012,0.286548500926473,0.823826940163609,0.01375,0.011,0.01375,0.01375,0,0,0,0
10/06/2013,0.0258248819972461,0.1,13.2966112668063,6.00000000000113,280.226348402127,0,3.5090129660749,14.0360518642996,0.732840144474647,0,400,25,9.35736790953307,31.5811166946741,0.308564271357746,0.88712228015352,0.01375,0.011,0.01375,0.01375,0,0,0,0
11/06/2013,0.0258226796611342,0.1,13.1859705463869,22.6643931503365,281.570496292702,0,5.92732747186899,23.709309887476,1.71779037044977,0,400,25,15.8062065916506,53.3459472468209,0.723280155978851,2.0794304484392,0.01375,0.011,0.01375,0.01375,0,0,0,0
12/06/2013,0.0415118045380394,0.1,13.076754880842,21.2978672905149,282.914549309573,0,5.60406469064031,22.4162587625612,1.57685025312223,0,400,25,14.9441725083742,50.4365822157628,0.663936948683046,1.90881872746376,0.01375,0.011,0.01375,0.01375,0,0,0,0
13/06/2013,0.0276668766468359,0.1,12.9689966003261,28.5721558809526,284.258109584525,0,6.81335191462798,27.2534076585119,2.05982045675754,0,400,25,18.1689384390079,61.3201672316518,0.867292823897911,2.49346686870649,0.01375,0.011,0.01375,0.01375,0,0,0,0
14/06/2013,0.00596466859640466,0.1,12.8627276035769,31.1829387016606,285.600779395208,0,7.12255729095394,28.4902291638158,2.15399022565911,0,400,25,18.9934861092105,64.1030156185855,0.906943252909099,2.60746185211366,0.01375,0.011,0.01375,0.01375,0,0,0,0
15/06/2013,5.0416856888143e-05,0.1,12.7579793484726,31.1829387016608,286.942161282863,0,7.12255729095394,28.4902291638158,2.15399022565912,0,400,25,18.9934861092105,64.1030156185854,0.906943252909104,2.60746185211368,0.01375,0.011,0.01375,0.01375,0,0,0,0
16/06/2013,7.24008987032157e-07,0.1,12.6547828427194,31.182938701661,288.281858169988,0,7.12255729095389,28.4902291638156,2.15399022565912,0,400,25,18.9934861092104,64.103015618585,0.906943252909102,2.60746185211367,0.01375,0.011,0.01375,0.01375,0,0,0,0
17/06/2013,0.000790293074966612,0.1,12.5531686346731,6.00074201394148,289.619473477875,0,3.42868027166722,13.7147210866689,0.612948633852449,0,400,25,9.1431473911126,30.858122445005,0.258083635306294,0.741990451505596,0.01375,0.011,0.01375,0.01375,0,0,0,0
18/06/2013,0.00264885425809439,0.1,12.4531668042954,6.00000276118732,290.954611244008,0,3.46681331510642,13.8672532604257,0.656654939213366,0,400,25,9.24483550695045,31.2013198359578,0.276486290195102,0.794898084310917,0.01375,0.011,0.01375,0.01375,0,0,0,0
19/06/2013,0.0221329126015771,0.1,12.3548069542502,29.8654039961775,292.286876239276,0,7.06342369828519,28.2536947931408,2.16320074290727,0,400,25,18.8357965287605,63.5708132845667,0.910821365434639,2.61861142562459,0.01375,0.011,0.01375,0.01375,0,0,0,0
20/06/2013,0.00945872020170711,0.1,12.2581182011404,29.8603692424947,293.61587408497,0,6.99785129207453,27.9914051682981,2.1256327361959,0,400,25,18.6609367788654,62.9806616286708,0.895003257345644,2.57313436486873,0.01375,0.011,0.01375,0.01375,0,0,0,0
21/06/2013,0.00798940711192894,0.1,12.1631291668888,6.22150023631096,294.941211369524,0,3.55441339329185,14.2176535731674,0.733011732270793,0,400,25,9.47843571544493,31.9897205396267,0.30863651885086,0.887329991696223,0.01375,0.011,0.01375,0.01375,0,0,0,0
22/06/2013,0.0081824312484589,0.1,12.0698679702651,6.00175315209355,296.262495764978,0,3.523312958025,14.0932518321,0.72110679206995,0,400,25,9.39550122140001,31.709816622225,0.303623912450505,0.872918748295203,0.01375,0.011,0.01375,0.01375,0,0,0,0
23/06/2013,0.193036053823067,0.1,11.9783622185626,35.2621881874361,297.579336143113,0,7.32031288960086,29.2812515584035,2.32905835624795,0,400,25,19.520834372269,65.8828160064078,0.980656149999138,2.81938643124752,0.01375,0.011,0.01375,0.01375,0,0,0,0
24/06/2013,0.411392072393572,0.1,11.8886389994256,36.8132387732985,298.891342691233,0,7.34721266926455,29.3888506770582,2.3585079172733,0,400,25,19.5925671180388,66.1249140233809,0.993055965167707,2.85503589985716,0.01375,0.011,0.01375,0.01375,0,0,0,0
25/06/2013,0.866139508823987,0.1,11.8007248728309,37.8464072578624,300.198127027558,0,7.47877771785275,29.915110871411,2.4243657801587,0,400,25,19.9434072476073,67.3089994606747,1.02078559164577,2.93475857598158,0.01375,0.011,0.01375,0.01375,0,0,0,0
26/06/2013,2.50312008598022,0.1,11.7146458632257,38.7689608420634,301.499302316194,0,7.59966025629283,30.3986410251713,2.48087534437421,0,400,25,20.2657606834475,68.3969423066355,1.04457909236809,3.00316489055825,0.01375,0.011,0.01375,0.01375,0,0,0,0
27/06/2013,1.18079267337559,0.1,11.6304274518233,36.5345836999711,302.794483381644,0,7.0645783224685,28.258313289874,2.25888970071057,0,400,25,18.8388755265827,63.5812049022165,0.951111452930765,2.73444542717595,0.01375,0.011,0.01375,0.01375,0,0,0,0
28/06/2013,0.245415956137499,0.1,11.5480945690608,25.3081310015467,304.083286822828,0,5.63797818412572,22.5519127365029,1.67768981132635,0,400,25,15.0346084910019,50.7418036571315,0.706395710032148,2.03088766634243,0.01375,0.011,0.01375,0.01375,0,0,0,0
29/06/2013,1.2635704392525,0.1,11.4676715872185,36.281554575862,305.365331126578,0,7.29608065080583,29.1843226032233,2.35725738101836,0,400,25,19.4562150688155,65.6647258572525,0.992529423586676,2.85352209281169,0.01375,0.011,0.01375,0.01375,0,0,0,0
30/06/2013,0.987593705091739,0.1,11.3891823132057,34.5140277728044,306.640236780576,0,6.8863969745121,27.5455878980484,2.18588709841501,0,400,25,18.3637252653656,61.977572770609,0.920373515122109,2.64607385597606,0.01375,0.011,0.01375,0.01375,0,0,0,0
01/07/2013,0.29898736355553,0.1,11.3126499815131,23.1714475861417,307.907626385693,0,5.33941165061681,21.3576466024672,1.54357852343753,0,400,25,14.2384310683115,48.0547048555513,0.649927799342117,1.86854242310859,0.01375,0.011,0.01375,0.01375,0,0,0,0
02/07/2013,0.133560945548675,0.1,11.238097247335,7.0156084578417,309.167124767712,0,3.37583320234973,13.5033328093989,0.72691690793268,0,400,25,9.0022218729326,30.3824988211475,0.306070277024286,0.879952046444823,0.01375,0.011,0.01375,0.01375,0,0,0,0
03/07/2013,0.112075360057706,0.1,11.1655461798626,6.00583263757535,310.418359088383,0,3.2762558108401,13.1050232433604,0.680376603907039,0,400,25,8.73668216224027,29.4863022975609,0.286474359539806,0.823613783676942,0.01375,0.011,0.01375,0.01375,0,0,0,0
04/07/2013,0.0885521269101367,0.1,11.0950182557516,6.00003678120665,311.660958955797,0,3.30229241224809,13.2091696489923,0.684115965557247,0,400,25,8.80611309932823,29.7206317102328,0.288048827603051,0.828140379358773,0.01375,0.011,0.01375,0.01375,0,0,0,0
05/07/2013,0.0653255901798205,0.1,11.026534352764,6.00000025941113,312.894556534024,0,3.33199500830197,13.3279800332079,0.687340729262279,0,400,25,8.88532002213858,29.9879550747177,0.289406622847275,0.832044040685917,0.01375,0.011,0.01375,0.01375,0,0,0,0
06/07/2013,0.080987175387623,0.1,10.9601147435886,6.00000000115195,314.118786652004,0,3.38519026306037,13.5407610522415,0.702846867130473,0,400,25,9.02717403482764,30.4667123675433,0.295935523002304,0.850814628631625,0.01375,0.011,0.01375,0.01375,0,0,0,0
07/07/2013,0.0900304280139548,0.1,10.8957790898389,6.00000000000549,315.333286911643,0,3.41506000728567,13.6602400291427,0.711218241993204,0,400,25,9.10682668609513,30.735540065571,0.299460312418191,0.8609483982023,0.01375,0.011,0.01375,0.01375,0,0,0,0
08/07/2013,0.0827390812349091,0.1,10.8335464362339,6.00000000000003,316.53769779509,0,3.44083699381899,13.763347975276,0.716572590181395,0,400,25,9.17556531685064,30.9675329443709,0.301714774813219,0.867429977588004,0.01375,0.011,0.01375,0.01375,0,0,0,0
09/07/2013,0.0947080290712997,0.1,10.7734352049594,6,317.731662771168,0,3.45176161227413,13.8070464490965,0.720736289311524,0,400,25,9.20469763273101,31.0658545104671,0.303467911289063,0.872470244956055,0.01375,0.011,0.01375,0.01375,0,0,0,0
10/07/2013,0.0911111913450775,0.1,10.7154631902157,6,318.914828400906,0,3.46687951707817,13.8675180683127,0.724131487891743,0,400,25,9.24501204554178,31.2019156537035,0.304897468585997,0.876580222184742,0.01375,0.011,0.01375,0.01375,0,0,0,0
11/07/2013,0.0822734941993229,0.1,10.6596475529492,6,320.086844442171,0,3.48512576820646,13.9405030728258,0.727629683225453,0,400,25,9.29366871521722,31.3661319138581,0.306370392937033,0.880814879693969,0.01375,0.011,0.01375,0.01375,0,0,0,0
12/07/2013,0.0718924390359535,0.1,10.6060048157731,6,321.247363953343,0,3.50686857093133,14.0274742837253,0.731518668279837,0,400,25,9.35164952248355,31.561817138382,0.308007860328352,0.885522598444013,0.01375,0.011,0.01375,0.01375,0,0,0,0
13/07/2013,0.0825095722908505,0.1,10.5545508580758,6,322.396043396021,0,3.49853769586412,13.9941507834565,0.731308950274839,0,400,25,9.32943385563764,31.486839262777,0.307919558010459,0.885268729280068,0.01375,0.011,0.01375,0.01375,0,0,0,0
14/07/2013,0.0628833863025526,0.1,10.5053009113207,6,323.532542736714,0,3.53505603168824,14.140224126753,0.73713119350755,0,400,25,9.42681608450197,31.8155042851941,0.310371028845284,0.892316707930192,0.01375,0.011,0.01375,0.01375,0,0,0,0
15/07/2013,0.0828219634857622,0.1,10.4582695545372,8.37230638051502,324.656525547499,0,3.84170092196128,15.3668036878451,0.869290385245428,0,400,25,10.2445357918967,34.5753082976515,0.366017004313864,1.05229888740236,0.01375,0.011,0.01375,0.01375,0,0,0,0
16/07/2013,0.0626151793831865,0.1,10.4134707100049,8.05904323249829,325.767659105614,0,3.82459227474466,15.2983690989786,0.856664430335776,0,400,25,10.1989127326524,34.4213304727019,0.360700812772959,1.03701483672226,0.01375,0.011,0.01375,0.01375,0,0,0,0
17/07/2013,0.0620470744293692,0.1,10.3709176391324,8.77675652240518,326.865614491947,0,3.92574313358117,15.7029725343247,0.899781889280445,0,400,25,10.4686483562164,35.3316882022305,0.378855532328608,1.08920965544475,0.01375,0.011,0.01375,0.01375,0,0,0,0
18/07/2013,0.057518789325826,0.1,10.3306229385318,7.18554301522309,327.950066688404,0,3.70276286633548,14.8110514653419,0.805732539142917,0,400,25,9.87403431022794,33.3248657970193,0.339255805954913,0.975360442120374,0.01375,0.011,0.01375,0.01375,0,0,0,0
19/07/2013,0.0458379154565192,0.1,10.2925985362894,6.00838343708479,329.020694674121,0,3.53648146604142,14.1459258641657,0.735506877447109,0,400,25,9.43061724277713,31.8283331943728,0.30968710629352,0.890350430593869,0.01375,0.011,0.01375,0.01375,0,0,0,0
20/07/2013,0.0148038113675835,0.1,10.2568556884352,9.84150983280127,330.077181520497,0,4.11580575528552,16.4632230211421,0.999413465410106,0,400,25,10.9754820140947,37.0422517975697,0.420805669646361,1.20981630023329,0.01375,0.011,0.01375,0.01375,0,0,0,0
21/07/2013,0.0188743546758753,0.1,10.2234049756106,8.16903434952235,331.119214485005,0,3.83563500518188,15.3425400207275,0.856361489020661,0,400,25,10.2283600138184,34.5207150466369,0.360573258535015,1.03664811828817,0.01375,0.011,0.01375,0.01375,0,0,0,0
22/07/2013,0.021823395690297,0.1,10.1922562999366,6.01299229906446,332.146485103776,0,3.52478701473058,14.0991480589223,0.721650832852828,0,400,25,9.39943203928155,31.7230831325752,0.303852982253822,0.873577323979739,0.01375,0.011,0.01375,0.01375,0,0,0,0
23/07/2013,0.0268209001805455,0.1,10.1634188820821,6.00007127893402,333.158689282906,0,3.52820759143501,14.11283036574,0.726888263136613,0,400,25,9.40855357716003,31.7538683229151,0.306058216057521,0.879917371165374,0.01375,0.011,0.01375,0.01375,0,0,0,0
24/07/2013,0.0340052012010745,0.1,10.1369012585347,6.00000036497548,334.155527388481,0,3.53289767964692,14.1315907185877,0.732261393939522,0,400,25,9.42106047905844,31.7960791168222,0.308320586921904,0.886421687400475,0.01375,0.011,0.01375,0.01375,0,0,0,0
25/07/2013,0.0314483658024755,0.1,10.1127112790737,6.00000000245159,335.136704335266,0,3.53204710870386,14.1281884348155,0.731288304760521,0,400,25,9.41879228987697,31.7884239783348,0.307910865162325,0.885243737341684,0.01375,0.011,0.01375,0.01375,0,0,0,0
26/07/2013,0.0343371209783903,0.1,10.0908561044464,6.00000000001415,336.101929674065,0,3.53379661966198,14.1351864786479,0.733289896041931,0,400,25,9.42345765243194,31.8041695769578,0.308753640438708,0.887666716261285,0.01375,0.011,0.01375,0.01375,0,0,0,0
27/07/2013,0.0286412358560316,0.1,10.0713422042482,6.0000000000001,337.050917677694,0,3.53128677340973,14.1251470936389,0.730418416030045,0,400,25,9.41676472909261,31.7815809606876,0.307544596223177,0.884190714141633,0.01375,0.011,0.01375,0.01375,0,0,0,0
28/07/2013,0.0356191376325141,0.1,10.0541753550077,6,337.983387425568,0,3.53498351825064,14.1399340730026,0.734647810127619,0,400,25,9.42662271533505,31.8148516642558,0.309325393737945,0.889310506996592,0.01375,0.011,0.01375,0.01375,0,0,0,0
29/07/2013,0.0210862348648538,0.1,10.0393606384765,6,338.899062886852,0,3.52617607640627,14.1047043056251,0.724571339028252,0,400,25,9.40313620375006,31.7355846876564,0.305082669064527,0.877112673560516,0.01375,0.011,0.01375,0.01375,0,0,0,0
30/07/2013,0.0331657631904075,0.1,10.0269024401251,6,339.797673002179,0,3.53462440034793,14.1384976013917,0.734236948355046,0,400,25,9.42566506759447,31.8116196031313,0.309152399307388,0.88881314800874,0.01375,0.011,0.01375,0.01375,0,0,0,0
31/07/2013,0.02292713482303,0.1,10.0168044478446,6.90891179065701,340.678951763886,0,3.66079289577429,14.6431715830971,0.787030516676598,0,400,25,9.76211438873143,32.9471360619686,0.33138127017962,0.952721151766408,0.01375,0.011,0.01375,0.01375,0,0,0,0
01/08/2013,0.0222394269702957,0.1,10.0090696508551,6.36932437762795,341.542638294759,0,3.58226557398425,14.329062295937,0.751531366399227,0,400,25,9.55270819729134,32.2403901658583,0.316434259536517,0.909748496167486,0.01375,0.011,0.01375,0.01375,0,0,0,0
02/08/2013,0.00736759498362012,0.1,10.0037003388204,6.00747566672791,342.388476925256,0,3.49101341685518,13.9640536674207,0.683589022876771,0,400,25,9.30936911161381,31.4191207516966,0.287826957000746,0.827502501377144,0.01375,0.011,0.01375,0.01375,0,0,0,0
03/08/2013,0.000676374279259477,0.1,10.000698101171,6.00066505082445,343.216217269194,0,3.43412639741902,13.7365055896761,0.619191580989963,0,400,25,9.15767039311739,30.9071375767712,0.260712244627353,0.749547703303639,0.01375,0.011,0.01375,0.01375,0,0,0,0
04/08/2013,8.37603745689382e-06,0.1,10.0000638266329,6.00066505082447,344.025614297865,0,3.43412639741902,13.7365055896761,0.619191580989961,0,400,25,9.15767039311739,30.9071375767712,0.260712244627352,0.749547703303637,0.01375,0.011,0.01375,0.01375,0,0,0,0
05/08/2013,1.73247022343224e-07,0.1,10.0017977029648,6.00066505082448,344.816428412574,0,3.43412639741902,13.7365055896761,0.619191580989959,0,400,25,9.15767039311739,30.9071375767712,0.260712244627351,0.749547703303634,0.01375,0.011,0.01375,0.01375,0,0,0,0
06/08/2013,0,0.1,10.0058992169025,0,345.588425515561,0,0,0,0,0,400,25,0,0,0,0,0.01375,0.011,0.01375,0.01375,0,0,0,0
07/08/2013,0.00546171012466368,0.1,10.0123671543109,6,346.341377079302,0,3.47746242253401,13.909849690136,0.668838728576539,0,400,25,9.27323312675735,31.297161802806,0.281616306769069,0.809646881961074,0.01375,0.011,0.01375,0.01375,0,0,0,0
08/08/2013,0.0455241439609802,0.1,10.0211996005432,18.091453360798,347.075060214155,0,5.24185407475122,20.9674162990049,1.43976295955408,0,400,25,13.9782775326699,47.1766866727609,0.606215982970137,1.74287095103914,0.01375,0.011,0.01375,0.01375,0,0,0,0
09/08/2013,0.0154983219201987,0.1,10.032393941008,16.4294063662935,347.789257734344,0,5.02341830719806,20.0936732287922,1.34572205647055,0,400,25,13.3957821525282,45.2107647647826,0.56661981325076,1.62903196309593,0.01375,0.011,0.01375,0.01375,0,0,0,0
10/08/2013,0.000110313081597264,0.1,10.0459468619428,16.4294063662932,348.483758222246,0,5.0234183071981,20.0936732287924,1.34572205647055,0,400,25,13.3957821525283,45.2107647647829,0.56661981325076,1.62903196309593,0.01375,0.011,0.01375,0.01375,0,0,0,0
11/08/2013,0.00651822756516371,0.1,10.0618543513956,6.00224446534159,349.15835609098,0,3.49340117961835,13.9736047184734,0.686839071429761,0,400,25,9.31573647898228,31.4406106165652,0.289195398496742,0.831436770678132,0.01375,0.011,0.01375,0.01375,0,0,0,0
12/08/2013,5.46645833326592e-05,0.1,10.0801117004118,6.00224446534167,349.812851645262,0,3.49340117961834,13.9736047184734,0.686839071429767,0,400,25,9.31573647898225,31.4406106165651,0.289195398496744,0.83143677067814,0.01375,0.011,0.01375,0.01375,0,0,0,0
13/08/2013,7.73620244963699e-07,0.1,10.1007135044287,6.00224446534171,350.447051140518,0,3.49340117961834,13.9736047184734,0.686839071429769,0,400,25,9.31573647898224,31.4406106165651,0.289195398496745,0.831436770678141,0.01375,0.011,0.01375,0.01375,0,0,0,0
14/08/2013,2.4887276239268e-08,0.1,10.1236536648752,0,351.06076684024,0,0,0,0,0,400,25,0,0,0,0,0.01375,0.011,0.01375,0.01375,0,0,0,0
15/08/2013,0,0.1,10.1489253909769,0,351.653817071558,0,0,0,0,0,400,25,0,0,0,0,0.01375,0.011,0.01375,0.01375,0,0,0,0
16/08/2013,0,0.1,10.1765212017667,0,352.226026279017,0,0,0,0,0,400,25,0,0,0,0,0.01375,0.011,0.01375,0.01375,0,0,0,0
17/08/2013,0,0.1,10.206432928299,0,352.777225076551,0,0,0,0,0,400,25,0,0,0,0,0.01375,0.011,0.01375,0.01375,0,0,0,0
18/08/2013,0,0.1,10.2386517160679,0,353.307250297619,0,0,0,0,0,400,25,0,0,0,0,0.01375,0.011,0.01375,0.01375,0,0,0,0
19/08/2013,0,0.1,10.2731680276286,0,353.815945043506,0,0,0,0,0,400,25,0,0,0,0,0.01375,0.011,0.01375,0.01375,0,0,0,0
20/08/2013,0,0.1,10.3099716454204,0,354.303158729775,0,0,0,0,0,400,25,0,0,0,0,0.01375,0.011,0.01375,0.01375,0,0,0,0
21/08/2013,0,0.1,10.3490516747915,0,354.768747130835,0,0,0,0,0,400,25,0,0,0,0,0.01375,0.011,0.01375,0.01375,0,0,0,0
22/08/2013,0,0.1,10.3903965472238,0,355.212572422639,0,0,0,0,0,400,25,0,0,0,0,0.01375,0.011,0.01375,0.01375,0,0,0,0
23/08/2013,0,0.1,10.4339940237578,0,355.634503223483,0,0,0,0,0,400,25,0,0,0,0,0.01375,0.011,0.01375,0.01375,0,0,0,0
24/08/2013,0,0.1,10.4798311986152,0,356.034414632895,0,0,0,0,0,400,25,0,0,0,0,0.01375,0.011,0.01375,0.01375,0,0,0,0
25/08/2013,0,0.1,10.5278945030197,0,356.412188268613,0,0,0,0,0,400,25,0,0,0,0,0.01375,0.011,0.01375,0.01375,0,0,0,0
26/08/2013,0,0.1,10.5781697092131,0,356.767712301624,0,0,0,0,0,400,25,0,0,0,0,0.01375,0.011,0.01375,0.01375,0,0,0,0
27/08/2013,0,0.1,10.6306419346675,0,357.10088148927,0,0,0,0,0,400,25,0,0,0,0,0.01375,0.011,0.01375,0.01375,0,0,0,0
28/08/2013,0,0.1,10.6852956464909,0,357.4115972064,0,0,0,0,0,400,25,0,0,0,0,0.01375,0.011,0.01375,0.01375,0,0,0,0
29/08/2013,0,0.1,10.7421146660246,0,357.69976747457,0,0,0,0,0,400,25,0,0,0,0,0.01375,0.011,0.01375,0.01375,0,0,0,0
30/08/2013,0,0.1,10.8010821736331,0,357.965306989265,0,0,0,0,0,400,25,0,0,0,0,0.01375,0.011,0.01375,0.01375,0,0,0,0
31/08/2013,0,0.1,10.862180713683,0,358.208137145153,0,0,0,0,0,400,25,0,0,0,0,0.01375,0.011,0.01375,0.01375,0,0,0,0
01/09/2013,0,0.1,10.9253921997097,0,358.428186059355,0,0,0,0,0,400,25,0,0,0,0,0.01375,0.011,0.01375,0.01375,0,0,0,0
02/09/2013,0,0.1,10.9906979197721,0,358.625388592724,0,0,0,0,0,400,25,0,0,0,0,0.01375,0.011,0.01375,0.01375,0,0,0,0
03/09/2013,0,0.1,11.0580785419912,0,358.799686369124,0,0,0,0,0,400,25,0,0,0,0,0.01375,0.011,0.01375,0.01375,0,0,0,0
04/09/2013,0,0.1,11.1275141202729,0,358.951027792715,0,0,0,0,0,400,25,0,0,0,0,0.01375,0.011,0.01375,0.01375,0,0,0,0
05/09/2013,0,0.1,11.1989841002127,0,359.079368063225,0,0,0,0,0,400,25,0,0,0,0,0.01375,0.011,0.01375,0.01375,0,0,0,0
06/09/2013,0,0.1,11.2724673251798,0,359.184669189209,0,0,0,0,0,400,25,0,0,0,0,0.01375,0.011,0.01375,0.01375,0,0,0,0
07/09/2013,0,0.1,11.3479420425803,0,359.2668999993,0,0,0,0,0,400,25,0,0,0,0,0.01375,0.011,0.01375,0.01375,0,0,0,0
08/09/2013,0,0.1,11.4253859102962,0,359.326036151433,0,0,0,0,0,400,25,0,0,0,0,0.01375,0.011,0.01375,0.01375,0,0,0,0
09/09/2013,0,0.1,11.5047760032994,0,359.362060140052,0,0,0,0,0,400,25,0,0,0,0,0.01375,0.011,0.01375,0.01375,0,0,0,0
10/09/2013,0,0.1,11.5860888204375,0,359.374961301293,0,0,0,0,0,400,25,0,0,0,0,0.01375,0.011,0.01375,0.01375,0,0,0,0
11/09/2013,0,0.1,11.6693002913912,0,359.364735816136,0,0,0,0,0,400,25,0,0,0,0,0.01375,0.011,0.01375,0.01375,0,0,0,0
12/09/2013,0,0.1,11.7543857837993,0,359.331386711544,0,0,0,0,0,400,25,0,0,0,0,0.01375,0.011,0.01375,0.01375,0,0,0,0
13/09/2013,0,0.1,11.8413201105505,0,359.274923859559,0,0,0,0,0,400,25,0,0,0,0,0.01375,0.011,0.01375,0.01375,0,0,0,0
14/09/2013,0.0296150693151738,0.1,11.9300775372393,31.7347738400859,359.195363974383,0,7.34411867783597,29.3764747113439,2.26669047976696,0,400,25,19.5843164742293,66.0970681005237,0.954395991480827,2.74388847550738,0.01375,0.011,0.01375,0.01375,0,0,0,0
15/09/2013,0.0057565452662739,0.1,12.0206317897838,37.8609854727699,359.09273060743,0,7.89979489772827,31.5991795909131,2.38210175490005,0,400,25,21.0661197272754,71.0981540795544,1.00299021258949,2.88359686119479,0.01375,0.011,0.01375,0.01375,0,0,0,0
16/09/2013,4.89350677324094e-05,0.1,12.1129560622039,37.8609854727701,358.967054140356,0,7.89979489772825,31.599179590913,2.38210175490007,0,400,25,21.0661197272753,71.0981540795543,1.0029902125895,2.88359686119482,0.01375,0.011,0.01375,0.01375,0,0,0,0
17/09/2013,0.0943937860177673,0.1,12.2070230245555,35.8060686692138,358.818371776061,0,7.83930664368261,31.3572265747304,2.44839885362722,0,400,25,20.904817716487,70.5537597931435,1.03090478047462,2.96385124386454,0.01375,0.011,0.01375,0.01375,0,0,0,0
18/09/2013,0.021457348686815,0.1,12.3028048310218,37.63617118852,358.646727527679,0,7.94781625774815,31.7912650309926,2.41751948907733,0,400,25,21.1941766873284,71.5303463197334,1.0179029427694,2.92647096046204,0.01375,0.011,0.01375,0.01375,0,0,0,0
19/09/2013,0.000143639399569647,0.1,12.4002731281556,37.6361711885203,358.452172205552,0,7.94781625774811,31.7912650309925,2.41751948907736,0,400,25,21.1941766873283,71.5303463197331,1.01790294276941,2.92647096046206,0.01375,0.011,0.01375,0.01375,0,0,0,0
20/09/2013,1.70667819384209e-06,0.1,12.4993990632724,37.6361711885205,358.234763402183,0,7.94781625774816,31.7912650309926,2.41751948907737,0,400,25,21.1941766873284,71.5303463197334,1.01790294276942,2.92647096046208,0.01375,0.011,0.01375,0.01375,0,0,0,0
21/09/2013,4.74115757617062e-08,0.1,12.600153292992,0,357.994565475191,0,0,0,0,0,400,25,0,0,0,0,0.01375,0.011,0.01375,0.01375,0,0,0,0
22/09/2013,0,0.1,12.7025059919243,0,357.73164952826,0,0,0,0,0,400,25,0,0,0,0,0.01375,0.011,0.01375,0.01375,0,0,0,0
23/09/2013,0,0.1,12.8064268614986,0,357.446093390089,0,0,0,0,0,400,25,0,0,0,0,0.01375,0.011,0.01375,0.01375,0,0,0,0
24/09/2013,0,0.1,12.9118851389321,0,357.137981591355,0,0,0,0,0,400,25,0,0,0,0,0.01375,0.011,0.01375,0.01375,0,0,0,0
25/09/2013,0,0.1,13.0188496063369,0,356.807405339689,0,0,0,0,0,400,25,0,0,0,0,0.01375,0.011,0.01375,0.01375,0,0,0,0
26/09/2013,0,0.1,13.1272885999607,0,356.454462492675,0,0,0,0,0,400,25,0,0,0,0,0.01375,0.011,0.01375,0.01375,0,0,0,0
27/09/2013,0,0.1,13.2371700195604,0,356.079257528887,0,0,0,0,0,400,25,0,0,0,0,0.01375,0.011,0.01375,0.01375,0,0,0,0
28/09/2013,0,0.1,13.3484613379039,0,355.681901516956,0,0,0,0,0,400,25,0,0,0,0,0.01375,0.011,0.01375,0.01375,0,0,0,0
29/09/2013,0,0.1,13.4611296103994,0,355.262512082693,0,0,0,0,0,400,25,0,0,0,0,0.01375,0.011,0.01375,0.01375,0,0,0,0
30/09/2013,0,0.1,13.5751414848473,0,354.82121337427,0,0,0,0,0,400,25,0,0,0,0,0.01375,0.011,0.01375,0.01375,0,0,0,0
01/10/2013,0,0.1,13.6904632113135,0,354.35813602547,0,0,0,0,0,400,25,0,0,0,0,0.01375,0.011,0.01375,0.01375,0,0,0,0
02/10/2013,0,0.1,13.8070606521197,0,353.873417117015,0,0,0,0,0,400,25,0,0,0,0,0.01375,0.011,0.01375,0.01375,0,0,0,0
03/10/2013,0,0.1,13.9248992919492,0,353.367200135988,0,0,0,0,0,400,25,0,0,0,0,0.01375,0.011,0.01375,0.01375,0,0,0,0
04/10/2013,0,0.1,14.0439442480639,0,352.839634933357,0,0,0,0,0,400,25,0,0,0,0,0.01375,0.011,0.01375,0.01375,0,0,0,0
05/10/2013,0.000398821305347951,0.1,14.1641602806307,36.9578942170909,352.290877679617,0,7.75939843072575,31.037593722903,2.33096772132296,0,400,25,20.691729148602,69.8345858765318,0.981460093188615,2.82169776791727,0.01375,0.011,0.01375,0.01375,0,0,0,0
06/10/2013,5.58183637291746e-06,0.1,14.2855118031529,36.957894217091,351.721090818561,0,7.75939843072578,31.0375937229031,2.33096772132297,0,400,25,20.6917291486021,69.834585876532,0.981460093188618,2.82169776791728,0.01375,0.011,0.01375,0.01375,0,0,0,0
07/10/2013,1.24476317697068e-07,0.1,14.4079628930047,36.9578942170909,351.13044301919,0,7.75939843072577,31.0375937229031,2.33096772132298,0,400,25,20.6917291486021,69.8345858765319,0.981460093188623,2.82169776791729,0.01375,0.011,0.01375,0.01375,0,0,0,0
08/10/2013,0,0.1,14.5314773020651,0,350.519109125787,0,0,0,0,0,400,25,0,0,0,0,0.01375,0.011,0.01375,0.01375,0,0,0,0
09/10/2013,0,0.1,14.6560184674478,0,349.887270106158,0,0,0,0,0,400,25,0,0,0,0,0.01375,0.011,0.01375,0.01375,0,0,0,0
10/10/2013,0,0.1,14.7815495223251,0,349.235112998059,0,0,0,0,0,400,25,0,0,0,0,0.01375,0.011,0.01375,0.01375,0,0,0,0
11/10/2013,0,0.1,14.908033306841,0,348.562830853834,0,0,0,0,0,400,25,0,0,0,0,0.01375,0.011,0.01375,0.01375,0,0,0,0
12/10/2013,0,0.1,15.0354323791111,0,347.870622683264,0,0,0,0,0,400,25,0,0,0,0,0.01375,0.011,0.01375,0.01375,0,0,0,0
13/10/2013,0,0.1,15.1637090263067,0,347.158693394657,0,0,0,0,0,400,25,0,0,0,0,0.01375,0.011,0.01375,0.01375,0,0,0,0
14/10/2013,0,0.1,15.292825275818,0,346.427253734189,0,0,0,0,0,400,25,0,0,0,0,0.01375,0.011,0.01375,0.01375,0,0,0,0
15/10/2013,0,0.1,15.4227429064953,0,345.676520223521,0,0,0,0,0,400,25,0,0,0,0,0.01375,0.011,0.01375,0.01375,0,0,0,0
16/10/2013,0,0.1,15.553423459963,0,344.906715095704,0,0,0,0,0,400,25,0,0,0,0,0.01375,0.011,0.01375,0.01375,0,0,0,0
17/10/2013,0,0.1,15.6848282520041,0,344.11806622939,0,0,0,0,0,400,25,0,0,0,0,0.01375,0.011,0.01375,0.01375,0,0,0,0
18/10/2013,0,0.1,15.8169183840117,0,343.310807081381,0,0,0,0,0,400,25,0,0,0,0,0.01375,0.011,0.01375,0.01375,0,0,0,0
19/10/2013,0,0.1,15.9496547545038,0,342.485176617513,0,0,0,0,0,400,25,0,0,0,0,0.01375,0.011,0.01375,0.01375,0,0,0,0
20/10/2013,0,0.1,16.0829980706979,0,341.641419241926,0,0,0,0,0,400,25,0,0,0,0,0.01375,0.011,0.01375,0.01375,0,0,0,0
21/10/2013,0,0.1,16.2169088601428,0,340.779784724706,0,0,0,0,0,400,25,0,0,0,0,0.01375,0.011,0.01375,0.01375,0,0,0,0
22/10/2013,0,0.1,16.3513474824032,0,339.900528127956,0,0,0,0,0,400,25,0,0,0,0,0.01375,0.011,0.01375,0.01375,0,0,0,0
23/10/2013,0,0.1,16.486274140794,0,339.003909730285,0,0,0,0,0,400,25,0,0,0,0,0.01375,0.011,0.01375,0.01375,0,0,0,0
24/10/2013,0.00227208826170272,0.1,16.6216488941613,39.0649145173197,338.090194949768,0,8.02498922487223,32.0999568994889,2.41452886795442,0,400,25,21.3999712663259,72.2249030238501,1.01664373387555,2.9228507348922,0.01375,0.011,0.01375,0.01375,0,0,0,0
25/10/2013,2.312259169837e-05,0.1,16.7574316687051,39.06491451732,337.159654265367,0,8.02498922487221,32.0999568994888,2.4145288679544,0,400,25,21.3999712663259,72.2249030238499,1.01664373387554,2.92285073489217,0.01375,0.011,0.01375,0.01375,0,0,0,0
26/10/2013,3.82169712335552e-07,0.1,16.893582269843,39.0649145173202,336.212563136873,0,8.02498922487218,32.0999568994887,2.41452886795441,0,400,25,21.3999712663258,72.2249030238497,1.01664373387554,2.92285073489218,0.01375,0.011,0.01375,0.01375,0,0,0,0
27/10/2013,1.40119196561584e-08,0.1,17.0300603941077,0,335.249201923357,0,0,0,0,0,400,25,0,0,0,0,0.01375,0.011,0.01375,0.01375,0,0,0,0
28/10/2013,0,0.1,17.1668256410784,0,334.269855800181,0,0,0,0,0,400,25,0,0,0,0,0.01375,0.011,0.01375,0.01375,0,0,0,0
29/10/2013,0,0.1,17.3038375253397,0,333.27481467458,0,0,0,0,0,400,25,0,0,0,0,0.01375,0.011,0.01375,0.01375,0,0,0,0
30/10/2013,0,0.1,17.4410554884664,0,332.264373099842,0,0,0,0,0,400,25,0,0,0,0,0.01375,0.011,0.01375,0.01375,0,0,0,0
31/10/2013,0.000494618910296448,0.1,17.5784389110296,38.1776724593711,331.238830188116,0,7.91315199067703,31.6526079627081,2.37934222846462,0,400,25,21.1017386418054,71.2183679160933,1.00182830672195,2.8802563818256,0.01375,0.011,0.01375,0.01375,0,0,0,0
01/11/2013,6.65534548719572e-06,0.1,17.7159471246209,38.1776724593712,330.198489521866,0,7.91315199067702,31.6526079627081,2.37934222846465,0,400,25,21.1017386418054,71.2183679160931,1.00182830672196,2.88025638182563,0.01375,0.011,0.01375,0.01375,0,0,0,0
02/11/2013,1.43653201505525e-07,0.1,17.853539423891,38.1776724593712,329.143659064006,0,7.91315199067706,31.6526079627082,2.37934222846464,0,400,25,21.1017386418055,71.2183679160935,1.00182830672195,2.88025638182561,0.01375,0.011,0.01375,0.01375,0,0,0,0
03/11/2013,2.00778180089908e-23,0.1,17.9911750785997,0,328.074651066735,0,0,0,0,0,400,25,0,0,0,0,0.01375,0.011,0.01375,0.01375,0,0,0,0
04/11/2013,0,0.1,18.1288133456723,0,326.991781979106,0,0,0,0,0,400,25,0,0,0,0,0.01375,0.011,0.01375,0.01375,0,0,0,0
05/11/2013,0,0.1,18.2664134812612,0,325.895372353347,0,0,0,0,0,400,25,0,0,0,0,0.01375,0.011,0.01375,0.01375,0,0,0,0
06/11/2013,0,0.1,18.4039347528061,0,324.785746749974,0,0,0,0,0,400,25,0,0,0,0,0.01375,0.011,0.01375,0.01375,0,0,0,0
07/11/2013,0,0.1,18.5413364510926,0,323.663233641712,0,0,0,0,0,400,25,0,0,0,0,0.01375,0.011,0.01375,0.01375,0,0,0,0
08/11/2013,0,0.1,18.678577902302,0,322.528165316262,0,0,0,0,0,400,25,0,0,0,0,0.01375,0.011,0.01375,0.01375,0,0,0,0
09/11/2013,0,0.1,18.8156184800527,0,321.380877777935,0,0,0,0,0,400,25,0,0,0,0,0.01375,0.011,0.01375,0.01375,0,0,0,0
10/11/2013,0,0.1,18.9524176174254,0,320.221710648189,0,0,0,0,0,400,25,0,0,0,0,0.01375,0.011,0.01375,0.01375,0,0,0,0
11/11/2013,0.125518206829921,0.1,19.0889348189725,36.460393392679,319.05100706509,0,7.84886353078705,31.3954541231482,2.46432014695652,0,400,25,20.9303027487655,70.6397717770835,1.03760848292906,2.98312438842105,0.01375,0.011,0.01375,0.01375,0,0,0,0
12/11/2013,0.125675833484778,0.1,19.2251296727055,36.719203215321,317.869113581744,0,7.73099532968456,30.9239813187382,2.40114392914455,0,400,25,20.6159875458255,69.578957967161,1.01100797016612,2.90664791422761,0.01375,0.011,0.01375,0.01375,0,0,0,0
13/11/2013,0.024562815948334,0.1,19.3609618620575,37.6683534418366,316.676380063702,0,8.06719851713922,32.2687940685569,2.48595112987531,0,400,25,21.5125293790379,72.604786654253,1.04671626521066,3.00930926248064,0.01375,0.011,0.01375,0.01375,0,0,0,0
14/11/2013,0.00458883434873697,0.1,19.496391177818,39.4398326607991,315.473159585395,0,8.07989348138456,32.3195739255383,2.43383989984091,0,400,25,21.5463826170255,72.7190413324611,1.02477469466986,2.94622724717584,0.01375,0.011,0.01375,0.01375,0,0,0,0
15/11/2013,4.06401229930961e-05,0.1,19.6313775300357,39.4398326607992,314.259808325618,0,8.07989348138462,32.3195739255385,2.43383989984091,0,400,25,21.5463826170257,72.7190413324616,1.02477469466986,2.94622724717584,0.01375,0.011,0.01375,0.01375,0,0,0,0
16/11/2013,6.06772966335444e-07,0.1,19.7658809598859,39.4398326607994,313.036685462092,0,8.07989348138459,32.3195739255384,2.43383989984091,0,400,25,21.5463826170256,72.7190413324613,1.02477469466986,2.94622724717584,0.01375,0.011,0.01375,0.01375,0,0,0,0
17/11/2013,0.0493500591654841,0.1,19.899861651499,32.8983244146906,311.80415306514,0,7.37580453949091,29.5032181579637,2.27509427120202,0,400,25,19.6688121053091,66.3822408554182,0.957934429979797,2.75406148619192,0.01375,0.011,0.01375,0.01375,0,0,0,0
18/11/2013,0.0326992433775862,0.1,20.0332799437473,35.0963647769586,310.562575990505,0,7.69432170534447,30.7772868213779,2.37572166787556,0,400,25,20.5181912142519,69.2488953481002,1.00030386015813,2.87587359795463,0.01375,0.011,0.01375,0.01375,0,0,0,0
19/11/2013,0.0250539855627138,0.1,20.166096341985,35.9428550476865,309.31232177135,0,7.93893517903238,31.7557407161295,2.46678226604342,0,400,25,21.170493810753,71.4504166112914,1.03864516464986,2.98610484836835,0.01375,0.011,0.01375,0.01375,0,0,0,0
20/11/2013,0.00566381288601909,0.1,20.2982715297398,39.4882155198395,308.053760509454,0,8.08726092041777,32.3490436816711,2.43642086476599,0,400,25,21.5660291211141,72.78534828376,1.02586141674357,2.94935157313777,0.01375,0.011,0.01375,0.01375,0,0,0,0
21/11/2013,4.83427734043822e-05,0.1,20.4297663803513,39.4882155198398,306.787264765657,0,8.08726092041777,32.3490436816711,2.43642086476597,0,400,25,21.566029121114,72.7853482837599,1.02586141674357,2.94935157313775,0.01375,0.011,0.01375,0.01375,0,0,0,0
22/11/2013,7.42002769957431e-05,0.1,20.5605419685534,37.6054550299195,305.513209449576,0,7.84110887544074,31.3644355017629,2.35669772356258,0,400,25,20.909623667842,70.5699798789666,0.99229377834214,2.85284461273365,0.01375,0.011,0.01375,0.01375,0,0,0,0
23/11/2013,0.214554706539134,0.1,20.6905595819968,36.3144176022728,304.231971708621,0,7.64767013583569,30.5906805433428,2.4137339144108,0,400,25,20.3937870288952,68.8290312225212,1.01630901659402,2.92188842270781,0.01375,0.011,0.01375,0.01375,0,0,0,0
24/11/2013,0.0587472082013599,0.1,20.8197807327088,34.3306979642438,302.94393081635,0,6.67852051399471,26.7140820559788,2.00106787144416,0,400,25,17.8093880373192,60.1066846259524,0.842554893239647,2.42234531806399,0.01375,0.011,0.01375,0.01375,0,0,0,0
25/11/2013,0.000327329945755487,0.1,20.9481671684868,34.3306979642446,301.649468060202,0,6.67852051399477,26.7140820559791,2.0010678714442,0,400,25,17.8093880373194,60.1066846259529,0.842554893239665,2.42234531806404,0.01375,0.011,0.01375,0.01375,0,0,0,0
26/11/2013,3.34903604130464e-06,0.1,21.0756808842214,34.3306979642448,300.348966628621,0,6.67852051399481,26.7140820559792,2.0010678714442,0,400,25,17.8093880373195,60.1066846259533,0.842554893239662,2.42234531806403,0.01375,0.011,0.01375,0.01375,0,0,0,0
27/11/2013,8.21044223874358e-08,0.1,21.2022841331467,0,299.042811497628,0,0,0,0,0,400,25,0,0,0,0,0.01375,0.011,0.01375,0.01375,0,0,0,0
28/11/2013,0,0.1,21.3279394380145,0,297.73138931686,0,0,0,0,0,400,25,0,0,0,0,0.01375,0.011,0.01375,0.01375,0,0,0,0
29/11/2013,0,0.1,21.4526096021881,0,296.41508829511,0,0,0,0,0,400,25,0,0,0,0,0.01375,0.011,0.01375,0.01375,0,0,0,0
30/11/2013,0,0.1,21.5762577206533,0,295.094298085414,0,0,0,0,0,400,25,0,0,0,0,0.01375,0.011,0.01375,0.01375,0,0,0,0
01/12/2013,0.00119074402914691,0.1,21.6988471909432,38.9001763663012,293.769409669701,0,8.00422391171863,32.0168956468745,2.40799560921384,0,400,25,21.3445970979164,72.0380152054677,1.01389288809004,2.91494205325886,0.01375,0.011,0.01375,0.01375,0,0,0,0
02/12/2013,1.36416623407421e-05,0.1,21.8203417239731,38.9001763663009,292.440815243058,0,8.00422391171858,32.0168956468743,2.40799560921383,0,400,25,21.3445970979162,72.0380152054672,1.01389288809003,2.91494205325884,0.01375,0.011,0.01375,0.01375,0,0,0,0
03/12/2013,2.57761068935822e-07,0.1,21.9407053547832,38.900176366301,291.108908097629,0,8.0042239117186,32.0168956468744,2.40799560921383,0,400,25,21.3445970979163,72.0380152054674,1.01389288809003,2.91494205325885,0.01375,0.011,0.01375,0.01375,0,0,0,0
04/12/2013,4.01556360179816e-23,0.1,22.0599024531845,0,289.774082506192,0,0,0,0,0,400,25,0,0,0,0,0.01375,0.011,0.01375,0.01375,0,0,0,0
05/12/2013,0,0.1,22.1778977343065,0,288.436733605447,0,0,0,0,0,400,25,0,0,0,0,0.01375,0.011,0.01375,0.01375,0,0,0,0
06/12/2013,0.00252421309225184,0.1,22.294656269042,39.3574327973425,287.097257279049,0,8.06186127697594,32.2474451079038,2.42612968778834,0,400,25,21.4982967386025,72.5567514927835,1.02152828959509,2.93689383258589,0.01375,0.011,0.01375,0.01375,0,0,0,0
07/12/2013,2.51973606288538e-05,0.1,22.4101434943871,39.3574327973422,285.756050040415,0,8.06186127697593,32.2474451079037,2.42612968778837,0,400,25,21.4982967386025,72.5567514927833,1.0215282895951,2.93689383258592,0.01375,0.011,0.01375,0.01375,0,0,0,0
08/12/2013,4.1006687672342e-07,0.1,22.5243252236724,39.3574327973424,284.413508915348,0,8.06186127697597,32.2474451079039,2.42612968778837,0,400,25,21.4982967386026,72.5567514927837,1.0215282895951,2.93689383258592,0.01375,0.011,0.01375,0.01375,0,0,0,0
09/12/2013,1.48395985506725e-08,0.1,22.637167656683,0,283.070031324511,0,0,0,0,0,400,25,0,0,0,0,0.01375,0.011,0.01375,0.01375,0,0,0,0
10/12/2013,0,0.1,22.7486373896641,0,281.726014965779,0,0,0,0,0,400,25,0,0,0,0,0.01375,0.011,0.01375,0.01375,0,0,0,0
11/12/2013,0,0.1,22.8587014252095,0,280.381857696517,0,0,0,0,0,400,25,0,0,0,0,0.01375,0.011,0.01375,0.01375,0,0,0,0
12/12/2013,0,0.1,22.9673271820289,0,279.037957415799,0,0,0,0,0,400,25,0,0,0,0,0.01375,0.011,0.01375,0.01375,0,0,0,0
13/12/2013,0,0.1,23.0744825045931,0,277.694711946626,0,0,0,0,0,400,25,0,0,0,0,0.01375,0.011,0.01375,0.01375,0,0,0,0
14/12/2013,0,0.1,23.180135672653,0,276.352518918163,0,0,0,0,0,400,25,0,0,0,0,0.01375,0.011,0.01375,0.01375,0,0,0,0
15/12/2013,0,0.1,23.2842554106286,0,275.011775648026,0,0,0,0,0,400,25,0,0,0,0,0.01375,0.011,0.01375,0.01375,0,0,0,0
16/12/2013,0,0.1,23.3868108968681,0,273.672879024676,0,0,0,0,0,400,25,0,0,0,0,0.01375,0.011,0.01375,0.01375,0,0,0,0
17/12/2013,0,0.1,23.4877717727713,0,272.336225389925,0,0,0,0,0,400,25,0,0,0,0,0.01375,0.011,0.01375,0.01375,0,0,0,0
18/12/2013,0,0.1,23.5871081517765,0,271.002210421614,0,0,0,0,0,400,25,0,0,0,0,0.01375,0.011,0.01375,0.01375,0,0,0,0
19/12/2013,0,0.1,23.6847906282074,0,269.671229016481,0,0,0,0,0,400,25,0,0,0,0,0.01375,0.011,0.01375,0.01375,0,0,0,0
20/12/2013,0,0.1,23.7807902859783,0,268.343675173266,0,0,0,0,0,400,25,0,0,0,0,0.01375,0.011,0.01375,0.01375,0,0,0,0
21/12/2013,0,0.1,23.8750787071532,0,267.019941876079,0,0,0,0,0,400,25,0,0,0,0,0.01375,0.011,0.01375,0.01375,0,0,0,0
22/12/2013,0,0.1,23.9676279803587,0,265.700420978066,0,0,0,0,0,400,25,0,0,0,0,0.01375,0.011,0.01375,0.01375,0,0,0,0
23/12/2013,0,0.1,24.0584107090458,0,264.385503085413,0,0,0,0,0,400,25,0,0,0,0,0.01375,0.011,0.01375,0.01375,0,0,0,0
24/12/2013,0,0.1,24.1474000196006,0,263.07557744172,0,0,0,0,0,400,25,0,0,0,0,0.01375,0.011,0.01375,0.01375,0,0,0,0
25/12/2013,0,0.1,24.2345695692986,0,261.771031812774,0,0,0,0,0,400,25,0,0,0,0,0.01375,0.011,0.01375,0.01375,0,0,0,0
26/12/2013,0.0321886891400883,0.1,24.3198935541034,36.458144191621,260.472252371766,0,8.05823194526367,32.2329277810547,2.51812914248343,0,400,25,21.4886185207031,72.524087507373,1.06026490209829,3.04826159353257,0.01375,0.011,0.01375,0.01375,0,0,0,0
27/12/2013,0.0382952401222714,0.1,24.4033467163048,37.3357162494199,259.17962358497,0,8.08430924472332,32.3372369788933,2.50457118110849,0,400,25,21.5581579859289,72.7587832025099,1.05455628678252,3.03184932449976,0.01375,0.011,0.01375,0.01375,0,0,0,0
28/12/2013,0.00529584704403695,0.1,24.484904351996,39.5995891229724,257.893528097937,0,8.10453969879151,32.418158795166,2.44268613635582,0,400,25,21.612105863444,72.9408572891236,1.02849942583403,2.95693584927283,0.01375,0.011,0.01375,0.01375,0,0,0,0
29/12/2013,4.55684372998006e-05,0.1,24.5645423183859,39.5995891229728,256.614346622224,0,8.10453969879152,32.4181587951661,2.44268613635582,0,400,25,21.612105863444,72.9408572891237,1.02849942583403,2.95693584927284,0.01375,0.011,0.01375,0.01375,0,0,0,0
30/12/2013,6.66441879458233e-07,0.1,24.6422370409468,39.5995891229727,255.342457822691,0,8.1045396987915,32.418158795166,2.44268613635582,0,400,25,21.612105863444,72.9408572891235,1.02849942583403,2.95693584927283,0.01375,0.011,0.01375,0.01375,0,0,0,0
31/12/2013,2.20404865787525e-08,0.1,24.7179655203918,0,254.078238205414,0,0,0,0,0,400,25,0,0,0,0,0.01375,0.011,0.01375,0.01375,0,0,0,0
01/01/2014,0,0.1,24.8051371179797,0,252.59041410873,0,0,0,0,0,400,25,0,0,0,0,0.01375,0.011,0.01375,0.01375,0,0,0,0
02/01/2014,0,0.1,24.8764918925008,0,251.344251726306,0,0,0,0,0,400,25,0,0,0,0,0.01375,0.011,0.01375,0.01375,0,0,0,0
03/01/2014,0,0.1,24.9458110794992,0,250.106942079986,0,0,0,0,0,400,25,0,0,0,0,0.01375,0.011,0.01375,0.01375,0,0,0,0
04/01/2014,0,0.1,25.0130741590243,0,248.878851439682,0,0,0,0,0,400,25,0,0,0,0,0.01375,0.011,0.01375,0.01375,0,0,0,0
05/01/2014,0,0.1,25.0782612197774,0,247.660343346284,0,0,0,0,0,400,25,0,0,0,0,0.01375,0.011,0.01375,0.01375,0,0,0,0
06/01/2014,0,0.1,25.1413529650052,0,246.451778504046,0,0,0,0,0,400,25,0,0,0,0,0.01375,0.011,0.01375,0.01375,0,0,0,0
07/01/2014,0,0.1,25.2023307182122,0,245.253514673805,0,0,0,0,0,400,25,0,0,0,0,0.01375,0.011,0.01375,0.01375,0,0,0,0
08/01/2014,4.19481941776479e-05,0.1,25.2611764286895,37.3965909173924,244.065906567085,0,7.81469633412509,31.2587853365003,2.34836574985484,0,400,25,20.8391902243336,70.3322670071258,0.988785578886248,2.84275853929796,0.01375,0.011,0.01375,0.01375,0,0,0,0
09/01/2014,0.00130194024810545,0.1,25.317872676858,39.1034585628292,242.889305741087,0,8.02984771800368,32.1193908720147,2.41605746482568,0,400,25,21.4129272480098,72.2686294620331,1.01728735361081,2.92470114163108,0.01375,0.011,0.01375,0.01375,0,0,0,0
10/01/2014,1.46706758086608e-05,0.1,25.3724026794253,39.1034585628296,241.724060494622,0,8.02984771800373,32.1193908720149,2.41605746482568,0,400,25,21.41292724801,72.2686294620336,1.01728735361081,2.92470114163109,0.01375,0.011,0.01375,0.01375,0,0,0,0
11/01/2014,2.73491666814794e-07,0.1,25.4247502943533,39.1034585628292,240.570515765012,0,8.0298477180037,32.1193908720148,2.41605746482567,0,400,25,21.4129272480099,72.2686294620333,1.01728735361081,2.92470114163107,0.01375,0.011,0.01375,0.01375,0,0,0,0
12/01/2014,0,0.1,25.4749000256372,0,239.429013025974,0,0,0,0,0,400,25,0,0,0,0,0.01375,0.011,0.01375,0.01375,0,0,0,0
13/01/2014,0,0.1,25.5228370278924,0,238.299890186543,0,0,0,0,0,400,25,0,0,0,0,0.01375,0.011,0.01375,0.01375,0,0,0,0
14/01/2014,0,0.1,25.5685471107489,0,237.18348149104,0,0,0,0,0,400,25,0,0,0,0,0.01375,0.011,0.01375,0.01375,0,0,0,0
15/01/2014,0,0.1,25.6120167430522,0,236.08011742013,0,0,0,0,0,400,25,0,0,0,0,0.01375,0.011,0.01375,0.01375,0,0,0,0
16/01/2014,0,0.1,25.6532330568687,0,234.990124592991,0,0,0,0,0,400,25,0,0,0,0,0.01375,0.011,0.01375,0.01375,0,0,0,0
17/01/2014,0,0.1,25.6921838512949,0,233.91382567063,0,0,0,0,0,400,25,0,0,0,0,0.01375,0.011,0.01375,0.01375,0,0,0,0
18/01/2014,0,0.1,25.7288575960691,0,232.851539260369,0,0,0,0,0,400,25,0,0,0,0,0.01375,0.011,0.01375,0.01375,0,0,0,0
19/01/2014,0,0.1,25.7632434349846,0,231.803579821526,0,0,0,0,0,400,25,0,0,0,0,0.01375,0.011,0.01375,0.01375,0,0,0,0
20/01/2014,0,0.1,25.7953311891033,0,230.770257572335,0,0,0,0,0,400,25,0,0,0,0,0.01375,0.011,0.01375,0.01375,0,0,0,0
21/01/2014,0.00577894485414247,0.1,25.8251113597692,32.7557794531287,229.751878398107,0,7.51622992255799,30.064919690232,2.32821433018086,0,400,25,20.043279793488,67.6460693030219,0.980300770602468,2.8183647154821,0.01375,0.011,0.01375,0.01375,0,0,0,0
22/01/2014,0.00275028760300879,0.1,25.8525751314198,39.3739622254873,228.74874376069,0,8.06913201721933,32.2765280688773,2.42975252005418,0,400,25,21.5176853792515,72.622188154974,1.02305369265439,2.94127936638138,0.01375,0.011,0.01375,0.01375,0,0,0,0
23/01/2014,0.000107221044474838,0.1,25.8777143741959,38.4121320442188,227.761150609223,0,7.94400607003753,31.7760242801501,2.38938438701678,0,400,25,21.1840161867667,71.4960546303378,1.00605658400707,2.89241267902032,0.01375,0.011,0.01375,0.01375,0,0,0,0
24/01/2014,0.000189535838456446,0.1,25.9005216463481,38.3675551939007,226.789391292236,0,7.9370990625861,31.7483962503444,2.38687970319782,0,400,25,21.1655975002296,71.4338915632749,1.00500198029382,2.88938069334473,0.01375,0.011,0.01375,0.01375,0,0,0,0
25/01/2014,3.03074921942087e-06,0.1,25.9209901964399,38.3675551939009,225.833753471109,0,7.9370990625861,31.7483962503444,2.38687970319782,0,400,25,21.1655975002296,71.4338915632749,1.00500198029382,2.88938069334473,0.01375,0.011,0.01375,0.01375,0,0,0,0
26/01/2014,0.00256337803584128,0.1,25.9391139653462,39.5048909181145,224.894520034914,0,8.08044843541522,32.3217937416609,2.43197764762192,0,400,25,21.5478624944406,72.724035918737,1.02399058847239,2.94397294185811,0.01375,0.011,0.01375,0.01375,0,0,0,0
27/01/2014,2.55159380444644e-05,0.1,25.9548875880467,39.5048909181149,223.971969016682,0,8.08044843541523,32.3217937416609,2.43197764762193,0,400,25,21.5478624944406,72.7240359187371,1.02399058847239,2.94397294185813,0.01375,0.011,0.01375,0.01375,0,0,0,0
28/01/2014,4.14312839816784e-07,0.1,25.9683063952143,39.5048909181151,223.066373511089,0,8.08044843541526,32.321793741661,2.43197764762193,0,400,25,21.5478624944407,72.7240359187374,1.02399058847239,2.94397294185812,0.01375,0.011,0.01375,0.01375,0,0,0,0
29/01/2014,1.49646405776852e-08,0.1,25.9793664145975,0,222.178001593623,0,0,0,0,0,400,25,0,0,0,0,0.01375,0.011,0.01375,0.01375,0,0,0,0
30/01/2014,0,0.1,25.9880643721958,0,221.307116241223,0,0,0,0,0,400,25,0,0,0,0,0.01375,0.011,0.01375,0.01375,0,0,0,0
31/01/2014,0,0.1,25.9943976932292,0,220.453975254433,0,0,0,0,0,400,25,0,0,0,0,0.01375,0.011,0.01375,0.01375,0,0,0,0
01/02/2014,0,0.1,25.9983645029001,0,219.618831181091,0,0,0,0,0,400,25,0,0,0,0,0.01375,0.011,0.01375,0.01375,0,0,0,0
02/02/2014,0,0.1,25.9999636269489,0,218.801931241564,0,0,0,0,0,400,25,0,0,0,0,0.01375,0.011,0.01375,0.01375,0,0,0,0
03/02/2014,0,0.1,25.9991945920008,0,218.00351725557,0,0,0,0,0,400,25,0,0,0,0,0.01375,0.011,0.01375,0.01375,0,0,0,0
04/02/2014,0,0.1,25.9960576257065,0,217.22382557059,0,0,0,0,0,400,25,0,0,0,0,0.01375,0.011,0.01375,0.01375,0,0,0,0
05/02/2014,0,0.1,25.9905536566747,0,216.463086991908,0,0,0,0,0,400,25,0,0,0,0,0.01375,0.011,0.01375,0.01375,0,0,0,0
06/02/2014,0,0.1,25.9826843141968,0,215.721526714289,0,0,0,0,0,400,25,0,0,0,0,0.01375,0.011,0.01375,0.01375,0,0,0,0
07/02/2014,0,0.1,25.9724519277653,0,214.999364255309,0,0,0,0,0,400,25,0,0,0,0,0.01375,0.011,0.01375,0.01375,0,0,0,0
08/02/2014,0,0.1,25.9598595263838,0,214.296813390382,0,0,0,0,0,400,25,0,0,0,0,0.01375,0.011,0.01375,0.01375,0,0,0,0
09/02/2014,0,0.1,25.9449108376702,0,213.614082089472,0,0,0,0,0,400,25,0,0,0,0,0.01375,0.011,0.01375,0.01375,0,0,0,0
10/02/2014,0,0.1,25.9276102867536,0,212.951372455532,0,0,0,0,0,400,25,0,0,0,0,0.01375,0.011,0.01375,0.01375,0,0,0,0
11/02/2014,0,0.1,25.9079629949642,0,212.308880664676,0,0,0,0,0,400,25,0,0,0,0,0.01375,0.011,0.01375,0.01375,0,0,0,0
12/02/2014,0,0.1,25.8859747783173,0,211.686796908109,0,0,0,0,0,400,25,0,0,0,0,0.01375,0.011,0.01375,0.01375,0,0,0,0
13/02/2014,0.000560159962596278,0.1,25.8616521457917,39.1847196677421,211.085305335824,0,8.04009071442127,32.1603628576851,2.41928015380609,0,400,25,21.4402419051234,72.3608164297915,1.01864427528678,2.92860229144948,0.01375,0.011,0.01375,0.01375,0,0,0,0
14/02/2014,0.00434395057706189,0.1,25.8350022974027,30.0657414946145,210.50458400209,0,7.1793116097561,28.7172464390244,2.22276842579993,0,400,25,19.1448309593496,64.6138044878049,0.935902495073655,2.69071967333676,0.01375,0.011,0.01375,0.01375,0,0,0,0
15/02/2014,0.0228575540496347,0.1,25.8060331220709,35.1918290287345,209.944804812745,0,7.8539790404809,31.4159161619236,2.44237685960585,0,400,25,20.9439441079491,70.6858113643281,1.02836920404457,2.95656146162813,0.01375,0.011,0.01375,0.01375,0,0,0,0
16/02/2014,0.00379029795193726,0.1,25.774753195287,39.5219352940937,209.406133474307,0,8.09536422414621,32.3814568965848,2.43995706750843,0,400,25,21.5876379310566,72.8582780173159,1.02735034421408,2.95363223961547,0.01375,0.011,0.01375,0.01375,0,0,0,0
17/02/2014,0.0469710658041881,0.1,25.7411717765731,37.1858072607522,208.888729444924,0,8.13282078412623,32.5312831365049,2.54135471602469,0,400,25,21.6875220910033,73.1953870571361,1.07004409095777,3.07637676150358,0.01375,0.011,0.01375,0.01375,0,0,0,0
18/02/2014,0.0176958794186358,0.1,25.7052988067417,36.4497438628811,208.392745887169,0,7.87306159758942,31.4922463903577,2.412541080751,0,400,25,20.9948309269051,70.8575543783048,1.01580677084253,2.92044446617226,0.01375,0.011,0.01375,0.01375,0,0,0,0
19/02/2014,0.000122981978695165,0.1,25.6671449049533,36.4497438628812,207.918329622699,0,7.87306159758942,31.4922463903577,2.412541080751,0,400,25,20.9948309269051,70.8575543783048,1.01580677084252,2.92044446617226,0.01375,0.011,0.01375,0.01375,0,0,0,0
20/02/2014,0.0116944492354791,0.1,25.6267213655722,36.923008795138,207.465621088795,0,8.11606174402939,32.4642469761176,2.53612644120278,0,400,25,21.6428313174117,73.0445556962645,1.06784271208538,3.07004779724547,0.01375,0.011,0.01375,0.01375,0,0,0,0
21/02/2014,0.00690544737277693,0.1,25.5840401548241,39.8081513996223,207.034754296791,0,8.12330316506367,32.4932126602547,2.44665225544285,0,400,25,21.6621417735031,73.1097284855731,1.03016937071278,2.96173694079924,0.01375,0.011,0.01375,0.01375,0,0,0,0
22/02/2014,5.70965684193275e-05,0.1,25.5391139072529,39.8081513996225,206.625856792401,0,8.12330316506358,32.4932126602543,2.44665225544285,0,400,25,21.6621417735029,73.1097284855722,1.03016937071278,2.96173694079924,0.01375,0.011,0.01375,0.01375,0,0,0,0
23/02/2014,8.01707414446102e-07,0.1,25.4919559219814,39.8081513996224,206.239049617962,0,8.12330316506358,32.4932126602543,2.44665225544287,0,400,25,21.6621417735029,73.1097284855722,1.03016937071279,2.96173694079926,0.01375,0.011,0.01375,0.01375,0,0,0,0
24/02/2014,2.56208494366445e-08,0.1,25.4425801587739,0,205.874447276606,0,0,0,0,0,400,25,0,0,0,0,0.01375,0.011,0.01375,0.01375,0,0,0,0
25/02/2014,0,0.1,25.391001233904,0,205.532157698364,0,0,0,0,0,400,25,0,0,0,0,0.01375,0.011,0.01375,0.01375,0,0,0,0
26/02/2014,0,0.1,25.3372344158281,0,205.212282208215,0,0,0,0,0,400,25,0,0,0,0,0.01375,0.011,0.01375,0.01375,0,0,0,0
27/02/2014,0.00523421008515778,0.1,25.2812956206654,30.7860366750247,204.91491549609,0,7.27894504389928,29.1157801755971,2.25639102863614,0,400,25,19.4105201170647,65.5105053950935,0.950059380478376,2.73142071887533,0.01375,0.011,0.01375,0.01375,0,0,0,0
28/02/2014,0.00983228365451344,0.1,25.2232014074861,33.0335883928485,204.640145588848,0,7.50886919949291,30.0354767979716,2.31498938612793,0,400,25,20.0236511986478,67.5798227954362,0.974732373106497,2.80235557268118,0.01375,0.011,0.01375,0.01375,0,0,0,0
01/03/2014,0.0155492869458088,0.1,25.1629689734102,34.2949152290133,204.388053824211,0,7.72506249647179,30.9002499858872,2.39773394722372,0,400,25,20.6001666572581,69.5255624682461,1.00957218830472,2.90252004137608,0.01375,0.011,0.01375,0.01375,0,0,0,0
02/03/2014,0.143645464661512,0.1,25.1006161485163,36.9709761598361,204.158714826692,0,7.86086176936696,31.4434470774678,2.47072554404325,0,400,25,20.9622980516452,70.7477559243027,1.04030549222873,2.99087829015761,0.01375,0.011,0.01375,0.01375,0,0,0,0
03/03/2014,0.0680705284619282,0.1,25.0361613905638,34.4012973644444,203.952196485501,0,7.11863585642358,28.4745434256943,2.16466320447556,0,400,25,18.9830289504629,64.0677227078122,0.911437138726551,2.62038177383883,0.01375,0.011,0.01375,0.01375,0,0,0,0
04/03/2014,0.00123653240390051,0.1,24.9696237795288,32.2424547651285,203.768559934448,0,6.50122297899847,26.0048919159939,1.9365029911476,0,400,25,17.3365946106626,58.5110068109862,0.815369680483202,2.34418783138921,0.01375,0.011,0.01375,0.01375,0,0,0,0
05/03/2014,0.00140871809743303,0.1,24.9010230119562,30.3027502219898,203.60785953385,0,5.95441150219966,23.8176460087986,1.74652347740449,0,400,25,15.8784306725324,53.5897035197969,0.735378306275576,2.11421263054228,0.01375,0.011,0.01375,0.01375,0,0,0,0
06/03/2014,1.56083620262727e-05,0.1,24.8303793951287,30.3027502219897,203.470142854435,0,5.95441150219968,23.8176460087987,1.7465234774045,0,400,25,15.8784306725325,53.5897035197971,0.73537830627558,2.11421263054229,0.01375,0.011,0.01375,0.01375,0,0,0,0
07/03/2014,2.87648562011445e-07,0.1,24.7577138410562,30.3027502219897,203.355450663264,0,5.95441150219967,23.8176460087987,1.7465234774045,0,400,25,15.8784306725325,53.5897035197971,0.735378306275578,2.11421263054229,0.01375,0.011,0.01375,0.01375,0,0,0,0
08/03/2014,0,0.1,24.6830478602847,0,203.263816911658,0,0,0,0,0,400,25,0,0,0,0,0.01375,0.011,0.01375,0.01375,0,0,0,0
09/03/2014,0,0.1,24.6064035555288,0,203.195268725153,0,0,0,0,0,400,25,0,0,0,0,0.01375,0.011,0.01375,0.01375,0,0,0,0
10/03/2014,0,0.1,24.5278036151292,0,203.149826395466,0,0,0,0,0,400,25,0,0,0,0,0.01375,0.011,0.01375,0.01375,0,0,0,0
11/03/2014,0,0.1,24.4472713063363,0,203.127503374491,0,0,0,0,0,400,25,0,0,0,0,0.01375,0.011,0.01375,0.01375,0,0,0,0
12/03/2014,0,0.1,24.3648304684224,0,203.128306270316,0,0,0,0,0,400,25,0,0,0,0,0.01375,0.011,0.01375,0.01375,0,0,0,0
13/03/2014,0.00123727811876325,0.1,24.2805055056248,31.6230280096594,203.152234845267,0,7.38601915729266,29.5440766291706,2.29048348447815,0,400,25,19.6960510861138,66.4741724156339,0.964414098727642,2.77269053384197,0.01375,0.011,0.01375,0.01375,0,0,0,0
14/03/2014,0.00192753747857402,0.1,24.1943213799221,39.5826365529279,203.199282015978,0,8.0924498949638,32.3697995798552,2.43632032247948,0,400,25,21.5798663865701,72.8320490546742,1.02581908314926,2.94922986405411,0.01375,0.011,0.01375,0.01375,0,0,0,0
15/03/2014,2.0174462904135e-05,0.1,24.1063036036443,39.5826365529279,203.269433855488,0,8.09244989496384,32.3697995798553,2.43632032247948,0,400,25,21.5798663865702,72.8320490546745,1.02581908314926,2.94922986405411,0.01375,0.011,0.01375,0.01375,0,0,0,0
16/03/2014,3.41730019213978e-07,0.1,24.016478231921,39.582636552928,203.362669597364,0,8.09244989496385,32.3697995798554,2.4363203224795,0,400,25,21.5798663865703,72.8320490546747,1.02581908314926,2.94922986405413,0.01375,0.011,0.01375,0.01375,0,0,0,0
17/03/2014,0.000449713436819778,0.1,23.9248718549683,39.3007375288066,203.478961641847,0,8.0547148763141,32.2188595052564,2.42388127698336,0,400,25,21.4792396701709,72.4924338868269,1.02058159030878,2.93417207213775,0.01375,0.011,0.01375,0.01375,0,0,0,0
18/03/2014,6.15733653440161e-06,0.1,23.8315115902177,39.3007375288066,203.618275564026,0,8.05471487631412,32.2188595052565,2.42388127698337,0,400,25,21.479239670171,72.4924338868271,1.02058159030879,2.93417207213776,0.01375,0.011,0.01375,0.01375,0,0,0,0
19/03/2014,1.34834389817455e-07,0.1,23.7364250742888,39.3007375288065,203.780570124022,0,8.05471487631412,32.2188595052565,2.42388127698337,0,400,25,21.479239670171,72.4924338868271,1.02058159030879,2.93417207213776,0.01375,0.011,0.01375,0.01375,0,0,0,0
20/03/2014,0,0.1,23.6396404548081,0,203.965797279202,0,0,0,0,0,400,25,0,0,0,0,0.01375,0.011,0.01375,0.01375,0,0,0,0
21/03/2014,0.000218735705889209,0.1,23.5411863820767,38.964573450034,204.173902198397,0,8.01234119118076,32.049364764723,2.41054949735429,0,400,25,21.366243176482,72.1110707206268,1.01496820941233,2.91803360206046,0.01375,0.011,0.01375,0.01375,0,0,0,0
22/03/2014,3.416558076291e-06,0.1,23.4410920005895,38.964573450034,204.404823278136,0,8.01234119118079,32.0493647647231,2.41054949735428,0,400,25,21.3662431764821,72.1110707206271,1.01496820941233,2.91803360206044,0.01375,0.011,0.01375,0.01375,0,0,0,0
23/03/2014,8.34503407694042e-08,0.1,23.3393869404073,0,204.658492160877,0,0,0,0,0,400,25,0,0,0,0,0.01375,0.011,0.01375,0.01375,0,0,0,0
24/03/2014,0,0.1,23.2361013083863,0,204.93483375525,0,0,0,0,0,400,25,0,0,0,0,0.01375,0.011,0.01375,0.01375,0,0,0,0
25/03/2014,0.0444899428687707,0.1,23.1312656792653,35.9359112670838,205.233766258277,0,7.91190509481886,31.6476203792754,2.46997207204466,0,400,25,21.0984135861836,71.2071458533697,1.03998824086091,2.98996619247512,0.01375,0.011,0.01375,0.01375,0,0,0,0
26/03/2014,0.0335301663621232,0.1,23.0249110866152,32.1873903384627,205.555201179595,0,7.09238087126932,28.3695234850773,2.14294384015368,0,400,25,18.9130156567182,63.8314278414239,0.902292143222603,2.59408991176498,0.01375,0.011,0.01375,0.01375,0,0,0,0
27/03/2014,0.0505078921745954,0.1,22.9170690136522,33.1454341273095,205.899043367646,0,7.37916607589239,29.5166643035696,2.28124619308125,0,400,25,19.6777762023797,66.4124946830315,0.960524712876317,2.76150854951941,0.01375,0.011,0.01375,0.01375,0,0,0,0
28/03/2014,0.0181703058952004,0.1,22.8077713839186,35.1254859470665,206.265191037846,0,7.74599647500234,30.9839859000094,2.38346587169199,0,400,25,20.6559906000063,69.7139682750211,1.00356457755452,2.88524816046925,0.01375,0.011,0.01375,0.01375,0,0,0,0
29/03/2014,0.000987106657153477,0.1,22.6970505518319,38.8181756182508,206.653535802714,0,8.0216063563671,32.0864254254684,2.42068993100011,0,400,25,21.3909502836456,72.1944572073039,1.01923786568426,2.93030886384223,0.01375,0.011,0.01375,0.01375,0,0,0,0
30/03/2014,0.0010346980942129,0.1,22.5849392931081,39.5020413146441,207.063962703959,0,8.08039364796988,32.3215745918795,2.43203975941557,0,400,25,21.5477163945864,72.7235428317289,1.02401674080656,2.94404812981885,0.01375,0.011,0.01375,0.01375,0,0,0,0
31/03/2014,0.151890992225262,0.1,22.4714707950588,36.543056754459,207.496350246509,0,7.74736684177925,30.989467367117,2.44246190621313,0,400,25,20.6596449114113,69.7263015760133,1.02840501314237,2.95666441278431,0.01375,0.011,0.01375,0.01375,0,0,0,0
01/04/2014,0.0544019181827115,0.1,22.3566786467673,34.324798261022,207.950570434476,0,6.9422065139668,27.7688260558672,2.1004339523302,0,400,25,18.5125507039115,62.4798586257012,0.8843932430864,2.5426305738734,0.01375,0.011,0.01375,0.01375,0,0,0,0
02/04/2014,0.00203948611896288,0.1,22.2405968291455,10.2754812239182,208.426488809045,0,1.77565162007726,7.10260648030905,0.421127332079868,0,400,25,4.7350709868727,15.9808645806954,0.17731677140205,0.509785717780893,0.01375,0.011,0.01375,0.01375,0,0,0,0
03/04/2014,0.000233955236810815,0.1,22.1232597048746,6.37100599020356,208.923964488279,0,0.936846692864727,3.74738677145891,0.148487111217692,0,400,25,2.49825784763927,8.43162023578255,0.0625208889337651,0.179747555684575,0.01375,0.011,0.01375,0.01375,0,0,0,0
04/04/2014,0.185768424492628,0.1,22.0047020082334,34.1624504402269,209.442850208819,0,7.21380347575238,28.8552139030095,2.27192082450523,0,400,25,19.236809268673,64.9242312817714,0.95659824189694,2.7502199454537,0.01375,0.011,0.01375,0.01375,0,0,0,0
05/04/2014,0.180700651227391,0.1,21.8849588348159,34.6386373331249,209.982992369482,0,7.19594892837191,28.7837957134876,2.25733754148844,0,400,25,19.1891971423251,64.7635403553472,0.950457912205659,2.73256649759127,0.01375,0.011,0.01375,0.01375,0,0,0,0
06/04/2014,0.0667587141397314,0.1,21.7640656311426,27.5397850169339,210.544231076725,0,6.02395088436133,24.0958035374453,1.79666714563803,0,400,25,16.0638690249635,54.2155579592519,0.756491429742328,2.17491286050919,0.01375,0.011,0.01375,0.01375,0,0,0,0
07/04/2014,0.0152900378591762,0.1,21.642058184167,13.0106395526701,211.126400191981,0,3.65538907641872,14.6215563056749,0.935303005832422,0,400,25,9.74770420378325,32.8985016877685,0.393811791929441,1.13220890179714,0.01375,0.011,0.01375,0.01375,0,0,0,0
08/04/2014,0.00630821749687347,0.1,21.5189726106826,14.7132058268857,211.72932738084,0,3.74923686294626,14.9969474517851,1.07448287605246,0,400,25,9.9979649678567,33.7431317665164,0.452413842548403,1.30068979732666,0.01375,0.011,0.01375,0.01375,0,0,0,0
09/04/2014,0.00197690812510634,0.1,21.3948453466311,17.8567350634324,212.352834164057,0,3.25174875067785,13.0069950027114,0.881096834183086,0,400,25,8.67133000180761,29.2657387561007,0.370988140708668,1.06659090453742,0.01375,0.011,0.01375,0.01375,0,0,0,0
10/04/2014,0.0174236166811494,0.1,21.2697131363166,6.01408156768957,212.996735970394,0,3.16728749019081,12.6691499607632,0.647839784302272,0,400,25,8.44609997384216,28.5055874117173,0.272774646022009,0.784227107313277,0.01375,0.011,0.01375,0.01375,0,0,0,0
11/04/2014,0.0807861367631534,0.1,21.1436130215288,31.9063914902224,213.660842191253,0,7.04121437976494,28.1648575190598,2.18558409176812,0,400,25,18.7765716793732,63.3709294178845,0.92024593337605,2.64570705845614,0.01375,0.011,0.01375,0.01375,0,0,0,0
12/04/2014,0.168733807430995,0.1,21.0165823305776,34.0901575996969,214.3449562371,0,7.14483124013961,28.5793249605585,2.25053746649219,0,400,25,19.052883307039,64.3034811612565,0.947594722733553,2.72433482785897,0.01375,0.011,0.01375,0.01375,0,0,0,0
13/04/2014,0.0454101726197205,0.1,20.8886586672431,26.5276475347049,215.04887559566,0,5.88122610054781,23.5249044021912,1.73988291551765,0,400,25,15.6832696014608,52.9310349049303,0.732582280217957,2.10617405562663,0.01375,0.011,0.01375,0.01375,0,0,0,0
14/04/2014,0.00180000291613712,0.1,20.7598798996444,9.02632663086453,215.772391891864,0,1.59782767694461,6.39131070777842,0.36101444146758,0,400,25,4.26087380518561,14.3804490925014,0.152006080617929,0.437017481776545,0.01375,0.011,0.01375,0.01375,0,0,0,0
15/04/2014,0.000600409106136402,0.1,20.6302841490292,6.09273861874153,216.515290949537,0,0.879840369833881,3.51936147933552,0.129887199815778,0,400,25,2.34624098622368,7.91856332850493,0.0546893472908541,0.157231873461205,0.01375,0.011,0.01375,0.01375,0,0,0,0
16/04/2014,7.72917660968412e-06,0.1,20.49990977849,6.09273861874155,217.277352854791,0,0.879840369833879,3.51936147933551,0.129887199815778,0,400,25,2.34624098622368,7.91856332850491,0.054689347290854,0.157231873461205,0.01375,0.011,0.01375,0.01375,0,0,0,0
17/04/2014,1.62267876365773e-07,0.1,20.3687953816071,6.09273861874155,218.058352021133,0,0.879840369833876,3.5193614793355,0.129887199815779,0,400,25,2.34624098622367,7.91856332850488,0.0546893472908543,0.157231873461206,0.01375,0.011,0.01375,0.01375,0,0,0,0
18/04/2014,0,0.1,20.2369797710241,0,218.858057256235,0,0,0,0,0,400,25,0,0,0,0,0.01375,0.011,0.01375,0.01375,0,0,0,0
19/04/2014,0,0.1,20.104501966959,0,219.676231830379,0,0,0,0,0,400,25,0,0,0,0,0.01375,0.011,0.01375,0.01375,0,0,0,0
20/04/2014,0,0.1,19.9714011856532,0,220.512633546526,0,0,0,0,0,400,25,0,0,0,0,0.01375,0.011,0.01375,0.01375,0,0,0,0
21/04/2014,0,0.1,19.8377168277622,0,221.367014812022,0,0,0,0,0,400,25,0,0,0,0,0.01375,0.011,0.01375,0.01375,0,0,0,0
22/04/2014,0,0.1,19.703488466693,0,222.239122711881,0,0,0,0,0,400,25,0,0,0,0,0.01375,0.011,0.01375,0.01375,0,0,0,0
23/04/2014,0,0.1,19.5687558368887,0,223.128699083657,0,0,0,0,0,400,25,0,0,0,0,0.01375,0.011,0.01375,0.01375,0,0,0,0
24/04/2014,0,0.1,19.4335588220669,0,224.035480593869,0,0,0,0,0,400,25,0,0,0,0,0.01375,0.011,0.01375,0.01375,0,0,0,0
25/04/2014,0.00133504996945376,0.1,19.2979374434129,6,224.959198815945,0,3.42857142857143,13.7142857142857,0.612903225806452,0,400,25,9.14285714285714,30.8571428571429,0.258064516129032,0.741935483870968,0.01375,0.011,0.01375,0.01375,0,0,0,0
26/04/2014,0.00471071688743277,0.1,19.1619318477328,11.1471152510229,225.899580309692,0,4.33003778325867,17.3201511330347,1.1008142929478,0,400,25,11.5467674220231,38.970340049328,0.463500754925391,1.3325646704105,0.01375,0.011,0.01375,0.01375,0,0,0,0
27/04/2014,0.00652232342147942,0.1,19.025582295569,8.82373080276665,226.856346702231,0,3.92884141720302,15.7153656688121,0.894969170662128,0,400,25,10.4769104458747,35.3595727548272,0.376829124489317,1.08338373290679,0.01375,0.011,0.01375,0.01375,0,0,0,0
28/04/2014,5.4595671560537e-05,0.1,18.8889291492823,8.82373080276665,227.829214770406,0,3.92884141720304,15.7153656688121,0.894969170662127,0,400,25,10.4769104458748,35.3595727548273,0.376829124489317,1.08338373290679,0.01375,0.011,0.01375,0.01375,0,0,0,0
29/04/2014,7.72821114886144e-07,0.1,18.7520128611039,8.82373080276658,228.817896524626,0,3.92884141720306,15.7153656688123,0.894969170662119,0,400,25,10.4769104458748,35.3595727548276,0.376829124489313,1.08338373290678,0.01375,0.011,0.01375,0.01375,0,0,0,0
30/04/2014,2.48663332717245e-08,0.1,18.6148739611606,0,229.82209929411,0,0,0,0,0,400,25,0,0,0,0,0.01375,0.011,0.01375,0.01375,0,0,0,0
01/05/2014,0,0.1,18.4775530454767,0,230.84152581353,0,0,0,0,0,400,25,0,0,0,0,0.01375,0.011,0.01375,0.01375,0,0,0,0
02/05/2014,0,0.1,18.3400907639575,0,231.875874311002,0,0,0,0,0,400,25,0,0,0,0,0.01375,0.011,0.01375,0.01375,0,0,0,0
03/05/2014,0.00555415761620146,0.1,18.2025278083553,28.392438365073,232.924838597422,0,6.95128695057097,27.8051478022839,2.14662354836694,0,400,25,18.5367652015226,62.5615825551387,0.903841494049239,2.59854429539156,0.01375,0.011,0.01375,0.01375,0,0,0,0
04/05/2014,0.00698586858639706,0.1,18.0649049002241,32.6732576105458,233.988108157101,0,7.42277010294883,29.6910804117953,2.27742894730292,0,400,25,19.7940536078635,66.8049309265395,0.958917451495967,2.75688767305091,0.01375,0.011,0.01375,0.01375,0,0,0,0
05/05/2014,0.00158161711173155,0.1,17.927262778865,39.0368961441556,235.065368239687,0,8.02891008080526,32.115640323221,2.41768090125559,0,400,25,21.4104268821474,72.2601907272473,1.01797090579183,2.92666635415151,0.01375,0.011,0.01375,0.01375,0,0,0,0
06/05/2014,1.70218574064824e-05,0.1,17.789642189267,39.0368961441556,236.156299953336,0,8.02891008080534,32.1156403232213,2.41768090125558,0,400,25,21.4104268821476,72.260190727248,1.01797090579182,2.92666635415149,0.01375,0.011,0.01375,0.01375,0,0,0,0
07/05/2014,2.97276809136173e-07,0.1,17.6520838700448,39.0368961441558,237.260580359109,0,8.02891008080534,32.1156403232214,2.41768090125556,0,400,25,21.4104268821476,72.260190727248,1.01797090579181,2.92666635415147,0.01375,0.011,0.01375,0.01375,0,0,0,0
08/05/2014,1.1419108673433e-08,0.1,17.5146285413801,0,238.377882566574,0,0,0,0,0,400,25,0,0,0,0,0.01375,0.011,0.01375,0.01375,0,0,0,0
09/05/2014,0,0.1,17.3773168929669,0,239.507875830567,0,0,0,0,0,400,25,0,0,0,0,0.01375,0.011,0.01375,0.01375,0,0,0,0
10/05/2014,0,0.1,17.2401895719671,0,240.650225649104,0,0,0,0,0,400,25,0,0,0,0,0.01375,0.011,0.01375,0.01375,0,0,0,0
11/05/2014,0,0.1,17.1032871709775,0,241.804593862396,0,0,0,0,0,400,25,0,0,0,0,0.01375,0.011,0.01375,0.01375,0,0,0,0
12/05/2014,0,0.1,16.966650216014,0,242.970638752956,0,0,0,0,0,400,25,0,0,0,0,0.01375,0.011,0.01375,0.01375,0,0,0,0
13/05/2014,0,0.1,16.8303191545148,0,244.148015146753,0,0,0,0,0,400,25,0,0,0,0,0.01375,0.011,0.01375,0.01375,0,0,0,0
14/05/2014,0,0.1,16.6943343433671,0,245.33637451539,0,0,0,0,0,400,25,0,0,0,0,0.01375,0.011,0.01375,0.01375,0,0,0,0
15/05/2014,0,0.1,16.5587360369606,0,246.535365079275,0,0,0,0,0,400,25,0,0,0,0,0.01375,0.011,0.01375,0.01375,0,0,0,0
16/05/2014,0,0.1,16.4235643752715,0,247.744631911759,0,0,0,0,0,400,25,0,0,0,0,0.01375,0.011,0.01375,0.01375,0,0,0,0
17/05/2014,0,0.1,16.2888593719801,0,248.963817044198,0,0,0,0,0,400,25,0,0,0,0,0.01375,0.011,0.01375,0.01375,0,0,0,0
18/05/2014,0,0.1,16.1546609026259,0,250.192559571921,0,0,0,0,0,400,25,0,0,0,0,0.01375,0.011,0.01375,0.01375,0,0,0,0
19/05/2014,0,0.1,16.0210086928035,0,251.430495761065,0,0,0,0,0,400,25,0,0,0,0,0.01375,0.011,0.01375,0.01375,0,0,0,0
20/05/2014,0,0.1,15.8879423064033,0,252.677259156249,0,0,0,0,0,400,25,0,0,0,0,0.01375,0.011,0.01375,0.01375,0,0,0,0
21/05/2014,0,0.1,15.7555011338993,0,253.932480689051,0,0,0,0,0,400,25,0,0,0,0,0.01375,0.011,0.01375,0.01375,0,0,0,0
22/05/2014,0,0.1,15.623724380689,0,255.19578878726,0,0,0,0,0,400,25,0,0,0,0,0.01375,0.011,0.01375,0.01375,0,0,0,0
23/05/2014,0,0.1,15.4926510554879,0,256.466809484872,0,0,0,0,0,400,25,0,0,0,0,0.01375,0.011,0.01375,0.01375,0,0,0,0
24/05/2014,0,0.1,15.3623199587815,0,257.745166532788,0,0,0,0,0,400,25,0,0,0,0,0.01375,0.011,0.01375,0.01375,0,0,0,0
25/05/2014,0,0.1,15.2327696713403,0,259.030481510195,0,0,0,0,0,400,25,0,0,0,0,0.01375,0.011,0.01375,0.01375,0,0,0,0
26/05/2014,0,0.1,15.1040385427983,0,260.322373936585,0,0,0,0,0,400,25,0,0,0,0,0.01375,0.011,0.01375,0.01375,0,0,0,0
27/05/2014,0,0.1,14.9761646803015,0,261.620461384384,0,0,0,0,0,400,25,0,0,0,0,0.01375,0.011,0.01375,0.01375,0,0,0,0
28/05/2014,0,0.1,14.8491859372266,0,262.924359592162,0,0,0,0,0,400,25,0,0,0,0,0.01375,0.011,0.01375,0.01375,0,0,0,0
29/05/2014,0,0.1,14.7231399019762,0,264.23368257838,0,0,0,0,0,400,25,0,0,0,0,0.01375,0.011,0.01375,0.01375,0,0,0,0
30/05/2014,0,0.1,14.5980638868514,0,265.54804275565,0,0,0,0,0,400,25,0,0,0,0,0.01375,0.011,0.01375,0.01375,0,0,0,0
31/05/2014,0,0.1,14.4739949170069,0,266.867051045467,0,0,0,0,0,400,25,0,0,0,0,0.01375,0.011,0.01375,0.01375,0,0,0,0
01/06/2014,0.0137473970630341,0.1,14.3509697194906,18.024893103295,268.190316993389,0,5.24592273623553,20.9836909449421,1.44409525705258,0,400,25,13.9891272966281,47.2133046261198,0.608040108232663,1.74811531116891,0.01375,0.011,0.01375,0.01375,0,0,0,0
02/06/2014,0.0725012577286534,0.1,14.2290247123716,35.099656709112,269.517448884614,0,7.64300203100152,30.5720081240061,2.38488053648693,0,400,25,20.3813387493374,68.7870182790137,1.00416022588923,2.88696064943154,0.01375,0.011,0.01375,0.01375,0,0,0,0
03/06/2014,0.0204045810064732,0.1,14.1081959939597,35.9989830529884,270.848053859939,0,7.81237755645282,31.2495102258113,2.39667484960851,0,400,25,20.8330068172075,70.3113980080754,1.00912625246674,2.90123797584188,0.01375,0.011,0.01375,0.01375,0,0,0,0
04/06/2014,0.000137997047334741,0.1,13.9885193321197,35.9989830529889,272.181738032057,0,7.81237755645281,31.2495102258112,2.39667484960848,0,400,25,20.8330068172075,70.3113980080753,1.00912625246673,2.90123797584185,0.01375,0.011,0.01375,0.01375,0,0,0,0
05/06/2014,0.000579912210017391,0.1,13.870030153683,14.3352317054298,273.51810660215,0,5.01227805607684,20.0491122243074,1.49356512670457,0,400,25,13.3660748162049,45.1105025046916,0.628869527033503,1.80799989022132,0.01375,0.011,0.01375,0.01375,0,0,0,0
06/06/2014,0.0176589624950294,0.1,13.7527635339609,34.6295604112565,274.856763976763,0,7.80385471243301,31.215418849732,2.43194798313697,0,400,25,20.8102792331547,70.2346924118971,1.02397809816293,2.94393703221844,0.01375,0.011,0.01375,0.01375,0,0,0,0
07/06/2014,0.00464160077873784,0.1,13.6367541863612,37.3382267455991,276.197313884907,0,7.86746991183966,31.4698796473586,2.38044829629695,0,400,25,20.9799197649058,70.8072292065569,1.00229401949345,2.88159530604368,0.01375,0.011,0.01375,0.01375,0,0,0,0
08/06/2014,4.11198384555028e-05,0.1,13.5220364521127,37.3382267455987,277.539359495362,0,7.86746991183973,31.4698796473589,2.38044829629697,0,400,25,20.979919764906,70.8072292065576,1.00229401949346,2.8815953060437,0.01375,0.011,0.01375,0.01375,0,0,0,0
09/06/2014,6.1263646586561e-07,0.1,13.408644290099,37.3382267455988,278.882503534148,0,7.86746991183977,31.4698796473591,2.38044829629696,0,400,25,20.9799197649061,70.8072292065579,1.00229401949346,2.88159530604369,0.01375,0.011,0.01375,0.01375,0,0,0,0
10/06/2014,0.00310542992352987,0.1,13.2966112668063,19.85171637455,280.226348402127,0,5.704778773919,22.819115095676,1.68921167507012,0,400,25,15.2127433971173,51.343008965271,0.711247021082155,2.0448351856112,0.01375,0.011,0.01375,0.01375,0,0,0,0
11/06/2014,0.00961510375349117,0.1,13.1859705463869,22.4155584753812,281.570496292702,0,5.91624478484657,23.6649791393863,1.71371602948586,0,400,25,15.7766527595909,53.2462030636192,0.721564643994046,2.07449835148288,0.01375,0.011,0.01375,0.01375,0,0,0,0
12/06/2014,0.000732092101609528,0.1,13.076754880842,37.2907523183717,282.914549309573,0,7.80032043029975,31.201281721199,2.34001018631724,0,400,25,20.8008544807993,70.2028838726977,0.985267446870417,2.83264390975245,0.01375,0.011,0.01375,0.01375,0,0,0,0
13/06/2014,8.89983082878416e-06,0.1,12.9689966003261,37.2907523183715,284.258109584525,0,7.80032043029981,31.2012817211992,2.34001018631723,0,400,25,20.8008544807995,70.2028838726983,0.985267446870411,2.83264390975243,0.01375,0.011,0.01375,0.01375,0,0,0,0
14/06/2014,1.8202220878729e-07,0.1,12.8627276035769,37.2907523183717,285.600779395208,0,7.80032043029982,31.2012817211993,2.34001018631722,0,400,25,20.8008544807995,70.2028838726984,0.985267446870408,2.83264390975242,0.01375,0.011,0.01375,0.01375,0,0,0,0
15/06/2014,0.00375084815055203,0.1,12.7579793484726,19.6788413672077,286.942161282863,0,5.54562374490736,22.1824949796294,1.57674183780953,0,400,25,14.7883299864196,49.9106137041662,0.66389130013033,1.9086874878747,0.01375,0.011,0.01375,0.01375,0,0,0,0
16/06/2014,3.48175738395921e-05,0.1,12.6547828427194,19.6788413672076,288.281858169988,0,5.54562374490736,22.1824949796294,1.57674183780954,0,400,25,14.7883299864196,49.9106137041663,0.663891300130332,1.9086874878747,0.01375,0.011,0.01375,0.01375,0,0,0,0
17/06/2014,5.34546656142372e-07,0.1,12.5531686346731,19.6788413672077,289.619473477875,0,5.54562374490741,22.1824949796296,1.57674183780953,0,400,25,14.7883299864198,49.9106137041667,0.66389130013033,1.9086874878747,0.01375,0.011,0.01375,0.01375,0,0,0,0
18/06/2014,1.84163812341813e-08,0.1,12.4531668042954,0,290.954611244008,0,0,0,0,0,400,25,0,0,0,0,0.01375,0.011,0.01375,0.01375,0,0,0,0
19/06/2014,0,0.1,12.3548069542502,0,292.286876239276,0,0,0,0,0,400,25,0,0,0,0,0.01375,0.011,0.01375,0.01375,0,0,0,0
20/06/2014,0,0.1,12.2581182011404,0,293.61587408497,0,0,0,0,0,400,25,0,0,0,0,0.01375,0.011,0.01375,0.01375,0,0,0,0
21/06/2014,0,0.1,12.1631291668888,0,294.941211369524,0,0,0,0,0,400,25,0,0,0,0,0.01375,0.011,0.01375,0.01375,0,0,0,0
22/06/2014,0,0.1,12.0698679702651,0,296.262495764978,0,0,0,0,0,400,25,0,0,0,0,0.01375,0.011,0.01375,0.01375,0,0,0,0
23/06/2014,0,0.1,11.9783622185626,0,297.579336143113,0,0,0,0,0,400,25,0,0,0,0,0.01375,0.011,0.01375,0.01375,0,0,0,0
24/06/2014,0,0.1,11.8886389994256,0,298.891342691233,0,0,0,0,0,400,25,0,0,0,0,0.01375,0.011,0.01375,0.01375,0,0,0,0
25/06/2014,0,0.1,11.8007248728309,0,300.198127027558,0,0,0,0,0,400,25,0,0,0,0,0.01375,0.011,0.01375,0.01375,0,0,0,0
26/06/2014,0,0.1,11.7146458632257,0,301.499302316194,0,0,0,0,0,400,25,0,0,0,0,0.01375,0.011,0.01375,0.01375,0,0,0,0
27/06/2014,0,0.1,11.6304274518233,0,302.794483381644,0,0,0,0,0,400,25,0,0,0,0,0.01375,0.011,0.01375,0.01375,0,0,0,0
28/06/2014,0,0.1,11.5480945690608,0,304.083286822828,0,0,0,0,0,400,25,0,0,0,0,0.01375,0.011,0.01375,0.01375,0,0,0,0
29/06/2014,0,0.1,11.4676715872185,0,305.365331126578,0,0,0,0,0,400,25,0,0,0,0,0.01375,0.011,0.01375,0.01375,0,0,0,0
30/06/2014,0,0.1,11.3891823132057,0,306.640236780576,0,0,0,0,0,400,25,0,0,0,0,0.01375,0.011,0.01375,0.01375,0,0,0,0
01/07/2014,0,0.1,11.3126499815131,0,307.907626385693,0,0,0,0,0,400,25,0,0,0,0,0.01375,0.011,0.01375,0.01375,0,0,0,0
02/07/2014,0,0.1,11.238097247335,0,309.167124767712,0,0,0,0,0,400,25,0,0,0,0,0.01375,0.011,0.01375,0.01375,0,0,0,0
03/07/2014,0,0.1,11.1655461798626,0,310.418359088383,0,0,0,0,0,400,25,0,0,0,0,0.01375,0.011,0.01375,0.01375,0,0,0,0
04/07/2014,0,0.1,11.0950182557516,0,311.660958955797,0,0,0,0,0,400,25,0,0,0,0,0.01375,0.011,0.01375,0.01375,0,0,0,0
05/07/2014,0,0.1,11.026534352764,0,312.894556534024,0,0,0,0,0,400,25,0,0,0,0,0.01375,0.011,0.01375,0.01375,0,0,0,0
06/07/2014,0,0.1,10.9601147435886,0,314.118786652004,0,0,0,0,0,400,25,0,0,0,0,0.01375,0.011,0.01375,0.01375,0,0,0,0
07/07/2014,0,0.1,10.8957790898389,0,315.333286911643,0,0,0,0,0,400,25,0,0,0,0,0.01375,0.011,0.01375,0.01375,0,0,0,0
08/07/2014,0,0.1,10.8335464362339,0,316.53769779509,0,0,0,0,0,400,25,0,0,0,0,0.01375,0.011,0.01375,0.01375,0,0,0,0
09/07/2014,0,0.1,10.7734352049594,0,317.731662771168,0,0,0,0,0,400,25,0,0,0,0,0.01375,0.011,0.01375,0.01375,0,0,0,0
10/07/2014,0,0.1,10.7154631902157,0,318.914828400906,0,0,0,0,0,400,25,0,0,0,0,0.01375,0.011,0.01375,0.01375,0,0,0,0
11/07/2014,0,0.1,10.6596475529492,0,320.086844442171,0,0,0,0,0,400,25,0,0,0,0,0.01375,0.011,0.01375,0.01375,0,0,0,0
12/07/2014,0,0.1,10.6060048157731,0,321.247363953343,0,0,0,0,0,400,25,0,0,0,0,0.01375,0.011,0.01375,0.01375,0,0,0,0
13/07/2014,0,0.1,10.5545508580758,0,322.396043396021,0,0,0,0,0,400,25,0,0,0,0,0.01375,0.011,0.01375,0.01375,0,0,0,0
14/07/2014,0,0.1,10.5053009113207,0,323.532542736714,0,0,0,0,0,400,25,0,0,0,0,0.01375,0.011,0.01375,0.01375,0,0,0,0
15/07/2014,0,0.1,10.4582695545372,0,324.656525547499,0,0,0,0,0,400,25,0,0,0,0,0.01375,0.011,0.01375,0.01375,0,0,0,0
16/07/2014,0.00202937050691113,0.1,10.4134707100049,28.9151156833343,325.767659105614,0,7.02429365509744,28.0971746203898,2.17142678501902,0,400,25,18.7314497469265,63.218642895877,0.914284962113273,2.62856926607566,0.01375,0.011,0.01375,0.01375,0,0,0,0
17/07/2014,0.000840305668056232,0.1,10.3709176391324,39.2346459843072,326.865614491947,0,8.05341179905443,32.2136471962177,2.42528038714097,0,400,25,21.4757647974785,72.4807061914899,1.02117068932251,2.93586573180222,0.01375,0.011,0.01375,0.01375,0,0,0,0
18/07/2014,1.01878138364173e-05,0.1,10.3306229385318,39.2346459843074,327.950066688404,0,8.05341179905447,32.2136471962179,2.42528038714097,0,400,25,21.4757647974786,72.4807061914902,1.02117068932251,2.93586573180222,0.01375,0.011,0.01375,0.01375,0,0,0,0
19/07/2014,2.03207455873537e-07,0.1,10.2925985362894,39.2346459843073,329.020694674121,0,8.05341179905445,32.2136471962178,2.42528038714097,0,400,25,21.4757647974785,72.48070619149,1.02117068932251,2.93586573180223,0.01375,0.011,0.01375,0.01375,0,0,0,0
20/07/2014,0,0.1,10.2568556884352,0,330.077181520497,0,0,0,0,0,400,25,0,0,0,0,0.01375,0.011,0.01375,0.01375,0,0,0,0
21/07/2014,0,0.1,10.2234049756106,0,331.119214485005,0,0,0,0,0,400,25,0,0,0,0,0.01375,0.011,0.01375,0.01375,0,0,0,0
22/07/2014,0,0.1,10.1922562999366,0,332.146485103776,0,0,0,0,0,400,25,0,0,0,0,0.01375,0.011,0.01375,0.01375,0,0,0,0
23/07/2014,0,0.1,10.1634188820821,0,333.158689282906,0,0,0,0,0,400,25,0,0,0,0,0.01375,0.011,0.01375,0.01375,0,0,0,0
24/07/2014,0,0.1,10.1369012585347,0,334.155527388481,0,0,0,0,0,400,25,0,0,0,0,0.01375,0.011,0.01375,0.01375,0,0,0,0
25/07/2014,0,0.1,10.1127112790737,0,335.136704335266,0,0,0,0,0,400,25,0,0,0,0,0.01375,0.011,0.01375,0.01375,0,0,0,0
26/07/2014,0.00811327818558147,0.1,10.0908561044464,32.9453484239122,336.101929674065,0,7.57681310823589,30.3072524329436,2.35671941868554,0,400,25,20.2048349552957,68.191317974123,0.992302913130756,2.85287087525092,0.01375,0.011,0.01375,0.01375,0,0,0,0
27/07/2014,0.00203300275792625,0.1,10.0713422042482,39.5123347814762,337.050917677694,0,8.09181557757368,32.3672623102947,2.43823860472353,0,400,25,21.5781748735298,72.8263401981631,1.02662678093622,2.95155199519164,0.01375,0.011,0.01375,0.01375,0,0,0,0
28/07/2014,2.09218879002268e-05,0.1,10.0541753550077,39.5123347814765,337.983387425568,0,8.09181557757377,32.3672623102951,2.43823860472354,0,400,25,21.5781748735301,72.8263401981639,1.02662678093623,2.95155199519165,0.01375,0.011,0.01375,0.01375,0,0,0,0
29/07/2014,3.52078149102446e-07,0.1,10.0393606384765,39.5123347814766,338.899062886852,0,8.09181557757377,32.3672623102951,2.43823860472353,0,400,25,21.5781748735301,72.826340198164,1.02662678093623,2.95155199519165,0.01375,0.011,0.01375,0.01375,0,0,0,0
30/07/2014,1.31064480697679e-08,0.1,10.0269024401251,0,339.797673002179,0,0,0,0,0,400,25,0,0,0,0,0.01375,0.011,0.01375,0.01375,0,0,0,0
31/07/2014,0,0.1,10.0168044478446,0,340.678951763886,0,0,0,0,0,400,25,0,0,0,0,0.01375,0.011,0.01375,0.01375,0,0,0,0
01/08/2014,0,0.1,10.0090696508551,0,341.542638294759,0,0,0,0,0,400,25,0,0,0,0,0.01375,0.011,0.01375,0.01375,0,0,0,0
02/08/2014,0,0.1,10.0037003388204,0,342.388476925256,0,0,0,0,0,400,25,0,0,0,0,0.01375,0.011,0.01375,0.01375,0,0,0,0
03/08/2014,0.000127696136486207,0.1,10.000698101171,38.6052828617386,343.216217269194,0,7.96705246156369,31.8682098462547,2.39630059167047,0,400,25,21.2454732308365,71.7034721540732,1.00896867017704,2.90078492675899,0.01375,0.011,0.01375,0.01375,0,0,0,0
04/08/2014,2.20044840414136e-06,0.1,10.0000638266329,38.6052828617384,344.025614297865,0,7.96705246156369,31.8682098462548,2.39630059167047,0,400,25,21.2454732308365,71.7034721540732,1.00896867017704,2.90078492675899,0.01375,0.011,0.01375,0.01375,0,0,0,0
05/08/2014,5.83150481174169e-08,0.1,10.0017977029648,0,344.816428412574,0,0,0,0,0,400,25,0,0,0,0,0.01375,0.011,0.01375,0.01375,0,0,0,0
06/08/2014,0,0.1,10.0058992169025,0,345.588425515561,0,0,0,0,0,400,25,0,0,0,0,0.01375,0.011,0.01375,0.01375,0,0,0,0
07/08/2014,0,0.1,10.0123671543109,0,346.341377079302,0,0,0,0,0,400,25,0,0,0,0,0.01375,0.011,0.01375,0.01375,0,0,0,0
08/08/2014,0,0.1,10.0211996005432,0,347.075060214155,0,0,0,0,0,400,25,0,0,0,0,0.01375,0.011,0.01375,0.01375,0,0,0,0
09/08/2014,0,0.1,10.032393941008,0,347.789257734344,0,0,0,0,0,400,25,0,0,0,0,0.01375,0.011,0.01375,0.01375,0,0,0,0
10/08/2014,0,0.1,10.0459468619428,0,348.483758222246,0,0,0,0,0,400,25,0,0,0,0,0.01375,0.011,0.01375,0.01375,0,0,0,0
11/08/2014,0,0.1,10.0618543513956,0,349.15835609098,0,0,0,0,0,400,25,0,0,0,0,0.01375,0.011,0.01375,0.01375,0,0,0,0
12/08/2014,0,0.1,10.0801117004118,0,349.812851645262,0,0,0,0,0,400,25,0,0,0,0,0.01375,0.011,0.01375,0.01375,0,0,0,0
13/08/2014,0,0.1,10.1007135044287,0,350.447051140518,0,0,0,0,0,400,25,0,0,0,0,0.01375,0.011,0.01375,0.01375,0,0,0,0
14/08/2014,0,0.1,10.1236536648752,0,351.06076684024,0,0,0,0,0,400,25,0,0,0,0,0.01375,0.011,0.01375,0.01375,0,0,0,0
15/08/2014,0,0.1,10.1489253909769,0,351.653817071558,0,0,0,0,0,400,25,0,0,0,0,0.01375,0.011,0.01375,0.01375,0,0,0,0
16/08/2014,0,0.1,10.1765212017667,0,352.226026279017,0,0,0,0,0,400,25,0,0,0,0,0.01375,0.011,0.01375,0.01375,0,0,0,0
17/08/2014,0.14765549609617,0.1,10.206432928299,37.9318077940484,352.777225076551,0,7.9907915651187,31.9631662604748,2.53288524528351,0,400,25,21.3087775069832,71.9171240860683,1.06647799801411,3.06612424429056,0.01375,0.011,0.01375,0.01375,0,0,0,0
18/08/2014,0.926574867149088,0.1,10.2386517160679,38.6562847046093,353.307250297619,0,7.7405182172478,30.9620728689912,2.5029689225389,0,400,25,20.6413819126608,69.6646639552302,1.05388165159533,3.02990974833657,0.01375,0.011,0.01375,0.01375,0,0,0,0
19/08/2014,0.489595831311459,0.1,10.2731680276286,36.0556836611329,353.815945043506,0,7.12991236662632,28.5196494665053,2.25664259420337,0,400,25,19.0130996443369,64.1692112996369,0.950165302822471,2.7317252456146,0.01375,0.011,0.01375,0.01375,0,0,0,0
20/08/2014,0.068417375797316,0.1,10.3099716454204,21.9866408062441,354.303158729775,0,4.95455255983794,19.8182102393517,1.4262978981897,0,400,25,13.2121401595678,44.5909730385414,0.600546483448296,1.72657113991385,0.01375,0.011,0.01375,0.01375,0,0,0,0
21/08/2014,0.0211950482967098,0.1,10.3490516747915,7.13509724529754,354.768747130835,0,2.22696692871632,8.90786771486527,0.457258804230717,0,400,25,5.93857847657684,20.0427023584468,0.192530022833986,0.55352381564771,0.01375,0.011,0.01375,0.01375,0,0,0,0
22/08/2014,0.0108905548124528,0.1,10.3903965472238,6.01491003362163,355.212572422639,0,1.41112553876882,5.64450215507528,0.229179796378564,0,400,25,3.76300143671686,12.7001298489194,0.0964967563699215,0.277428174563524,0.01375,0.011,0.01375,0.01375,0,0,0,0
23/08/2014,0.00850323899435968,0.1,10.4339940237578,6.23295766785342,355.634503223483,0,1.50394748181359,6.01578992725438,0.267169599880184,0,400,25,4.01052661816958,13.5355273363223,0.112492463107446,0.323415831433907,0.01375,0.011,0.01375,0.01375,0,0,0,0
24/08/2014,0.187503310870026,0.1,10.4798311986152,33.2328099696562,356.034414632895,0,7.00971993867894,28.0388797547157,2.21165079124882,0,400,25,18.6925865031438,63.0874794481104,0.931221385788978,2.67726148414331,0.01375,0.011,0.01375,0.01375,0,0,0,0
25/08/2014,0.07320837890131,0.1,10.5278945030197,27.4656824334752,356.412188268613,0,5.94321175904573,23.7728470361829,1.77146251850395,0,400,25,15.8485646907886,53.4889058314116,0.745878955159559,2.14440199608373,0.01375,0.011,0.01375,0.01375,0,0,0,0
26/08/2014,0.225329983597849,0.1,10.5781697092131,33.7415214686613,356.767712301624,0,7.04205516394539,28.1682206557816,2.23567649172275,0,400,25,18.778813770521,63.3784964755085,0.941337470199051,2.70634522682227,0.01375,0.011,0.01375,0.01375,0,0,0,0
27/08/2014,1.30093601637054,0.1,10.6306419346675,38.3078397443641,357.10088148927,0,7.59821856061506,30.3928742424603,2.47667848856609,0,400,25,20.2619161616402,68.3839670455356,1.04281199518572,2.99808448615896,0.01375,0.011,0.01375,0.01375,0,0,0,0
28/08/2014,0.500020146874506,0.1,10.6852956464909,35.1526054014841,357.4115972064,0,6.94570376241158,27.7828150496463,2.20409232699245,0,400,25,18.5218766997642,62.5113338617042,0.928038874523138,2.66811176425402,0.01375,0.011,0.01375,0.01375,0,0,0,0
29/08/2014,0.0185983879730794,0.1,10.7421146660246,10.5532174104846,357.69976747457,0,2.79814564699502,11.1925825879801,0.679437325819996,0,400,25,7.46172172532006,25.1833108229552,0.286078874029472,0.822476762834732,0.01375,0.011,0.01375,0.01375,0,0,0,0
30/08/2014,0.0393497346959518,0.1,10.8010821736331,6.46266147114396,357.965306989265,0,3.02314688875333,12.0925875550133,0.630718882567643,0,400,25,8.06172503667556,27.20832199878,0.265565845291639,0.763501805213462,0.01375,0.011,0.01375,0.01375,0,0,0,0
31/08/2014,0.00710806077318169,0.1,10.862180713683,6.01546352993157,358.208137145153,0,1.64849636498666,6.59398545994664,0.276656001791331,0,400,25,4.39599030663109,14.8364672848799,0.11648673759635,0.334899370589506,0.01375,0.011,0.01375,0.01375,0,0,0,0
01/09/2014,0.00269351251755822,0.1,10.9253921997097,6.00033513217921,358.428186059355,0,0.874293406000665,3.49717362400266,0.125919831637973,0,400,25,2.33144908266844,7.86864065400598,0.0530188764791467,0.152429269877547,0.01375,0.011,0.01375,0.01375,0,0,0,0
02/09/2014,0.00156977855856528,0.1,10.9906979197721,6.00000566899073,358.625388592724,0,0.857432970443134,3.42973188177254,0.122637129791434,0,400,25,2.28648792118169,7.71689673398821,0.0516366862279721,0.14845547290542,0.01375,0.011,0.01375,0.01375,0,0,0,0
03/09/2014,0.000273452671965198,0.1,11.0580785419912,6.35098559971532,358.799686369124,0,0.879281880710059,3.51712752284023,0.127645816931157,0,400,25,2.34475168189349,7.91353692639053,0.0537456071289082,0.154518620495611,0.01375,0.011,0.01375,0.01375,0,0,0,0
04/09/2014,0.00122419077779434,0.1,11.1275141202729,15.668235985799,358.951027792715,0,3.12153871947164,12.4861548778866,0.843482439408066,0,400,25,8.32410325192438,28.0938484752448,0.355150500803396,1.02105768980976,0.01375,0.011,0.01375,0.01375,0,0,0,0
05/09/2014,0.00524335636349307,0.1,11.1989841002127,6.02595906161334,359.079368063225,0,3.21808369807547,12.8723347923019,0.610688002982749,0,400,25,8.58155652820126,28.9627532826793,0.257131790729579,0.739253898347539,0.01375,0.011,0.01375,0.01375,0,0,0,0
06/09/2014,0.014221949911982,0.1,11.2724673251798,12.4857526748619,359.184669189209,0,4.46226862075266,17.8490744830106,1.1476541878324,0,400,25,11.8993829886738,40.1604175867739,0.483222815929433,1.38926559579712,0.01375,0.011,0.01375,0.01375,0,0,0,0
07/09/2014,0.0117472066107227,0.1,11.3479420425803,13.355605054276,359.2668999993,0,4.60935270838976,18.437410833559,1.19419036433148,0,400,25,12.2916072223727,41.4841743755078,0.50281699550799,1.44559886208547,0.01375,0.011,0.01375,0.01375,0,0,0,0
08/09/2014,0.000199926911698117,0.1,11.4253859102962,23.3776899131889,359.326036151433,0,5.97048675567997,23.8819470227199,1.70391353319333,0,400,25,15.9212980151466,53.7343808011198,0.717437277134035,2.06263217176035,0.01375,0.011,0.01375,0.01375,0,0,0,0
09/09/2014,2.76912633720306e-06,0.1,11.5047760032994,23.3776899131887,359.362060140052,0,5.97048675567997,23.8819470227199,1.70391353319334,0,400,25,15.9212980151466,53.7343808011198,0.717437277134038,2.06263217176036,0.01375,0.011,0.01375,0.01375,0,0,0,0
10/09/2014,0.0128498392096291,0.1,11.5860888204375,30.3952770542658,359.374961301293,0,7.22390965254694,28.8956386101878,2.23758747365669,0,400,25,19.2637590734585,65.0151868729225,0.942142094171239,2.70865852074231,0.01375,0.011,0.01375,0.01375,0,0,0,0
11/09/2014,0.00421050521923817,0.1,11.6693002913912,38.7636182728654,359.364735816136,0,7.99362839864696,31.9745135945879,2.40636552668881,0,400,25,21.3163423963919,71.9426555878227,1.01320653755318,2.91296879546541,0.01375,0.011,0.01375,0.01375,0,0,0,0
12/09/2014,3.80174093766603e-05,0.1,11.7543857837993,38.7636182728656,359.331386711544,0,7.9936283986469,31.9745135945876,2.40636552668881,0,400,25,21.3163423963917,71.9426555878221,1.01320653755318,2.91296879546541,0.01375,0.011,0.01375,0.01375,0,0,0,0
13/09/2014,5.74488953289363e-07,0.1,11.8413201105505,38.7636182728655,359.274923859559,0,7.99362839864691,31.9745135945876,2.40636552668882,0,400,25,21.3163423963918,71.9426555878222,1.01320653755319,2.91296879546542,0.01375,0.011,0.01375,0.01375,0,0,0,0
14/09/2014,1.95297708454367e-08,0.1,11.9300775372393,0,359.195363974383,0,0,0,0,0,400,25,0,0,0,0,0.01375,0.011,0.01375,0.01375,0,0,0,0
15/09/2014,0,0.1,12.0206317897838,0,359.09273060743,0,0,0,0,0,400,25,0,0,0,0,0.01375,0.011,0.01375,0.01375,0,0,0,0
16/09/2014,0,0.1,12.1129560622039,0,358.967054140356,0,0,0,0,0,400,25,0,0,0,0,0.01375,0.011,0.01375,0.01375,0,0,0,0
17/09/2014,0,0.1,12.2070230245555,0,358.818371776061,0,0,0,0,0,400,25,0,0,0,0,0.01375,0.011,0.01375,0.01375,0,0,0,0
18/09/2014,0,0.1,12.3028048310218,0,358.646727527679,0,0,0,0,0,400,25,0,0,0,0,0.01375,0.011,0.01375,0.01375,0,0,0,0
19/09/2014,0,0.1,12.4002731281556,0,358.452172205552,0,0,0,0,0,400,25,0,0,0,0,0.01375,0.011,0.01375,0.01375,0,0,0,0
20/09/2014,0,0.1,12.4993990632724,0,358.234763402183,0,0,0,0,0,400,25,0,0,0,0,0.01375,0.011,0.01375,0.01375,0,0,0,0
21/09/2014,0,0.1,12.600153292992,0,357.994565475191,0,0,0,0,0,400,25,0,0,0,0,0.01375,0.011,0.01375,0.01375,0,0,0,0
22/09/2014,0,0.1,12.7025059919243,0,357.73164952826,0,0,0,0,0,400,25,0,0,0,0,0.01375,0.011,0.01375,0.01375,0,0,0,0
23/09/2014,0,0.1,12.8064268614986,0,357.446093390089,0,0,0,0,0,400,25,0,0,0,0,0.01375,0.011,0.01375,0.01375,0,0,0,0
24/09/2014,0,0.1,12.9118851389321,0,357.137981591355,0,0,0,0,0,400,25,0,0,0,0,0.01375,0.011,0.01375,0.01375,0,0,0,0
25/09/2014,0,0.1,13.0188496063369,0,356.807405339689,0,0,0,0,0,400,25,0,0,0,0,0.01375,0.011,0.01375,0.01375,0,0,0,0
26/09/2014,0.00715660276245556,0.1,13.1272885999607,31.2306262792221,356.454462492675,0,7.33816679048292,29.3526671619317,2.27584245236475,0,400,25,19.5684447746211,66.0435011143463,0.958249453627262,2.75496717917838,0.01375,0.011,0.01375,0.01375,0,0,0,0
27/09/2014,0.00312756083206772,0.1,13.2371700195604,39.0821279284596,356.079257528887,0,8.03285787907548,32.1314315163019,2.41847153896641,0,400,25,21.4209543442013,72.2957209116793,1.01830380588059,2.9276234419067,0.01375,0.011,0.01375,0.01375,0,0,0,0
28/09/2014,2.98548190452266e-05,0.1,13.3484613379039,39.0821279284596,355.681901516956,0,8.03285787907548,32.1314315163019,2.41847153896639,0,400,25,21.4209543442013,72.2957209116794,1.01830380588059,2.92762344190668,0.01375,0.011,0.01375,0.01375,0,0,0,0
29/09/2014,4.71240456858501e-07,0.1,13.4611296103994,39.0821279284594,355.262512082693,0,8.03285787907546,32.1314315163018,2.41847153896638,0,400,25,21.4209543442012,72.2957209116791,1.01830380588058,2.92762344190667,0.01375,0.011,0.01375,0.01375,0,0,0,0
30/09/2014,1.66192819269844e-08,0.1,13.5751414848473,0,354.82121337427,0,0,0,0,0,400,25,0,0,0,0,0.01375,0.011,0.01375,0.01375,0,0,0,0
01/10/2014,0,0.1,13.6904632113135,0,354.35813602547,0,0,0,0,0,400,25,0,0,0,0,0.01375,0.011,0.01375,0.01375,0,0,0,0
02/10/2014,0,0.1,13.8070606521197,0,353.873417117015,0,0,0,0,0,400,25,0,0,0,0,0.01375,0.011,0.01375,0.01375,0,0,0,0
03/10/2014,0,0.1,13.9248992919492,0,353.367200135988,0,0,0,0,0,400,25,0,0,0,0,0.01375,0.011,0.01375,0.01375,0,0,0,0
04/10/2014,0,0.1,14.0439442480639,0,352.839634933357,0,0,0,0,0,400,25,0,0,0,0,0.01375,0.011,0.01375,0.01375,0,0,0,0
05/10/2014,0,0.1,14.1641602806307,0,352.290877679617,0,0,0,0,0,400,25,0,0,0,0,0.01375,0.011,0.01375,0.01375,0,0,0,0
06/10/2014,0,0.1,14.2855118031529,0,351.721090818561,0,0,0,0,0,400,25,0,0,0,0,0.01375,0.011,0.01375,0.01375,0,0,0,0
07/10/2014,0,0.1,14.4079628930047,0,351.13044301919,0,0,0,0,0,400,25,0,0,0,0,0.01375,0.011,0.01375,0.01375,0,0,0,0
08/10/2014,0,0.1,14.5314773020651,0,350.519109125787,0,0,0,0,0,400,25,0,0,0,0,0.01375,0.011,0.01375,0.01375,0,0,0,0
09/10/2014,0,0.1,14.6560184674478,0,349.887270106158,0,0,0,0,0,400,25,0,0,0,0,0.01375,0.011,0.01375,0.01375,0,0,0,0
10/10/2014,0,0.1,14.7815495223251,0,349.235112998059,0,0,0,0,0,400,25,0,0,0,0,0.01375,0.011,0.01375,0.01375,0,0,0,0
11/10/2014,0,0.1,14.908033306841,0,348.562830853834,0,0,0,0,0,400,25,0,0,0,0,0.01375,0.011,0.01375,0.01375,0,0,0,0
12/10/2014,0,0.1,15.0354323791111,0,347.870622683264,0,0,0,0,0,400,25,0,0,0,0,0.01375,0.011,0.01375,0.01375,0,0,0,0
13/10/2014,0,0.1,15.1637090263067,0,347.158693394657,0,0,0,0,0,400,25,0,0,0,0,0.01375,0.011,0.01375,0.01375,0,0,0,0
14/10/2014,0.0163998677956175,0.1,15.292825275818,35.544325439814,346.427253734189,0,7.93244124169272,31.7297649667709,2.47582287408251,0,400,25,21.1531766445139,71.3919711752345,1.04245173645579,2.9970487423104,0.01375,0.011,0.01375,0.01375,0,0,0,0
15/10/2014,0.106921011093002,0.1,15.4227429064953,37.1969365434659,345.676520223521,0,7.99767474638017,31.9906989855207,2.50486981634121,0,400,25,21.3271326570138,71.9790727174215,1.05468202793314,3.03221083030778,0.01375,0.011,0.01375,0.01375,0,0,0,0
16/10/2014,0.0255923523567639,0.1,15.553423459963,37.4883194002257,344.906715095704,0,7.99367109204567,31.9746843681827,2.44872300482496,0,400,25,21.3164562454551,71.943039828411,1.03104126518946,2.96424363741969,0.01375,0.011,0.01375,0.01375,0,0,0,0
17/10/2014,0.000165932296058791,0.1,15.6848282520041,37.488319400225,344.11806622939,0,7.9936710920456,31.9746843681824,2.44872300482497,0,400,25,21.3164562454549,71.9430398284104,1.03104126518946,2.9642436374197,0.01375,0.011,0.01375,0.01375,0,0,0,0
18/10/2014,1.92063865671368e-06,0.1,15.8169183840117,37.4883194002248,343.310807081381,0,7.99367109204561,31.9746843681824,2.44872300482499,0,400,25,21.316456245455,71.9430398284105,1.03104126518947,2.96424363741972,0.01375,0.011,0.01375,0.01375,0,0,0,0
19/10/2014,5.2199610621026e-08,0.1,15.9496547545038,0,342.485176617513,0,0,0,0,0,400,25,0,0,0,0,0.01375,0.011,0.01375,0.01375,0,0,0,0
20/10/2014,0,0.1,16.0829980706979,0,341.641419241926,0,0,0,0,0,400,25,0,0,0,0,0.01375,0.011,0.01375,0.01375,0,0,0,0
21/10/2014,0,0.1,16.2169088601428,0,340.779784724706,0,0,0,0,0,400,25,0,0,0,0,0.01375,0.011,0.01375,0.01375,0,0,0,0
22/10/2014,0.00104355761176319,0.1,16.3513474824032,38.9015828049648,339.900528127956,0,8.00440119390313,32.0176047756125,2.40805138638286,0,400,25,21.3450698504084,72.0396107451282,1.01391637321383,2.91500957298977,0.01375,0.011,0.01375,0.01375,0,0,0,0
23/10/2014,1.22479268651289e-05,0.1,16.486274140794,38.9015828049648,339.003909730285,0,8.00440119390311,32.0176047756124,2.40805138638285,0,400,25,21.3450698504083,72.039610745128,1.01391637321383,2.91500957298977,0.01375,0.011,0.01375,0.01375,0,0,0,0
24/10/2014,2.36097340778646e-07,0.1,16.6216488941613,38.9015828049646,338.090194949768,0,8.00440119390308,32.0176047756123,2.40805138638285,0,400,25,21.3450698504082,72.0396107451278,1.01391637321383,2.91500957298976,0.01375,0.011,0.01375,0.01375,0,0,0,0
25/10/2014,0.000842420018373211,0.1,16.7574316687051,38.8813164659685,337.159654265367,0,8.00184661335738,32.0073864534295,2.40724765491222,0,400,25,21.3382576356197,72.0166195202164,1.01357795996304,2.91403663489375,0.01375,0.011,0.01375,0.01375,0,0,0,0
26/10/2014,1.02826353093242e-05,0.1,16.893582269843,38.8813164659683,336.212563136873,0,8.00184661335743,32.0073864534297,2.40724765491222,0,400,25,21.3382576356198,72.0166195202169,1.01357795996304,2.91403663489374,0.01375,0.011,0.01375,0.01375,0,0,0,0
27/10/2014,2.04746764992916e-07,0.1,17.0300603941077,38.8813164659682,335.249201923357,0,8.00184661335744,32.0073864534298,2.40724765491224,0,400,25,21.3382576356198,72.016619520217,1.01357795996305,2.91403663489376,0.01375,0.011,0.01375,0.01375,0,0,0,0
28/10/2014,0,0.1,17.1668256410784,0,334.269855800181,0,0,0,0,0,400,25,0,0,0,0,0.01375,0.011,0.01375,0.01375,0,0,0,0
29/10/2014,0,0.1,17.3038375253397,0,333.27481467458,0,0,0,0,0,400,25,0,0,0,0,0.01375,0.011,0.01375,0.01375,0,0,0,0
30/10/2014,0,0.1,17.4410554884664,0,332.264373099842,0,0,0,0,0,400,25,0,0,0,0,0.01375,0.011,0.01375,0.01375,0,0,0,0
31/10/2014,0,0.1,17.5784389110296,0,331.238830188116,0,0,0,0,0,400,25,0,0,0,0,0.01375,0.011,0.01375,0.01375,0,0,0,0
01/11/2014,0,0.1,17.7159471246209,0,330.198489521866,0,0,0,0,0,400,25,0,0,0,0,0.01375,0.011,0.01375,0.01375,0,0,0,0
02/11/2014,0,0.1,17.853539423891,0,329.143659064006,0,0,0,0,0,400,25,0,0,0,0,0.01375,0.011,0.01375,0.01375,0,0,0,0
03/11/2014,0,0.1,17.9911750785997,0,328.074651066735,0,0,0,0,0,400,25,0,0,0,0,0.01375,0.011,0.01375,0.01375,0,0,0,0
04/11/2014,0,0.1,18.1288133456723,0,326.991781979106,0,0,0,0,0,400,25,0,0,0,0,0.01375,0.011,0.01375,0.01375,0,0,0,0
05/11/2014,0,0.1,18.2664134812612,0,325.895372353347,0,0,0,0,0,400,25,0,0,0,0,0.01375,0.011,0.01375,0.01375,0,0,0,0
06/11/2014,0,0.1,18.4039347528061,0,324.785746749974,0,0,0,0,0,400,25,0,0,0,0,0.01375,0.011,0.01375,0.01375,0,0,0,0
07/11/2014,0.00206725751521382,0.1,18.5413364510926,39.3783008233412,323.663233641712,0,8.06449170042116,32.2579668016846,2.42695728122928,0,400,25,21.5053112011231,72.5804253037904,1.02187674999128,2.93789565622492,0.01375,0.011,0.01375,0.01375,0,0,0,0
08/11/2014,2.14057489813768e-05,0.1,18.678577902302,39.3783008233412,322.528165316262,0,8.06449170042116,32.2579668016846,2.42695728122928,0,400,25,21.5053112011231,72.5804253037904,1.02187674999128,2.93789565622492,0.01375,0.011,0.01375,0.01375,0,0,0,0
09/11/2014,3.58741490777476e-07,0.1,18.8156184800527,39.3783008233415,321.380877777935,0,8.06449170042115,32.2579668016846,2.42695728122927,0,400,25,21.5053112011231,72.5804253037904,1.02187674999127,2.93789565622491,0.01375,0.011,0.01375,0.01375,0,0,0,0
10/11/2014,1.33081491389851e-08,0.1,18.9524176174254,0,320.221710648189,0,0,0,0,0,400,25,0,0,0,0,0.01375,0.011,0.01375,0.01375,0,0,0,0
11/11/2014,0,0.1,19.0889348189725,0,319.05100706509,0,0,0,0,0,400,25,0,0,0,0,0.01375,0.011,0.01375,0.01375,0,0,0,0
12/11/2014,0,0.1,19.2251296727055,0,317.869113581744,0,0,0,0,0,400,25,0,0,0,0,0.01375,0.011,0.01375,0.01375,0,0,0,0
13/11/2014,0,0.1,19.3609618620575,0,316.676380063702,0,0,0,0,0,400,25,0,0,0,0,0.01375,0.011,0.01375,0.01375,0,0,0,0
14/11/2014,0,0.1,19.496391177818,0,315.473159585395,0,0,0,0,0,400,25,0,0,0,0,0.01375,0.011,0.01375,0.01375,0,0,0,0
15/11/2014,0,0.1,19.6313775300357,0,314.259808325618,0,0,0,0,0,400,25,0,0,0,0,0.01375,0.011,0.01375,0.01375,0,0,0,0
16/11/2014,0,0.1,19.7658809598859,0,313.036685462092,0,0,0,0,0,400,25,0,0,0,0,0.01375,0.011,0.01375,0.01375,0,0,0,0
17/11/2014,0,0.1,19.899861651499,0,311.80415306514,0,0,0,0,0,400,25,0,0,0,0,0.01375,0.011,0.01375,0.01375,0,0,0,0
18/11/2014,0,0.1,20.0332799437473,0,310.562575990505,0,0,0,0,0,400,25,0,0,0,0,0.01375,0.011,0.01375,0.01375,0,0,0,0
19/11/2014,0,0.1,20.166096341985,0,309.31232177135,0,0,0,0,0,400,25,0,0,0,0,0.01375,0.011,0.01375,0.01375,0,0,0,0
20/11/2014,0,0.1,20.2982715297398,0,308.053760509454,0,0,0,0,0,400,25,0,0,0,0,0.01375,0.011,0.01375,0.01375,0,0,0,0
21/11/2014,0,0.1,20.4297663803513,0,306.787264765657,0,0,0,0,0,400,25,0,0,0,0,0.01375,0.011,0.01375,0.01375,0,0,0,0
22/11/2014,0,0.1,20.5605419685534,0,305.513209449576,0,0,0,0,0,400,25,0,0,0,0,0.01375,0.011,0.01375,0.01375,0,0,0,0
23/11/2014,0,0.1,20.6905595819968,0,304.231971708621,0,0,0,0,0,400,25,0,0,0,0,0.01375,0.011,0.01375,0.01375,0,0,0,0
24/11/2014,0,0.1,20.8197807327088,0,302.94393081635,0,0,0,0,0,400,25,0,0,0,0,0.01375,0.011,0.01375,0.01375,0,0,0,0
25/11/2014,0,0.1,20.9481671684868,0,301.649468060202,0,0,0,0,0,400,25,0,0,0,0,0.01375,0.011,0.01375,0.01375,0,0,0,0
26/11/2014,0.000331192238170487,0.1,21.0756808842214,38.8899576589336,300.348966628621,0,8.00293583936137,32.0117433574455,2.40759035117972,0,400,25,21.341162238297,72.0264225542524,1.0137222531283,2.91445147774387,0.01375,0.011,0.01375,0.01375,0,0,0,0
27/11/2014,4.79548049837401e-06,0.1,21.2022841331467,38.8899576589336,299.042811497628,0,8.00293583936139,32.0117433574456,2.40759035117971,0,400,25,21.341162238297,72.0264225542525,1.0137222531283,2.91445147774386,0.01375,0.011,0.01375,0.01375,0,0,0,0
28/11/2014,1.09994087431238e-07,0.1,21.3279394380145,0,297.73138931686,0,0,0,0,0,400,25,0,0,0,0,0.01375,0.011,0.01375,0.01375,0,0,0,0
29/11/2014,0,0.1,21.4526096021881,0,296.41508829511,0,0,0,0,0,400,25,0,0,0,0,0.01375,0.011,0.01375,0.01375,0,0,0,0
30/11/2014,0,0.1,21.5762577206533,0,295.094298085414,0,0,0,0,0,400,25,0,0,0,0,0.01375,0.011,0.01375,0.01375,0,0,0,0
01/12/2014,0.0499895265839008,0.1,21.6988471909432,38.6269869070922,293.769409669701,0,8.35904772462586,33.4361908985034,2.61983449324339,0,400,25,22.2907939323356,75.2314295216327,1.10308820768143,3.1713785970841,0.01375,0.011,0.01375,0.01375,0,0,0,0
02/12/2014,0.0441638721773846,0.1,21.8203417239731,38.7964096431608,292.440815243058,0,8.25262558518838,33.0105023407535,2.55345905411146,0,400,25,22.0070015605024,74.2736302666955,1.07514065436272,3.09102938129282,0.01375,0.011,0.01375,0.01375,0,0,0,0
03/12/2014,0.00603934735935317,0.1,21.9407053547832,39.7368801303886,291.108908097629,0,8.12097706050052,32.4839082420021,2.44763422063741,0,400,25,21.6559388280014,73.0887935445047,1.03058282974207,2.96292563550844,0.01375,0.011,0.01375,0.01375,0,0,0,0
04/12/2014,0.0673499994929198,0.1,22.0599024531845,38.3555074115757,289.774082506192,0,8.3069935432266,33.2279741729064,2.59886617981044,0,400,25,22.1519827819376,74.7629418890394,1.09425944413071,3.14599590187579,0.01375,0.011,0.01375,0.01375,0,0,0,0
05/12/2014,0.0752198971841415,0.1,22.1778977343065,37.2038986714731,288.436733605447,0,7.80559974040414,31.2223989616166,2.41244935394574,0,400,25,20.8149326410777,70.2503976636373,1.01576814902978,2.92033342846063,0.01375,0.011,0.01375,0.01375,0,0,0,0
06/12/2014,0.0111782798355395,0.1,22.294656269042,34.7524205807449,287.097257279049,0,6.5915639986607,26.3662559946428,1.94134139046363,0,400,25,17.5775039964285,59.3240759879464,0.817406901247844,2.35004484108755,0.01375,0.011,0.01375,0.01375,0,0,0,0
07/12/2014,0.129247076479783,0.1,22.4101434943871,36.0138097328853,285.756050040415,0,7.62656249048146,30.5062499619258,2.40439195668174,0,400,25,20.3374999746172,68.6390624143332,1.0123755607081,2.91057973703579,0.01375,0.011,0.01375,0.01375,0,0,0,0
08/12/2014,0.0889198886584001,0.1,22.5243252236724,34.7667321458504,284.413508915348,0,7.17447264808354,28.6978905923342,2.20660038711309,0,400,25,19.1319270615561,64.5702538327518,0.92909489983709,2.67114783703163,0.01375,0.011,0.01375,0.01375,0,0,0,0
09/12/2014,0.00911544782392075,0.1,22.637167656683,28.168960629579,283.070031324511,0,5.05729655693516,20.2291862277406,1.44701007235948,0,400,25,13.4861241518271,45.5156690124164,0.609267398888202,1.75164377180358,0.01375,0.011,0.01375,0.01375,0,0,0,0
10/12/2014,0.00286826752138274,0.1,22.7486373896641,6.85590149171252,281.726014965779,0,0.980603349919742,3.92241339967897,0.159842420143833,0,400,25,2.61494226645264,8.82543014927768,0.0673020716395084,0.193493455963587,0.01375,0.011,0.01375,0.01375,0,0,0,0
11/12/2014,0.00657805069277369,0.1,22.8587014252095,29.8125117014206,280.381857696517,0,6.79085531411787,27.1634212564715,2.08148629913301,0,400,25,18.1089475043143,61.1176978270609,0.876415283845478,2.51969394105575,0.01375,0.011,0.01375,0.01375,0,0,0,0
12/12/2014,0.0429798772646672,0.1,22.9673271820289,35.2814877610042,279.037957415799,0,7.77826494072028,31.1130597628811,2.41815962668398,0,400,25,20.7420398419208,70.0043844664825,1.01817247439326,2.92724586388061,0.01375,0.011,0.01375,0.01375,0,0,0,0
13/12/2014,0.00599831517026282,0.1,23.0744825045931,39.274688118819,277.694711946626,0,7.99714761279023,31.9885904511609,2.4073386276399,0,400,25,21.3257269674406,71.9743285151121,1.01361626426943,2.91414675977461,0.01375,0.011,0.01375,0.01375,0,0,0,0
14/12/2014,5.04641952264804e-05,0.1,23.180135672653,39.2746881188193,276.352518918163,0,7.99714761279026,31.9885904511611,2.4073386276399,0,400,25,21.3257269674407,71.9743285151124,1.01361626426943,2.91414675977461,0.01375,0.011,0.01375,0.01375,0,0,0,0
15/12/2014,7.2456595081593e-07,0.1,23.2842554106286,39.2746881188193,275.011775648026,0,7.99714761279027,31.9885904511611,2.4073386276399,0,400,25,21.3257269674407,71.9743285151124,1.01361626426943,2.91414675977461,0.01375,0.011,0.01375,0.01375,0,0,0,0
16/12/2014,2.35940703979362e-08,0.1,23.3868108968681,0,273.672879024676,0,0,0,0,0,400,25,0,0,0,0,0.01375,0.011,0.01375,0.01375,0,0,0,0
17/12/2014,0,0.1,23.4877717727713,0,272.336225389925,0,0,0,0,0,400,25,0,0,0,0,0.01375,0.011,0.01375,0.01375,0,0,0,0
18/12/2014,0,0.1,23.5871081517765,0,271.002210421614,0,0,0,0,0,400,25,0,0,0,0,0.01375,0.011,0.01375,0.01375,0,0,0,0
19/12/2014,0,0.1,23.6847906282074,0,269.671229016481,0,0,0,0,0,400,25,0,0,0,0,0.01375,0.011,0.01375,0.01375,0,0,0,0
20/12/2014,0,0.1,23.7807902859783,0,268.343675173266,0,0,0,0,0,400,25,0,0,0,0,0.01375,0.011,0.01375,0.01375,0,0,0,0
21/12/2014,0,0.1,23.8750787071532,0,267.019941876079,0,0,0,0,0,400,25,0,0,0,0,0.01375,0.011,0.01375,0.01375,0,0,0,0
22/12/2014,0,0.1,23.9676279803587,0,265.700420978066,0,0,0,0,0,400,25,0,0,0,0,0.01375,0.011,0.01375,0.01375,0,0,0,0
23/12/2014,0,0.1,24.0584107090458,0,264.385503085413,0,0,0,0,0,400,25,0,0,0,0,0.01375,0.011,0.01375,0.01375,0,0,0,0
24/12/2014,0.000912758825886242,0.1,24.1474000196006,39.2830625289986,263.07557744172,0,8.05248687340318,32.2099474936127,2.42318027866427,0,400,25,21.4732983290752,72.4723818606286,1.0202864331218,2.93332349522517,0.01375,0.011,0.01375,0.01375,0,0,0,0
25/12/2014,0.00205309376118646,0.1,24.2345695692986,39.5619892475217,261.771031812774,0,8.08764570346912,32.3505828138765,2.43424207831727,0,400,25,21.567055209251,72.7888113312221,1.02494403297569,2.94671409480512,0.01375,0.011,0.01375,0.01375,0,0,0,0
26/12/2014,0.0712709317436999,0.1,24.3198935541034,38.1587923256569,260.472252371766,0,8.29547587984879,33.1819035193952,2.59866055624861,0,400,25,22.1212690129301,74.6592829186391,1.09417286578889,3.14574698914305,0.01375,0.011,0.01375,0.01375,0,0,0,0
27/12/2014,0.0512216363136186,0.1,24.4033467163048,36.433307653783,259.17962358497,0,7.40093344780897,29.6037337912359,2.24948296918388,0,400,25,19.7358225274906,66.6084010302808,0.947150723866898,2.72305833111733,0.01375,0.011,0.01375,0.01375,0,0,0,0
28/12/2014,0.000293408790350879,0.1,24.484904351996,36.4333076537834,257.893528097937,0,7.40093344780905,29.6037337912362,2.2494829691839,0,400,25,19.7358225274908,66.6084010302815,0.947150723866905,2.72305833111735,0.01375,0.011,0.01375,0.01375,0,0,0,0
29/12/2014,3.06226576793264e-06,0.1,24.5645423183859,36.4333076537834,256.614346622224,0,7.40093344780909,29.6037337912364,2.24948296918391,0,400,25,19.7358225274909,66.6084010302819,0.947150723866908,2.72305833111736,0.01375,0.011,0.01375,0.01375,0,0,0,0
30/12/2014,7.63305268230098e-08,0.1,24.6422370409468,0,255.342457822691,0,0,0,0,0,400,25,0,0,0,0,0.01375,0.011,0.01375,0.01375,0,0,0,0
31/12/2014,0,0.1,24.7179655203918,0,254.078238205414,0,0,0,0,0,400,25,0,0,0,0,0.01375,0.011,0.01375,0.01375,0,0,0,0
01/01/2015,0,0.1,24.8051371179797,0,252.59041410873,0,0,0,0,0,400,25,0,0,0,0,0.01375,0.011,0.01375,0.01375,0,0,0,0
02/01/2015,0,0.1,24.8764918925008,0,251.344251726306,0,0,0,0,0,400,25,0,0,0,0,0.01375,0.011,0.01375,0.01375,0,0,0,0
03/01/2015,0,0.1,24.9458110794992,0,250.106942079986,0,0,0,0,0,400,25,0,0,0,0,0.01375,0.011,0.01375,0.01375,0,0,0,0
04/01/2015,0,0.1,25.0130741590243,0,248.878851439682,0,0,0,0,0,400,25,0,0,0,0,0.01375,0.011,0.01375,0.01375,0,0,0,0
05/01/2015,0.0779180002849646,0.1,25.0782612197774,37.7848103314986,247.660343346284,0,8.21187536630211,32.8475014652084,2.5732063055135,0,400,25,21.898334310139,73.906878296719,1.083455286532,3.1149339487795,0.01375,0.011,0.01375,0.01375,0,0,0,0
06/01/2015,0.0150200711314226,0.1,25.1413529650052,39.8648064093939,246.451778504046,0,8.13544212393174,32.541768495727,2.45204081803523,0,400,25,21.6945123304847,73.2189791153857,1.03243823917273,2.96825993762159,0.01375,0.011,0.01375,0.01375,0,0,0,0
07/01/2015,0.000107209901611663,0.1,25.2023307182122,39.8648064093933,245.253514673805,0,8.13544212393165,32.5417684957266,2.45204081803518,0,400,25,21.6945123304844,73.2189791153848,1.03243823917271,2.96825993762154,0.01375,0.011,0.01375,0.01375,0,0,0,0
08/01/2015,1.34318317400273e-06,0.1,25.2611764286895,39.8648064093931,244.065906567085,0,8.1354421239317,32.5417684957268,2.45204081803517,0,400,25,21.6945123304845,73.2189791153853,1.0324382391727,2.96825993762152,0.01375,0.011,0.01375,0.01375,0,0,0,0
09/01/2015,3.9008137742311e-08,0.1,25.317872676858,0,242.889305741087,0,0,0,0,0,400,25,0,0,0,0,0.01375,0.011,0.01375,0.01375,0,0,0,0
10/01/2015,0,0.1,25.3724026794253,0,241.724060494622,0,0,0,0,0,400,25,0,0,0,0,0.01375,0.011,0.01375,0.01375,0,0,0,0
11/01/2015,0.120929317626704,0.1,25.4247502943533,36.3705329167213,240.570515765012,0,7.79651248300017,31.1860499320007,2.44951171985171,0,400,25,20.7906999546671,70.1686123470015,1.03137335572704,2.96519839771523,0.01375,0.011,0.01375,0.01375,0,0,0,0
12/01/2015,0.136129618255815,0.1,25.4749000256372,36.440848589904,239.429013025974,0,7.56760997972769,30.2704399189107,2.36655756919605,0,400,25,20.1802932792738,68.1084898175492,0.996445292293073,2.86478021534259,0.01375,0.011,0.01375,0.01375,0,0,0,0
13/01/2015,0.0111175750524117,0.1,25.5228370278924,35.0772148178811,238.299890186543,0,6.336380941055,25.34552376422,1.85082640260203,0,400,25,16.8970158428133,57.027428469495,0.77929532741138,2.24047406630772,0.01375,0.011,0.01375,0.01375,0,0,0,0
14/01/2015,8.31210551895386e-05,0.1,25.5685471107489,35.0772148178816,237.18348149104,0,6.33638094105507,25.3455237642203,1.85082640260201,0,400,25,16.8970158428135,57.0274284694957,0.779295327411372,2.2404740663077,0.01375,0.011,0.01375,0.01375,0,0,0,0
15/01/2015,1.09048993225638e-06,0.1,25.6120167430522,35.0772148178819,236.08011742013,0,6.33638094105506,25.3455237642203,1.85082640260203,0,400,25,16.8970158428135,57.0274284694956,0.779295327411379,2.24047406630772,0.01375,0.011,0.01375,0.01375,0,0,0,0
16/01/2015,3.29173741747984e-08,0.1,25.6532330568687,0,234.990124592991,0,0,0,0,0,400,25,0,0,0,0,0.01375,0.011,0.01375,0.01375,0,0,0,0
17/01/2015,0,0.1,25.6921838512949,0,233.91382567063,0,0,0,0,0,400,25,0,0,0,0,0.01375,0.011,0.01375,0.01375,0,0,0,0
18/01/2015,0,0.1,25.7288575960691,0,232.851539260369,0,0,0,0,0,400,25,0,0,0,0,0.01375,0.011,0.01375,0.01375,0,0,0,0
19/01/2015,0,0.1,25.7632434349846,0,231.803579821526,0,0,0,0,0,400,25,0,0,0,0,0.01375,0.011,0.01375,0.01375,0,0,0,0
20/01/2015,0.000186993729219178,0.1,25.7953311891033,39.0937208513903,230.770257572335,0,8.02862027538533,32.1144811015413,2.41567128234167,0,400,25,21.4096540676942,72.257582478468,1.01712475045965,2.92423365757149,0.01375,0.011,0.01375,0.01375,0,0,0,0
21/01/2015,0.00357242063592883,0.1,25.8251113597692,39.7782337595051,229.751878398107,0,8.11490341506367,32.4596136602547,2.442817999191,0,400,25,21.6397424401698,73.034130735573,1.02855494702779,2.95709547270489,0.01375,0.011,0.01375,0.01375,0,0,0,0
22/01/2015,0.00251625988858322,0.1,25.8525751314198,39.7270184584303,228.74874376069,0,8.10844770484415,32.4337908193766,2.44078688004021,0,400,25,21.6225272129177,72.9760293435974,1.0276997389643,2.95463674952236,0.01375,0.011,0.01375,0.01375,0,0,0,0
23/01/2015,0.000841455453157398,0.1,25.8777143741959,39.5560167805375,227.761150609223,0,8.08689287149632,32.3475714859853,2.4340052195697,0,400,25,21.5650476573235,72.7820358434669,1.02484430297672,2.94642737105806,0.01375,0.011,0.01375,0.01375,0,0,0,0
24/01/2015,0.0186012259423514,0.1,25.9005216463481,36.6698832960907,226.789391292236,0,8.08628270782704,32.3451308313082,2.52730491326333,0,400,25,21.5634205542054,72.7765443704434,1.06412838453193,3.05936910552929,0.01375,0.011,0.01375,0.01375,0,0,0,0
25/01/2015,0.00772022213978512,0.1,25.9209901964399,39.8370609385462,225.833753471109,0,8.12839580814979,32.5135832325992,2.44862741476487,0,400,25,21.6757221550661,73.1555622733482,1.0310010167431,2.96412792313642,0.01375,0.011,0.01375,0.01375,0,0,0,0
26/01/2015,0.00334195964701691,0.1,25.9391139653462,39.7376578730628,224.894520034914,0,8.10990293009309,32.4396117203724,2.44127410568505,0,400,25,21.6264078135816,72.9891263708378,1.02790488660423,2.95522654898717,0.01375,0.011,0.01375,0.01375,0,0,0,0
27/01/2015,0.0182972606087605,0.1,25.9548875880467,36.015775669669,223.971969016682,0,7.99758822406589,31.9903528962636,2.49779221884324,0,400,25,21.3269019308424,71.978294016593,1.05170198688137,3.02364321228393,0.01375,0.011,0.01375,0.01375,0,0,0,0
28/01/2015,0.318771936679165,0.1,25.9683063952143,37.2956663197888,223.066373511089,0,7.62665955138582,30.5066382055433,2.43791795503803,0,400,25,20.3377588036955,68.6399359624724,1.02649177054233,2.95116384030919,0.01375,0.011,0.01375,0.01375,0,0,0,0
29/01/2015,0.0700503752383818,0.1,25.9793664145975,35.4623140998618,222.178001593623,0,6.97221337765147,27.8888535106059,2.11066201000978,0,400,25,18.5925690070706,62.7499203988632,0.888699793688329,2.55501190685395,0.01375,0.011,0.01375,0.01375,0,0,0,0
30/01/2015,0.00244275165941446,0.1,25.9880643721958,36.7474926888053,221.307116241223,0,7.39669801138019,29.5867920455208,2.2168628314049,0,400,25,19.7245280303472,66.5702821024218,0.933415929012588,2.68357079591119,0.01375,0.011,0.01375,0.01375,0,0,0,0
31/01/2015,2.34490274293275e-05,0.1,25.9943976932292,36.7474926888048,220.453975254433,0,7.39669801138025,29.586792045521,2.21686283140491,0,400,25,19.7245280303473,66.5702821024223,0.933415929012593,2.68357079591121,0.01375,0.011,0.01375,0.01375,0,0,0,0
01/02/2015,3.86588036992175e-07,0.1,25.9983645029001,36.7474926888046,219.618831181091,0,7.39669801138027,29.5867920455211,2.2168628314049,0,400,25,19.7245280303474,66.5702821024225,0.93341592901259,2.6835707959112,0.01375,0.011,0.01375,0.01375,0,0,0,0
02/02/2015,1.41437340598243e-08,0.1,25.9999636269489,0,218.801931241564,0,0,0,0,0,400,25,0,0,0,0,0.01375,0.011,0.01375,0.01375,0,0,0,0
03/02/2015,0,0.1,25.9991945920008,0,218.00351725557,0,0,0,0,0,400,25,0,0,0,0,0.01375,0.011,0.01375,0.01375,0,0,0,0
04/02/2015,0,0.1,25.9960576257065,0,217.22382557059,0,0,0,0,0,400,25,0,0,0,0,0.01375,0.011,0.01375,0.01375,0,0,0,0
05/02/2015,0,0.1,25.9905536566747,0,216.463086991908,0,0,0,0,0,400,25,0,0,0,0,0.01375,0.011,0.01375,0.01375,0,0,0,0
06/02/2015,0.00100963115480595,0.1,25.9826843141968,39.5580639666243,215.721526714289,0,8.08715092016273,32.3486036806509,2.43408640778453,0,400,25,21.5657357871006,72.7843582814645,1.02487848748822,2.94652565152864,0.01375,0.011,0.01375,0.01375,0,0,0,0
07/02/2015,1.19216951741343e-05,0.1,25.9724519277653,39.5580639666245,214.999364255309,0,8.0871509201627,32.3486036806508,2.43408640778453,0,400,25,21.5657357871005,72.7843582814643,1.02487848748822,2.94652565152864,0.01375,0.011,0.01375,0.01375,0,0,0,0
08/02/2015,2.30961974655038e-07,0.1,25.9598595263838,39.5580639666248,214.296813390382,0,8.08715092016271,32.3486036806508,2.43408640778452,0,400,25,21.5657357871006,72.7843582814644,1.02487848748822,2.94652565152863,0.01375,0.011,0.01375,0.01375,0,0,0,0
09/02/2015,0,0.1,25.9449108376702,0,213.614082089472,0,0,0,0,0,400,25,0,0,0,0,0.01375,0.011,0.01375,0.01375,0,0,0,0
10/02/2015,0,0.1,25.9276102867536,0,212.951372455532,0,0,0,0,0,400,25,0,0,0,0,0.01375,0.011,0.01375,0.01375,0,0,0,0
11/02/2015,0,0.1,25.9079629949642,0,212.308880664676,0,0,0,0,0,400,25,0,0,0,0,0.01375,0.011,0.01375,0.01375,0,0,0,0
12/02/2015,0,0.1,25.8859747783173,0,211.686796908109,0,0,0,0,0,400,25,0,0,0,0,0.01375,0.011,0.01375,0.01375,0,0,0,0
13/02/2015,0.00902871960746442,0.1,25.8616521457917,32.2768526526059,211.085305335824,0,7.48416729809787,29.9366691923915,2.32541325953259,0,400,25,19.9577794615943,67.3575056828808,0.979121372434776,2.81497394574998,0.01375,0.011,0.01375,0.01375,0,0,0,0
14/02/2015,0.00339169169205853,0.1,25.8350022974027,39.6324710215919,210.50458400209,0,8.10317876279437,32.4127150511775,2.44084067657405,0,400,25,21.608476700785,72.9286088651494,1.02772239013644,2.95470187164227,0.01375,0.011,0.01375,0.01375,0,0,0,0
15/02/2015,0.00178635922332241,0.1,25.8060331220709,39.7086902350718,209.944804812745,0,8.1062567060232,32.4250268240928,2.44012824533093,0,400,25,21.6166845493952,72.9563103542088,1.02742241908671,2.95383945487428,0.01375,0.011,0.01375,0.01375,0,0,0,0
16/02/2015,0.00319045013502401,0.1,25.774753195287,39.8071647918614,209.406133474307,0,8.11855089620454,32.4742035848182,2.44396576641676,0,400,25,21.6494690565454,73.0669580658409,1.02903821743864,2.95848487513608,0.01375,0.011,0.01375,0.01375,0,0,0,0
17/02/2015,3.04565935641192e-05,0.1,25.7411717765731,39.8071647918614,208.888729444924,0,8.11855089620454,32.4742035848182,2.44396576641674,0,400,25,21.6494690565454,73.0669580658409,1.02903821743863,2.95848487513606,0.01375,0.011,0.01375,0.01375,0,0,0,0
18/02/2015,4.79012970111983e-07,0.1,25.7052988067417,39.8071647918615,208.392745887169,0,8.11855089620453,32.4742035848181,2.44396576641674,0,400,25,21.6494690565454,73.0669580658408,1.02903821743863,2.95848487513606,0.01375,0.011,0.01375,0.01375,0,0,0,0
19/02/2015,1.68422275863652e-08,0.1,25.6671449049533,0,207.918329622699,0,0,0,0,0,400,25,0,0,0,0,0.01375,0.011,0.01375,0.01375,0,0,0,0
20/02/2015,0,0.1,25.6267213655722,0,207.465621088795,0,0,0,0,0,400,25,0,0,0,0,0.01375,0.011,0.01375,0.01375,0,0,0,0
21/02/2015,0.00083635622628223,0.1,25.5840401548241,39.5175754022551,207.034754296791,0,8.08204731961199,32.328189278448,2.43248069432093,0,400,25,21.552126185632,72.7384258765079,1.02420239760881,2.94458189312534,0.01375,0.011,0.01375,0.01375,0,0,0,0
22/02/2015,0.0153677026630026,0.1,25.5391139072529,35.9318769870826,206.625856792401,0,7.93295813567583,31.7318325427033,2.46354335766469,0,400,25,21.1545550284689,71.3966232210824,1.03728141375355,2.98218406454147,0.01375,0.011,0.01375,0.01375,0,0,0,0
23/02/2015,0.00437408669235475,0.1,25.4919559219814,39.7483408724717,206.239049617962,0,8.11878564940415,32.4751425976166,2.44600876316465,0,400,25,21.6500950650777,73.0690708446374,1.02989842659564,2.96095797646247,0.01375,0.011,0.01375,0.01375,0,0,0,0
24/02/2015,3.91902082876791e-05,0.1,25.4425801587739,39.7483408724719,205.874447276606,0,8.11878564940406,32.4751425976162,2.44600876316467,0,400,25,21.6500950650775,73.0690708446366,1.02989842659565,2.96095797646249,0.01375,0.011,0.01375,0.01375,0,0,0,0
25/02/2015,5.88973729592988e-07,0.1,25.391001233904,39.7483408724722,205.532157698364,0,8.11878564940408,32.4751425976163,2.44600876316466,0,400,25,21.6500950650776,73.0690708446367,1.02989842659565,2.96095797646248,0.01375,0.011,0.01375,0.01375,0,0,0,0
26/02/2015,1.99299455706132e-08,0.1,25.3372344158281,0,205.212282208215,0,0,0,0,0,400,25,0,0,0,0,0.01375,0.011,0.01375,0.01375,0,0,0,0
27/02/2015,0.0012504460074482,0.1,25.2812956206654,39.6352022378522,204.91491549609,0,8.09687423166204,32.3874969266482,2.43714559159604,0,400,25,21.5916646177655,72.8718680849584,1.02616656488254,2.95022887403731,0.01375,0.011,0.01375,0.01375,0,0,0,0
28/02/2015,0.00181459975910912,0.1,25.2232014074861,39.7382847038797,204.640145588848,0,8.10986781981677,32.4394712792671,2.44123368180472,0,400,25,21.626314186178,72.9888103783509,1.02788786602304,2.95517761481623,0.01375,0.011,0.01375,0.01375,0,0,0,0
01/03/2015,1.92009421209441e-05,0.1,25.1629689734102,39.7382847038794,204.388053824211,0,8.10986781981681,32.4394712792672,2.44123368180474,0,400,25,21.6263141861782,72.9888103783513,1.02788786602305,2.95517761481626,0.01375,0.011,0.01375,0.01375,0,0,0,0
02/03/2015,0.0265013168872877,0.1,25.1006161485163,36.5094864584354,204.158714826692,0,8.06799788376897,32.2719915350759,2.5220497348279,0,400,25,21.5146610233839,72.6119809539207,1.06191567782228,3.05300757373904,0.01375,0.011,0.01375,0.01375,0,0,0,0
03/03/2015,0.00643739738700343,0.1,25.0361613905638,39.8059361243766,203.952196485501,0,8.12816887652136,32.5126755060854,2.44950753241328,0,400,25,21.675117004057,73.1535198886922,1.03137159259507,2.96519332871081,0.01375,0.011,0.01375,0.01375,0,0,0,0
04/03/2015,5.37029975788551e-05,0.1,24.9696237795288,39.805936124377,203.768559934448,0,8.1281688765214,32.5126755060856,2.44950753241329,0,400,25,21.6751170040571,73.1535198886926,1.03137159259507,2.96519332871082,0.01375,0.011,0.01375,0.01375,0,0,0,0
05/03/2015,7.62452639428807e-07,0.1,24.9010230119562,39.805936124377,203.60785953385,0,8.12816887652142,32.5126755060857,2.44950753241327,0,400,25,21.6751170040571,73.1535198886928,1.03137159259506,2.9651933287108,0.01375,0.011,0.01375,0.01375,0,0,0,0
06/03/2015,2.45942386186811e-08,0.1,24.8303793951287,0,203.470142854435,0,0,0,0,0,400,25,0,0,0,0,0.01375,0.011,0.01375,0.01375,0,0,0,0
07/03/2015,0,0.1,24.7577138410562,0,203.355450663264,0,0,0,0,0,400,25,0,0,0,0,0.01375,0.011,0.01375,0.01375,0,0,0,0
08/03/2015,0,0.1,24.6830478602847,0,203.263816911658,0,0,0,0,0,400,25,0,0,0,0,0.01375,0.011,0.01375,0.01375,0,0,0,0
09/03/2015,0,0.1,24.6064035555288,0,203.195268725153,0,0,0,0,0,400,25,0,0,0,0,0.01375,0.011,0.01375,0.01375,0,0,0,0
10/03/2015,0,0.1,24.5278036151292,0,203.149826395466,0,0,0,0,0,400,25,0,0,0,0,0.01375,0.011,0.01375,0.01375,0,0,0,0
11/03/2015,0,0.1,24.4472713063363,0,203.127503374491,0,0,0,0,0,400,25,0,0,0,0,0.01375,0.011,0.01375,0.01375,0,0,0,0
12/03/2015,0.044552128686553,0.1,24.3648304684224,38.0464523708773,203.128306270316,0,8.2799485698217,33.1197942792868,2.59342345346031,0,400,25,22.0798628528579,74.5195371283953,1.09196776987802,3.13940733839932,0.01375,0.011,0.01375,0.01375,0,0,0,0
13/03/2015,0.0240565714344633,0.1,24.2805055056248,37.5387697154285,203.152234845267,0,8.02302592210314,32.0921036884125,2.46292584285174,0,400,25,21.394735792275,72.2072332989282,1.03702140751652,2.98143654661,0.01375,0.011,0.01375,0.01375,0,0,0,0
14/03/2015,0.000158211975124614,0.1,24.1943213799221,37.5387697154289,203.199282015978,0,8.02302592210305,32.0921036884122,2.46292584285172,0,400,25,21.3947357922748,72.2072332989275,1.03702140751651,2.98143654660998,0.01375,0.011,0.01375,0.01375,0,0,0,0
15/03/2015,1.84717161811517e-06,0.1,24.1063036036443,37.5387697154289,203.269433855488,0,8.02302592210309,32.0921036884124,2.46292584285174,0,400,25,21.3947357922749,72.2072332989278,1.03702140751652,2.98143654661,0.01375,0.011,0.01375,0.01375,0,0,0,0
16/03/2015,5.0567284764229e-08,0.1,24.016478231921,0,203.362669597364,0,0,0,0,0,400,25,0,0,0,0,0.01375,0.011,0.01375,0.01375,0,0,0,0
17/03/2015,0,0.1,23.9248718549683,0,203.478961641847,0,0,0,0,0,400,25,0,0,0,0,0.01375,0.011,0.01375,0.01375,0,0,0,0
18/03/2015,0,0.1,23.8315115902177,0,203.618275564026,0,0,0,0,0,400,25,0,0,0,0,0.01375,0.011,0.01375,0.01375,0,0,0,0
19/03/2015,0,0.1,23.7364250742888,0,203.780570124022,0,0,0,0,0,400,25,0,0,0,0,0.01375,0.011,0.01375,0.01375,0,0,0,0
20/03/2015,0,0.1,23.6396404548081,0,203.965797279202,0,0,0,0,0,400,25,0,0,0,0,0.01375,0.011,0.01375,0.01375,0,0,0,0
21/03/2015,0,0.1,23.5411863820767,0,204.173902198397,0,0,0,0,0,400,25,0,0,0,0,0.01375,0.011,0.01375,0.01375,0,0,0,0
22/03/2015,0.00487651670016295,0.1,23.4410920005895,33.6920056467912,204.404823278136,0,7.63108374717849,30.5243349887139,2.36353716082722,0,400,25,20.3495566591426,68.6797537246064,0.995173541400935,2.86112393152769,0.01375,0.011,0.01375,0.01375,0,0,0,0
23/03/2015,0.0015274574572145,0.1,23.3393869404073,39.5648951215236,204.658492160877,0,8.09604755005179,32.3841902002072,2.43895400666204,0,400,25,21.5894601334714,72.8644279504661,1.02692800280507,2.95241800806457,0.01375,0.011,0.01375,0.01375,0,0,0,0
24/03/2015,1.65836745395684e-05,0.1,23.2361013083863,39.5648951215236,204.93483375525,0,8.09604755005186,32.3841902002074,2.43895400666204,0,400,25,21.5894601334716,72.8644279504667,1.02692800280507,2.95241800806457,0.01375,0.011,0.01375,0.01375,0,0,0,0
25/03/2015,0.00473260255311788,0.1,23.1312656792653,35.5040460300879,205.233766258277,0,7.91920282969466,31.6768113187786,2.46955691197491,0,400,25,21.1178742125191,71.2728254672519,1.03981343662102,2.98946363028542,0.01375,0.011,0.01375,0.01375,0,0,0,0
26/03/2015,0.00306291433533018,0.1,23.0249110866152,39.7951421341858,205.555201179595,0,8.12177558862973,32.4871023545189,2.44620053818659,0,400,25,21.6580682363459,73.0959802976676,1.0299791739733,2.96119012517324,0.01375,0.011,0.01375,0.01375,0,0,0,0
27/03/2015,2.93930194949998e-05,0.1,22.9170690136522,39.7951421341863,205.899043367646,0,8.12177558862967,32.4871023545187,2.4462005381866,0,400,25,21.6580682363458,73.095980297667,1.02997917397331,2.96119012517326,0.01375,0.011,0.01375,0.01375,0,0,0,0
28/03/2015,4.65256609627613e-07,0.1,22.8077713839186,39.7951421341863,206.265191037846,0,8.12177558862969,32.4871023545188,2.44620053818661,0,400,25,21.6580682363458,73.0959802976672,1.02997917397331,2.96119012517326,0.01375,0.011,0.01375,0.01375,0,0,0,0
29/03/2015,1.64471775472268e-08,0.1,22.6970505518319,0,206.653535802714,0,0,0,0,0,400,25,0,0,0,0,0.01375,0.011,0.01375,0.01375,0,0,0,0
30/03/2015,0,0.1,22.5849392931081,0,207.063962703959,0,0,0,0,0,400,25,0,0,0,0,0.01375,0.011,0.01375,0.01375,0,0,0,0
31/03/2015,0,0.1,22.4714707950588,0,207.496350246509,0,0,0,0,0,400,25,0,0,0,0,0.01375,0.011,0.01375,0.01375,0,0,0,0
01/04/2015,0.000804485814699521,0.1,22.3566786467673,39.6109765643389,207.950570434476,0,8.09382057533683,32.3752823013473,2.43618483907909,0,400,25,21.5835215342316,72.8443851780315,1.02576203750699,2.94906585783259,0.01375,0.011,0.01375,0.01375,0,0,0,0
02/04/2015,0.000249833678939882,0.1,22.2405968291455,39.5090952250655,208.426488809045,0,8.08097838971414,32.3239135588565,2.43214438368856,0,400,25,21.5492757059044,72.7288055074273,1.02406079313202,2.94417478025457,0.01375,0.011,0.01375,0.01375,0,0,0,0
03/04/2015,0.00295686128488373,0.1,22.1232597048746,31.5923453488885,208.923964488279,0,7.38874818373071,29.5549927349228,2.29304019036564,0,400,25,19.7033284899486,66.4987336535764,0.965490606469742,2.77578549360051,0.01375,0.011,0.01375,0.01375,0,0,0,0
04/04/2015,0.0994538164503385,0.1,22.0047020082334,37.021734268431,209.442850208819,0,7.89533998498659,31.5813599399464,2.48560047664935,0,400,25,21.0542399599642,71.0580598648793,1.0465686217471,3.0088847875229,0.01375,0.011,0.01375,0.01375,0,0,0,0
05/04/2015,0.0488460546884794,0.1,21.8849588348159,38.31367006267,209.982992369482,0,8.22088306449077,32.8835322579631,2.55178436998993,0,400,25,21.922354838642,73.9879475804169,1.07443552420629,3.08900213209307,0.01375,0.011,0.01375,0.01375,0,0,0,0
06/04/2015,0.00449339692326682,0.1,21.7640656311426,39.7812307938204,210.544231076725,0,8.13355308695413,32.5342123478165,2.45344069929164,0,400,25,21.6894748985443,73.2019777825872,1.03302766285964,2.96995453072146,0.01375,0.011,0.01375,0.01375,0,0,0,0
07/04/2015,6.3732971856009e-05,0.1,21.642058184167,39.5780582677178,211.126400191981,0,8.1010215955193,32.4040863820772,2.44140427112777,0,400,25,21.6027242547181,72.9091943596737,1.02795969310643,2.95538411768099,0.01375,0.011,0.01375,0.01375,0,0,0,0
08/04/2015,0.00795837075231818,0.1,21.5189726106826,37.3107641557555,211.72932738084,0,8.04470063812561,32.1788025525024,2.48272299972274,0,400,25,21.4525350350016,72.4023057431305,1.04535705251484,3.00540152598016,0.01375,0.011,0.01375,0.01375,0,0,0,0
09/04/2015,0.00293497472774097,0.1,21.3948453466311,39.7931889212663,212.352834164057,0,8.12209066011336,32.4883626404534,2.44644415021604,0,400,25,21.658908426969,73.0988159410202,1.03008174745938,2.96148502394573,0.01375,0.011,0.01375,0.01375,0,0,0,0
10/04/2015,2.83202186962129e-05,0.1,21.2697131363166,39.7931889212665,212.996735970394,0,8.12209066011333,32.4883626404533,2.44644415021607,0,400,25,21.6589084269689,73.09881594102,1.0300817474594,2.96148502394576,0.01375,0.011,0.01375,0.01375,0,0,0,0
11/04/2015,4.51289223180406e-07,0.1,21.1436130215288,39.7931889212666,213.660842191253,0,8.12209066011331,32.4883626404532,2.44644415021606,0,400,25,21.6589084269688,73.0988159410198,1.03008174745939,2.96148502394576,0.01375,0.011,0.01375,0.01375,0,0,0,0
12/04/2015,1.60438445602789e-08,0.1,21.0165823305776,0,214.3449562371,0,0,0,0,0,400,25,0,0,0,0,0.01375,0.011,0.01375,0.01375,0,0,0,0
13/04/2015,0,0.1,20.8886586672431,0,215.04887559566,0,0,0,0,0,400,25,0,0,0,0,0.01375,0.011,0.01375,0.01375,0,0,0,0
14/04/2015,0,0.1,20.7598798996444,0,215.772391891864,0,0,0,0,0,400,25,0,0,0,0,0.01375,0.011,0.01375,0.01375,0,0,0,0
15/04/2015,0,0.1,20.6302841490292,0,216.515290949537,0,0,0,0,0,400,25,0,0,0,0,0.01375,0.011,0.01375,0.01375,0,0,0,0
16/04/2015,0.00876501699677853,0.1,20.49990977849,35.8876106089795,217.277352854791,0,7.9786038926984,31.9144155707936,2.49109104131296,0,400,25,21.2762770471957,71.8074350342856,1.04888043844756,3.01553126053674,0.01375,0.011,0.01375,0.01375,0,0,0,0
17/04/2015,0.033165861497955,0.1,20.3687953816071,34.2714120475641,218.058352021133,0,7.49715374064582,29.9886149625833,2.31039033382006,0,400,25,19.9924099750555,67.4743836658124,0.972795930029499,2.79678829883481,0.01375,0.011,0.01375,0.01375,0,0,0,0
18/04/2015,0.022635571760484,0.1,20.2369797710241,37.711048607595,218.858057256235,0,8.18371305504322,32.7348522201729,2.54964240331552,0,400,25,21.8232348134486,73.653417495389,1.07353364350127,3.08640922506616,0.01375,0.011,0.01375,0.01375,0,0,0,0
19/04/2015,0.029083333211134,0.1,20.104501966959,37.7510888332211,219.676231830379,0,8.16152213331827,32.6460885332731,2.5352643543204,0,400,25,21.7640590221821,73.4536991998644,1.0674797281349,3.06900421838785,0.01375,0.011,0.01375,0.01375,0,0,0,0
20/04/2015,0.0793582073211714,0.1,19.9714011856532,33.1654604821184,220.512633546526,0,7.01501539798075,28.060061591923,2.17286411515302,0,400,25,18.7067077279487,63.1351385818267,0.914890153748641,2.63030919202734,0.01375,0.011,0.01375,0.01375,0,0,0,0
21/04/2015,1.05146137996183,0.1,19.8377168277622,38.4727673746321,221.367014812022,0,7.66968267324851,30.678730692994,2.49108278634112,0,400,25,20.4524871286627,69.0271440592366,1.04887696266994,3.01552126767609,0.01375,0.011,0.01375,0.01375,0,0,0,0
22/04/2015,1.55229232528683,0.1,19.703488466693,38.0989244225351,222.239122711881,0,7.49452413634257,29.9780965453703,2.42987929119819,0,400,25,19.9853976969135,67.4507172270831,1.02310706997819,2.94143282618729,0.01375,0.011,0.01375,0.01375,0,0,0,0
23/04/2015,1.18221432686861,0.1,19.5687558368887,37.1092662895042,223.128699083657,0,7.32023242793841,29.2809297117536,2.36621369850807,0,400,25,19.5206198078358,65.8820918514457,0.996300504634978,2.86436395082556,0.01375,0.011,0.01375,0.01375,0,0,0,0
24/04/2015,0.305427400042264,0.1,19.4335588220669,30.54015742136,224.035480593869,0,6.22268327714434,24.8907331085774,1.92370446036543,0,400,25,16.5938220723849,56.0041494942991,0.809980825417024,2.32869487307394,0.01375,0.011,0.01375,0.01375,0,0,0,0
25/04/2015,0.0289896692098494,0.1,19.2979374434129,7.06621102596334,224.959198815945,0,2.12248841379025,8.48995365516099,0.427646600225545,0,400,25,5.65996910344066,19.1023957241122,0.180061726410756,0.517677463430923,0.01375,0.011,0.01375,0.01375,0,0,0,0
26/04/2015,0.0854839485838507,0.1,19.1619318477328,15.4429206014089,225.899580309692,0,4.38903751803103,17.5561500721241,1.17267083547843,0,400,25,11.7041000480827,39.5013376622793,0.493756141254075,1.41954890610546,0.01375,0.011,0.01375,0.01375,0,0,0,0
27/04/2015,0.036392501479695,0.1,19.025582295569,13.0673066557097,226.856346702231,0,3.68111105252148,14.7244442100859,0.935543981820307,0,400,25,9.8162961400573,33.1299994726934,0.393913255503287,1.13250060957195,0.01375,0.011,0.01375,0.01375,0,0,0,0
28/04/2015,0.0181919869691774,0.1,18.8889291492823,6.0864923143138,227.829214770406,0,2.39883286874206,9.59533147496822,0.460277216484333,0,400,25,6.39688764997882,21.5894958186785,0.193800933256561,0.557177683112614,0.01375,0.011,0.01375,0.01375,0,0,0,0
29/04/2015,0.0253444973737667,0.1,18.7520128611039,6.00043220048958,228.817896524626,0,2.85880227865805,11.4352091146322,0.573068758751545,0,400,25,7.62347274308812,25.7292205079224,0.241292108948019,0.693714813225555,0.01375,0.011,0.01375,0.01375,0,0,0,0
30/04/2015,0.0546020860091712,0.1,18.6148739611606,14.2403666284983,229.82209929411,0,4.42071914618929,17.6828765847571,1.15416948830126,0,400,25,11.7885843898381,39.7864723157036,0.485966100337374,1.39715253846995,0.01375,0.011,0.01375,0.01375,0,0,0,0
01/05/2015,0.0460276258813543,0.1,18.4775530454767,13.2624743370926,230.84152581353,0,4.25559174115144,17.0223669646058,1.07833109774192,0,400,25,11.3482446430705,38.300325670363,0.45403414641765,1.30534817095074,0.01375,0.011,0.01375,0.01375,0,0,0,0
02/05/2015,0.0478487193665585,0.1,18.3400907639575,20.319497725125,231.875874311002,0,5.43249240402629,21.7299696161052,1.54112481850739,0,400,25,14.4866464107368,48.8924316362366,0.648894660424164,1.86557214871947,0.01375,0.011,0.01375,0.01375,0,0,0,0
03/05/2015,0.272047940484544,0.1,18.2025278083553,32.9880430490975,232.924838597422,0,6.92756138202166,27.7102455280866,2.18689102739824,0,400,25,18.4734970187244,62.3480524381949,0.920796222062418,2.64728913842945,0.01375,0.011,0.01375,0.01375,0,0,0,0
04/05/2015,0.111027617772376,0.1,18.0649049002241,26.376506722808,233.988108157101,0,5.83628169011064,23.3451267604426,1.7356759862342,0,400,25,15.563417840295,52.5265352109958,0.730810941572295,2.10108145702035,0.01375,0.011,0.01375,0.01375,0,0,0,0
05/05/2015,0.000551090364218185,0.1,17.927262778865,26.376506722808,235.065368239687,0,5.83628169011072,23.3451267604429,1.7356759862342,0,400,25,15.5634178402952,52.5265352109965,0.730810941572294,2.10108145702034,0.01375,0.011,0.01375,0.01375,0,0,0,0
06/05/2015,5.12860646210778e-06,0.1,17.789642189267,26.3765067228081,236.156299953336,0,5.83628169011069,23.3451267604428,1.7356759862342,0,400,25,15.5634178402952,52.5265352109962,0.730810941572293,2.10108145702034,0.01375,0.011,0.01375,0.01375,0,0,0,0
07/05/2015,1.16179195497916e-07,0.1,17.6520838700448,26.3765067228082,237.260580359109,0,5.8362816901107,23.3451267604428,1.7356759862342,0,400,25,15.5634178402952,52.5265352109963,0.730810941572297,2.10108145702035,0.01375,0.011,0.01375,0.01375,0,0,0,0
08/05/2015,0.0116010298574126,0.1,17.5146285413801,6,238.377882566574,0,3.49643475043712,13.9857390017485,0.707684767572592,0,400,25,9.32382600116566,31.4679127539341,0.297972533714776,0.85667103442998,0.01375,0.011,0.01375,0.01375,0,0,0,0
09/05/2015,8.75176582476253e-05,0.1,17.3773168929669,5.99999999999995,239.507875830567,0,3.49643475043714,13.9857390017486,0.707684767572592,0,400,25,9.3238260011657,31.4679127539343,0.297972533714775,0.856671034429979,0.01375,0.011,0.01375,0.01375,0,0,0,0
10/05/2015,1.13750955037562e-06,0.1,17.2401895719671,5.99999999999992,240.650225649104,0,3.49643475043716,13.9857390017486,0.707684767572593,0,400,25,9.32382600116575,31.4679127539344,0.297972533714776,0.856671034429982,0.01375,0.011,0.01375,0.01375,0,0,0,0
11/05/2015,3.40689764540064e-08,0.1,17.1032871709775,0,241.804593862396,0,0,0,0,0,400,25,0,0,0,0,0.01375,0.011,0.01375,0.01375,0,0,0,0
12/05/2015,0,0.1,16.966650216014,0,242.970638752956,0,0,0,0,0,400,25,0,0,0,0,0.01375,0.011,0.01375,0.01375,0,0,0,0
13/05/2015,0,0.1,16.8303191545148,0,244.148015146753,0,0,0,0,0,400,25,0,0,0,0,0.01375,0.011,0.01375,0.01375,0,0,0,0
14/05/2015,0.000924951233230991,0.1,16.6943343433671,18.43983708163,245.33637451539,0,5.5819942172008,22.3279768688032,1.68626940401568,0,400,25,14.8853179125355,50.2379479548072,0.710008170111864,2.04127348907161,0.01375,0.011,0.01375,0.01375,0,0,0,0
15/05/2015,0.00826595675830319,0.1,16.5587360369606,12.070125888985,246.535365079275,0,4.39986807799438,17.5994723119775,1.09298138595444,0,400,25,11.7329815413184,39.5988127019495,0.460202688822921,1.3230827303659,0.01375,0.011,0.01375,0.01375,0,0,0,0
16/05/2015,6.63402730226633e-05,0.1,16.4235643752715,12.070125888985,247.744631911759,0,4.39986807799445,17.5994723119778,1.09298138595444,0,400,25,11.7329815413185,39.5988127019501,0.460202688822922,1.3230827303659,0.01375,0.011,0.01375,0.01375,0,0,0,0
17/05/2015,0.0111803660942402,0.1,16.2888593719801,6.00050370183754,248.963817044198,0,3.52166467171737,14.0866586868695,0.719357529312455,0,400,25,9.39110579124633,31.6949820454564,0.302887380763139,0.870801219694025,0.01375,0.011,0.01375,0.01375,0,0,0,0
18/05/2015,0.0284867832570458,0.1,16.1546609026259,6.00000151193278,250.192559571921,0,3.52997521910109,14.1199008764044,0.736837143045833,0,400,25,9.41326725093624,31.7697769719098,0.310247218124561,0.891960752108114,0.01375,0.011,0.01375,0.01375,0,0,0,0
19/05/2015,0.0169068854353029,0.1,16.0210086928035,6.00000001635165,251.430495761065,0,3.53138157057711,14.1255262823084,0.730612519426835,0,400,25,9.41701752153895,31.782434135194,0.307626323969194,0.884425681411432,0.01375,0.011,0.01375,0.01375,0,0,0,0
20/05/2015,0.0179706369298404,0.1,15.8879423064033,21.3738259394777,252.677259156249,0,5.80144137073102,23.2057654829241,1.68076046883688,0,400,25,15.4705103219494,52.2129723365791,0.707688618457632,2.03460477806569,0.01375,0.011,0.01375,0.01375,0,0,0,0
21/05/2015,0.00224482279979279,0.1,15.7555011338993,35.8689699384956,253.932480689051,0,7.63210098792629,30.5284039517052,2.29148334769056,0,400,25,20.3522693011368,68.6889088913366,0.964835093764447,2.77390089457279,0.01375,0.011,0.01375,0.01375,0,0,0,0
22/05/2015,2.25326165226951e-05,0.1,15.623724380689,35.8689699384955,255.19578878726,0,7.63210098792626,30.528403951705,2.29148334769057,0,400,25,20.3522693011367,68.6889088913364,0.964835093764449,2.77390089457279,0.01375,0.011,0.01375,0.01375,0,0,0,0
23/05/2015,0.0145478957360291,0.1,15.4926510554879,25.704924740475,256.466809484872,0,6.48754058934428,25.9501623573771,1.95673851837628,0,400,25,17.3001082382514,58.3878653040985,0.823889902474221,2.36868346961339,0.01375,0.011,0.01375,0.01375,0,0,0,0
24/05/2015,0.0133892562347861,0.1,15.3623199587815,17.7571086283923,257.745166532788,0,5.20880451759306,20.8352180703723,1.41742342078007,0,400,25,13.8901453802482,46.8792406583376,0.596809861381081,1.71582835147061,0.01375,0.011,0.01375,0.01375,0,0,0,0
25/05/2015,0.015490166407275,0.1,15.2327696713403,6.07493877269584,259.030481510195,0,3.54301435390811,14.1720574156324,0.7359817179895,0,400,25,9.44803827708829,31.887129185173,0.309887039153474,0.890925237566237,0.01375,0.011,0.01375,0.01375,0,0,0,0
26/05/2015,0.00214072579413552,0.1,15.1040385427983,6.00388158000241,260.322373936585,0,3.43449919272373,13.7379967708949,0.619278283694356,0,400,25,9.15866451392996,30.9104927345136,0.260748751029203,0.749652659208958,0.01375,0.011,0.01375,0.01375,0,0,0,0
27/05/2015,0.00994976854446953,0.1,14.9761646803015,6.00000854530438,261.620461384384,0,3.52426839336171,14.0970735734468,0.722387889921375,0,400,25,9.39804904896456,31.7184155402554,0.304163322072158,0.874469550957454,0.01375,0.011,0.01375,0.01375,0,0,0,0
28/05/2015,0.0113570709268144,0.1,14.8491859372266,6.00000005840568,262.924359592162,0,3.52775607506086,14.1110243002435,0.72637898728168,0,400,25,9.40734953349564,31.7498046755478,0.305843784118602,0.879300879340981,0.01375,0.011,0.01375,0.01375,0,0,0,0
29/05/2015,0.000882190968389946,0.1,14.7231399019762,6.00000000569152,264.23368257838,0,3.43823677287106,13.7529470914843,0.623961210516194,0,400,25,9.16863139432284,30.9441309558396,0.262720509691029,0.755321465361708,0.01375,0.011,0.01375,0.01375,0,0,0,0
30/05/2015,8.29974401838199e-05,0.1,14.5980638868514,6.00000000071281,265.54804275565,0,3.42978192596394,13.7191277038558,0.614288138877589,0,400,25,9.14608513590384,30.8680373336755,0.258647637422143,0.74361195758866,0.01375,0.011,0.01375,0.01375,0,0,0,0
31/05/2015,0.0116834011808325,0.1,14.4739949170069,6.00000000000009,266.867051045467,0,3.52963405013938,14.1185362005575,0.72852755843902,0,400,25,9.41235746703834,31.7667064512544,0.306748445658535,0.881901781268287,0.01375,0.011,0.01375,0.01375,0,0,0,0
01/06/2015,8.8021264243117e-05,0.1,14.3509697194906,6.00000000000006,268.190316993389,0,3.5296340501394,14.1185362005576,0.728527558439019,0,400,25,9.4123574670384,31.7667064512546,0.306748445658534,0.881901781268286,0.01375,0.011,0.01375,0.01375,0,0,0,0
02/06/2015,1.14286760656507e-06,0.1,14.2290247123716,6.00000000000009,269.517448884614,0,3.52963405013942,14.1185362005577,0.728527558439022,0,400,25,9.41235746703845,31.7667064512548,0.306748445658535,0.881901781268289,0.01375,0.011,0.01375,0.01375,0,0,0,0
03/06/2015,0.00569325417578393,0.1,14.1081959939597,6,270.848053859939,0,3.51189321747226,14.047572869889,0.708230519774714,0,400,25,9.36504857992603,31.6070389572503,0.298202324115669,0.857331681832549,0.01375,0.011,0.01375,0.01375,0,0,0,0
04/06/2015,4.89504178136027e-05,0.1,13.9885193321197,6.00000000000001,272.181738032057,0,3.51189321747225,14.047572869889,0.708230519774715,0,400,25,9.36504857992601,31.6070389572503,0.298202324115669,0.85733168183255,0.01375,0.011,0.01375,0.01375,0,0,0,0
05/06/2015,0.0122973056131819,0.1,13.870030153683,23.2018850681711,273.51810660215,0,6.09062943752433,24.3625177500973,1.79858868223522,0,400,25,16.2416785000649,54.815664937719,0.757300497783251,2.17723893112685,0.01375,0.011,0.01375,0.01375,0,0,0,0
06/06/2015,0.00384632176546422,0.1,13.7527635339609,26.7188501424984,274.856763976763,0,6.55023834640126,26.200953385605,1.97093289304771,0,400,25,17.46730225707,58.9521451176113,0.829866481283246,2.38586613368933,0.01375,0.011,0.01375,0.01375,0,0,0,0
07/06/2015,3.52977643720765e-05,0.1,13.6367541863612,26.7188501424983,276.197313884907,0,6.55023834640122,26.2009533856049,1.9709328930477,0,400,25,17.4673022570699,58.952145117611,0.829866481283243,2.38586613368932,0.01375,0.011,0.01375,0.01375,0,0,0,0
08/06/2015,5.40581776151426e-07,0.1,13.5220364521127,26.7188501424985,277.539359495362,0,6.55023834640121,26.2009533856048,1.9709328930477,0,400,25,17.4673022570699,58.9521451176109,0.829866481283243,2.38586613368932,0.01375,0.011,0.01375,0.01375,0,0,0,0
09/06/2015,1.85855734372839e-08,0.1,13.408644290099,0,278.882503534148,0,0,0,0,0,400,25,0,0,0,0,0.01375,0.011,0.01375,0.01375,0,0,0,0
10/06/2015,0.00990267463997849,0.1,13.2966112668063,6,280.226348402127,0,3.52974597267702,14.1189838907081,0.728655607449836,0,400,25,9.41265592713872,31.7677137540932,0.30680236103151,0.882056787965591,0.01375,0.011,0.01375,0.01375,0,0,0,0
11/06/2015,0.00505742047609422,0.1,13.1859705463869,6,281.570496292702,0,3.51202793445338,14.0481117378135,0.708384647589674,0,400,25,9.36540782520902,31.6082514100804,0.298267220037758,0.857518257608553,0.01375,0.011,0.01375,0.01375,0,0,0,0
12/06/2015,4.42469395360762e-05,0.1,13.076754880842,5.99999999999998,282.914549309573,0,3.51202793445336,14.0481117378134,0.708384647589679,0,400,25,9.36540782520895,31.6082514100802,0.298267220037759,0.857518257608558,0.01375,0.011,0.01375,0.01375,0,0,0,0
13/06/2015,0.000338684052863254,0.1,12.9689966003261,6,284.258109584525,0,3.42873465542855,13.7149386217142,0.613089971372013,0,400,25,9.14329241447612,30.8586118988569,0.258143145840847,0.742161544292436,0.01375,0.011,0.01375,0.01375,0,0,0,0
14/06/2015,4.88122034627418e-06,0.1,12.8627276035769,5.99999999999999,285.600779395208,0,3.42873465542856,13.7149386217142,0.613089971372012,0,400,25,9.14329241447615,30.858611898857,0.258143145840847,0.742161544292436,0.01375,0.011,0.01375,0.01375,0,0,0,0
15/06/2015,0.016760031000772,0.1,12.7579793484726,6,286.942161282863,0,3.538994680133,14.155978720532,0.739236924367216,0,400,25,9.43731914702133,31.850952121197,0.311257652365144,0.894865750549788,0.01375,0.011,0.01375,0.01375,0,0,0,0
16/06/2015,0.0294387092826534,0.1,12.6547828427194,22.7095221248026,288.281858169988,0,5.88023633132359,23.5209453252944,1.69386359478849,0,400,25,15.6806302168629,52.9221269819124,0.713205724121469,2.05046645684922,0.01375,0.011,0.01375,0.01375,0,0,0,0
17/06/2015,0.0574294532942542,0.1,12.5531686346731,30.2451981352943,289.619473477875,0,6.88726403616431,27.5490561446572,2.0910430485102,0,400,25,18.3660374297715,61.9853763254788,0.880439178320084,2.53126263767024,0.01375,0.011,0.01375,0.01375,0,0,0,0
18/06/2015,0.0354476496843787,0.1,12.4531668042954,30.4240503061244,290.954611244008,0,6.97735957406607,27.9094382962643,2.11138295087639,0,400,25,18.6062921975095,62.7962361665947,0.889003347737426,2.5558846247451,0.01375,0.011,0.01375,0.01375,0,0,0,0
19/06/2015,0.709957986916998,0.1,12.3548069542502,38.5022651533932,292.286876239276,0,7.66849977039541,30.6739990815817,2.49258866694157,0,400,25,20.4493327210544,69.0164979335587,1.04951101765961,3.01734417577138,0.01375,0.011,0.01375,0.01375,0,0,0,0
20/06/2015,0.306456299448983,0.1,12.2581182011404,35.7592421733469,293.61587408497,0,6.91057148817483,27.6422859526993,2.17440266489651,0,400,25,18.4281906351329,62.1951433935735,0.91553796416695,2.63217164697998,0.01375,0.011,0.01375,0.01375,0,0,0,0
21/06/2015,0.0245030898784049,0.1,12.1631291668888,7.53547047068197,294.941211369524,0,3.13235437307377,12.5294174922951,0.676938571180308,0,400,25,8.35294499486339,28.1911893576639,0.285026766812761,0.819451954586689,0.01375,0.011,0.01375,0.01375,0,0,0,0
22/06/2015,0.0122391528205835,0.1,12.0698679702651,6.02000384574224,296.262495764978,0,2.72297814527504,10.8919125811001,0.539935103021243,0,400,25,7.26127505406676,24.5068033074753,0.227341096008944,0.653605651025715,0.01375,0.011,0.01375,0.01375,0,0,0,0
23/06/2015,0.00590815104024851,0.1,11.9783622185626,6.00030983751464,297.579336143113,0,2.36596679835739,9.46386719342955,0.437603291636701,0,400,25,6.3092447956197,21.2937011852165,0.184254017531243,0.529730300402323,0.01375,0.011,0.01375,0.01375,0,0,0,0
24/06/2015,0.00275659134013959,0.1,11.8886389994256,6.00000567344104,298.891342691233,0,1.87938347424337,7.51753389697347,0.318002743066518,0,400,25,5.01168926464898,16.9144512681903,0.133895891817481,0.384950688975258,0.01375,0.011,0.01375,0.01375,0,0,0,0
25/06/2015,0.00811826731242928,0.1,11.8007248728309,6.00000001898224,300.198127027558,0,3.03136907977008,12.1254763190803,0.603899443351866,0,400,25,8.08365087938687,27.2823217179307,0.254273449832364,0.731036168268048,0.01375,0.011,0.01375,0.01375,0,0,0,0
26/06/2015,0.000806067808563389,0.1,11.7146458632257,8.34665768216096,301.499302316194,0,2.42985687134047,9.71942748536189,0.620312226041566,0,400,25,6.4796183235746,21.8687118420643,0.261184095175396,0.750904273629265,0.01375,0.011,0.01375,0.01375,0,0,0,0
27/06/2015,8.79322849688443e-05,0.1,11.6304274518233,26.292932911852,302.794483381644,0,5.94135584426323,23.7654233770529,1.75122527124447,0,400,25,15.8436155847019,53.472202598369,0.737358008945039,2.11990427571699,0.01375,0.011,0.01375,0.01375,0,0,0,0
28/06/2015,0.014374938188701,0.1,11.5480945690608,6.00226283808596,304.083286822828,0,3.38065532937334,13.5226213174933,0.697457102063754,0,400,25,9.0150808783289,30.42589796436,0.29366614823737,0.844290176182439,0.01375,0.011,0.01375,0.01375,0,0,0,0
29/06/2015,0.00902298797359015,0.1,11.4676715872185,6.00002627338367,305.365331126578,0,3.43500762957581,13.7400305183033,0.702265995227136,0,400,25,9.1600203455355,30.9150686661823,0.295690945358794,0.850111467906532,0.01375,0.011,0.01375,0.01375,0,0,0,0
30/06/2015,0.0104707695410244,0.1,11.3891823132057,6.00000017937084,306.640236780576,0,3.47246662033095,13.8898664813238,0.714279245022318,0,400,25,9.25991098754919,31.2521995829785,0.300749155798871,0.864653822921754,0.01375,0.011,0.01375,0.01375,0,0,0,0
01/07/2015,0.000156259777894165,0.1,11.3126499815131,8.67588360662435,307.907626385693,0,4.03057151056206,16.1222860422482,1.02885122275967,0,400,25,10.7481906948322,36.2751435950585,0.433200514846178,1.24545148018276,0.01375,0.011,0.01375,0.01375,0,0,0,0
02/07/2015,2.20790655387607e-06,0.1,11.238097247335,8.67588360662436,309.167124767712,0,4.03057151056207,16.1222860422483,1.02885122275967,0,400,25,10.7481906948322,36.2751435950586,0.433200514846178,1.24545148018276,0.01375,0.011,0.01375,0.01375,0,0,0,0
03/07/2015,0.00618132665885963,0.1,11.1655461798626,6.00002509845006,310.418359088383,0,3.51680585906617,14.0672234362647,0.713848445699538,0,400,25,9.37814895750978,31.6512527315955,0.300567766610332,0.864132329004704,0.01375,0.011,0.01375,0.01375,0,0,0,0
04/07/2015,0.00655073762411788,0.1,11.0950182557516,6.00000020181507,311.660958955797,0,3.51882564411428,14.0753025764571,0.716161791617004,0,400,25,9.38353505097141,31.6694307970285,0.301541806996633,0.86693269511532,0.01375,0.011,0.01375,0.01375,0,0,0,0
05/07/2015,5.47652352116708e-05,0.1,11.026534352764,6.00000020181516,312.894556534024,0,3.51882564411425,14.075302576457,0.716161791617002,0,400,25,9.38353505097134,31.6694307970283,0.301541806996632,0.866932695115318,0.01375,0.011,0.01375,0.01375,0,0,0,0
06/07/2015,7.74787118238477e-07,0.1,10.9601147435886,6.00000020181512,314.118786652004,0,3.51882564411425,14.075302576457,0.716161791617003,0,400,25,9.38353505097133,31.6694307970282,0.301541806996633,0.86693269511532,0.01375,0.011,0.01375,0.01375,0,0,0,0
07/07/2015,0.00728239021683303,0.1,10.8957790898389,6.00000000000068,315.333286911643,0,3.5232656194442,14.0930624777768,0.721241525901683,0,400,25,9.39537498518454,31.7093905749978,0.303680642484919,0.873081847144143,0.01375,0.011,0.01375,0.01375,0,0,0,0
08/07/2015,0.00237894609540417,0.1,10.8335464362339,6.00000000000002,316.53769779509,0,3.47181639257518,13.8872655703007,0.662379184623649,0,400,25,9.25817704686716,31.2463475331767,0.278896498788905,0.801827434018102,0.01375,0.011,0.01375,0.01375,0,0,0,0
09/07/2015,2.38344930111259e-05,0.1,10.7734352049594,5.99999999999997,317.731662771168,0,3.47181639257518,13.8872655703007,0.662379184623644,0,400,25,9.25817704686714,31.2463475331766,0.278896498788903,0.801827434018095,0.01375,0.011,0.01375,0.01375,0,0,0,0
10/07/2015,0.00164752879843338,0.1,10.7154631902157,6,318.914828400906,0,3.44188843929731,13.7675537571892,0.628139031626167,0,400,25,9.17836917145949,30.9769959536758,0.264479592263649,0.760378827757992,0.01375,0.011,0.01375,0.01375,0,0,0,0
11/07/2015,0.00469232260239949,0.1,10.6596475529492,27.2248709531845,320.086844442171,0,6.78671386729334,27.1468554691733,2.08945744065126,0,400,25,18.0979036461156,61.08042480564,0.879771553958425,2.52934321763047,0.01375,0.011,0.01375,0.01375,0,0,0,0
12/07/2015,0.0289260828437958,0.1,10.6060048157731,35.3597401899454,321.247363953343,0,7.8876432351197,31.5505729404788,2.45618455336514,0,400,25,21.0337152936525,70.9887891160773,1.03418296983795,2.97327603828411,0.01375,0.011,0.01375,0.01375,0,0,0,0
13/07/2015,0.0120816146290342,0.1,10.5545508580758,33.9849823325128,322.396043396021,0,7.55177208300064,30.2070883320026,2.30866100326479,0,400,25,20.1380588880017,67.9659487470058,0.972067790848333,2.79469489868896,0.01375,0.011,0.01375,0.01375,0,0,0,0
14/07/2015,0.00014286155248513,0.1,10.5053009113207,34.1234321356354,323.532542736714,0,7.50738803065694,30.0295521226277,2.27877902984177,0,400,25,20.0197014150852,67.5664922759124,0.9594859073018,2.75852198349267,0.01375,0.011,0.01375,0.01375,0,0,0,0
15/07/2015,1.96860247981312e-06,0.1,10.4582695545372,34.1234321356352,324.656525547499,0,7.50738803065693,30.0295521226277,2.27877902984179,0,400,25,20.0197014150851,67.5664922759124,0.959485907301804,2.75852198349269,0.01375,0.011,0.01375,0.01375,0,0,0,0
16/07/2015,5.32590355243807e-08,0.1,10.4134707100049,0,325.767659105614,0,0,0,0,0,400,25,0,0,0,0,0.01375,0.011,0.01375,0.01375,0,0,0,0
17/07/2015,0.15952695068941,0.1,10.3709176391324,36.3290542762565,326.865614491947,0,7.54675674806116,30.1870269922446,2.40705561407908,0,400,25,20.1246846614964,67.9208107325505,1.01349710066488,2.91380416441152,0.01375,0.011,0.01375,0.01375,0,0,0,0
18/07/2015,0.0716303743234106,0.1,10.3306229385318,32.903605871651,327.950066688404,0,6.65711974120853,26.6284789648341,2.02703117483651,0,400,25,17.7523193098894,59.9140776708768,0.853486810457479,2.45377458006525,0.01375,0.011,0.01375,0.01375,0,0,0,0
19/07/2015,0.000530899786888371,0.1,10.2925985362894,25.5215154555663,329.020694674121,0,5.06566192794605,20.2626477117842,1.50446828605153,0,400,25,13.5084318078562,45.5909573515145,0.633460330969066,1.82119845153606,0.01375,0.011,0.01375,0.01375,0,0,0,0
20/07/2015,5.55937192144585e-06,0.1,10.2568556884352,25.5215154555664,330.077181520497,0,5.06566192794604,20.2626477117842,1.50446828605154,0,400,25,13.5084318078561,45.5909573515144,0.633460330969069,1.82119845153607,0.01375,0.011,0.01375,0.01375,0,0,0,0
21/07/2015,1.24068091336358e-07,0.1,10.2234049756106,25.5215154555663,331.119214485005,0,5.06566192794604,20.2626477117842,1.50446828605153,0,400,25,13.5084318078561,45.5909573515144,0.633460330969067,1.82119845153607,0.01375,0.011,0.01375,0.01375,0,0,0,0
22/07/2015,0.00674345765079432,0.1,10.1922562999366,6,332.146485103776,0,3.49509404957152,13.9803761982861,0.715387221096836,0,400,25,9.32025079885738,31.4558464461437,0.301215672040773,0.865995057117223,0.01375,0.011,0.01375,0.01375,0,0,0,0
23/07/2015,0.00418635252569859,0.1,10.1634188820821,22.7119729536902,333.158689282906,0,6.15511238423212,24.6204495369285,1.87111356993152,0,400,25,16.413633024619,55.3960114580891,0.787837292602745,2.26503221623289,0.01375,0.011,0.01375,0.01375,0,0,0,0
24/07/2015,0.000781459050457796,0.1,10.1369012585347,36.8300986948883,334.155527388481,0,7.75261201506385,31.0104480602554,2.33101884901155,0,400,25,20.6736320401703,69.7735081355746,0.981481620636444,2.82175965932977,0.01375,0.011,0.01375,0.01375,0,0,0,0
25/07/2015,9.53631715166623e-06,0.1,10.1127112790737,36.8300986948879,335.136704335266,0,7.75261201506382,31.0104480602553,2.33101884901154,0,400,25,20.6736320401702,69.7735081355743,0.981481620636439,2.82175965932976,0.01375,0.011,0.01375,0.01375,0,0,0,0
26/07/2015,1.92557714519812e-07,0.1,10.0908561044464,36.8300986948878,336.101929674065,0,7.75261201506381,31.0104480602552,2.33101884901154,0,400,25,20.6736320401702,69.7735081355743,0.98148162063644,2.82175965932977,0.01375,0.011,0.01375,0.01375,0,0,0,0
27/07/2015,0,0.1,10.0713422042482,0,337.050917677694,0,0,0,0,0,400,25,0,0,0,0,0.01375,0.011,0.01375,0.01375,0,0,0,0
28/07/2015,0,0.1,10.0541753550077,0,337.983387425568,0,0,0,0,0,400,25,0,0,0,0,0.01375,0.011,0.01375,0.01375,0,0,0,0
29/07/2015,0,0.1,10.0393606384765,0,338.899062886852,0,0,0,0,0,400,25,0,0,0,0,0.01375,0.011,0.01375,0.01375,0,0,0,0
30/07/2015,0,0.1,10.0269024401251,0,339.797673002179,0,0,0,0,0,400,25,0,0,0,0,0.01375,0.011,0.01375,0.01375,0,0,0,0
31/07/2015,0,0.1,10.0168044478446,0,340.678951763886,0,0,0,0,0,400,25,0,0,0,0,0.01375,0.011,0.01375,0.01375,0,0,0,0
01/08/2015,0,0.1,10.0090696508551,0,341.542638294759,0,0,0,0,0,400,25,0,0,0,0,0.01375,0.011,0.01375,0.01375,0,0,0,0
02/08/2015,0,0.1,10.0037003388204,0,342.388476925256,0,0,0,0,0,400,25,0,0,0,0,0.01375,0.011,0.01375,0.01375,0,0,0,0
03/08/2015,0,0.1,10.000698101171,0,343.216217269194,0,0,0,0,0,400,25,0,0,0,0,0.01375,0.011,0.01375,0.01375,0,0,0,0
04/08/2015,0,0.1,10.0000638266329,0,344.025614297865,0,0,0,0,0,400,25,0,0,0,0,0.01375,0.011,0.01375,0.01375,0,0,0,0
05/08/2015,0,0.1,10.0017977029648,0,344.816428412574,0,0,0,0,0,400,25,0,0,0,0,0.01375,0.011,0.01375,0.01375,0,0,0,0
06/08/2015,0,0.1,10.0058992169025,0,345.588425515561,0,0,0,0,0,400,25,0,0,0,0,0.01375,0.011,0.01375,0.01375,0,0,0,0
07/08/2015,0,0.1,10.0123671543109,0,346.341377079302,0,0,0,0,0,400,25,0,0,0,0,0.01375,0.011,0.01375,0.01375,0,0,0,0
08/08/2015,0,0.1,10.0211996005432,0,347.075060214155,0,0,0,0,0,400,25,0,0,0,0,0.01375,0.011,0.01375,0.01375,0,0,0,0
09/08/2015,0,0.1,10.032393941008,0,347.789257734344,0,0,0,0,0,400,25,0,0,0,0,0.01375,0.011,0.01375,0.01375,0,0,0,0
10/08/2015,0,0.1,10.0459468619428,0,348.483758222246,0,0,0,0,0,400,25,0,0,0,0,0.01375,0.011,0.01375,0.01375,0,0,0,0
11/08/2015,0,0.1,10.0618543513956,0,349.15835609098,0,0,0,0,0,400,25,0,0,0,0,0.01375,0.011,0.01375,0.01375,0,0,0,0
12/08/2015,0,0.1,10.0801117004118,0,349.812851645262,0,0,0,0,0,400,25,0,0,0,0,0.01375,0.011,0.01375,0.01375,0,0,0,0
13/08/2015,0,0.1,10.1007135044287,0,350.447051140518,0,0,0,0,0,400,25,0,0,0,0,0.01375,0.011,0.01375,0.01375,0,0,0,0
14/08/2015,0.000479601244464068,0.1,10.1236536648752,37.1512877769827,351.06076684024,0,7.78377577020791,31.1351030808316,2.3386374089923,0,400,25,20.7567353872211,70.0539819318712,0.984689435365177,2.83098212667488,0.01375,0.011,0.01375,0.01375,0,0,0,0
15/08/2015,6.48977436382744e-06,0.1,10.1489253909769,37.1512877769828,351.653817071558,0,7.78377577020791,31.1351030808316,2.33863740899227,0,400,25,20.7567353872211,70.0539819318712,0.984689435365167,2.83098212667485,0.01375,0.011,0.01375,0.01375,0,0,0,0
16/08/2015,1.407352819614e-07,0.1,10.1765212017667,37.1512877769825,352.226026279017,0,7.78377577020794,31.1351030808318,2.33863740899227,0,400,25,20.7567353872212,70.0539819318715,0.984689435365167,2.83098212667486,0.01375,0.011,0.01375,0.01375,0,0,0,0
17/08/2015,0,0.1,10.206432928299,0,352.777225076551,0,0,0,0,0,400,25,0,0,0,0,0.01375,0.011,0.01375,0.01375,0,0,0,0
18/08/2015,0,0.1,10.2386517160679,0,353.307250297619,0,0,0,0,0,400,25,0,0,0,0,0.01375,0.011,0.01375,0.01375,0,0,0,0
19/08/2015,0,0.1,10.2731680276286,0,353.815945043506,0,0,0,0,0,400,25,0,0,0,0,0.01375,0.011,0.01375,0.01375,0,0,0,0
20/08/2015,0,0.1,10.3099716454204,0,354.303158729775,0,0,0,0,0,400,25,0,0,0,0,0.01375,0.011,0.01375,0.01375,0,0,0,0
21/08/2015,0,0.1,10.3490516747915,0,354.768747130835,0,0,0,0,0,400,25,0,0,0,0,0.01375,0.011,0.01375,0.01375,0,0,0,0
22/08/2015,0,0.1,10.3903965472238,0,355.212572422639,0,0,0,0,0,400,25,0,0,0,0,0.01375,0.011,0.01375,0.01375,0,0,0,0
23/08/2015,0,0.1,10.4339940237578,0,355.634503223483,0,0,0,0,0,400,25,0,0,0,0,0.01375,0.011,0.01375,0.01375,0,0,0,0
24/08/2015,0.00888257112578027,0.1,10.4798311986152,34.4288543011,356.034414632895,0,7.76882687910738,31.0753075164295,2.41842302581802,0,400,25,20.7168716776197,69.9194419119665,1.0182833792918,2.92756471546392,0.01375,0.011,0.01375,0.01375,0,0,0,0
25/08/2015,0.228000639988507,0.1,10.5278945030197,37.9708238149725,356.412188268613,0,7.81454119497344,31.2581647798938,2.49049471358908,0,400,25,20.8387765199292,70.330870754761,1.04862935309014,3.01480939013415,0.01375,0.011,0.01375,0.01375,0,0,0,0
26/08/2015,0.218278774802489,0.1,10.5781697092131,37.2529969821595,356.767712301624,0,7.34339184914481,29.3735673965792,2.322107194089,0,400,25,19.5823782643861,66.0905266423032,0.977729344879579,2.81097186652879,0.01375,0.011,0.01375,0.01375,0,0,0,0
27/08/2015,0.0724797036677021,0.1,10.6306419346675,32.8369894527049,357.10088148927,0,6.70049309390564,26.8019723756226,2.08031053584557,0,400,25,17.8679815837484,60.3044378451508,0.875920225619187,2.51827064865516,0.01375,0.011,0.01375,0.01375,0,0,0,0
28/08/2015,0.00370154764021144,0.1,10.6852956464909,24.9474129342449,357.4115972064,0,4.15766884691045,16.6306753876418,1.15696326904683,0,400,25,11.0871169250945,37.419019622194,0.48714242907235,1.40053448358301,0.01375,0.011,0.01375,0.01375,0,0,0,0
29/08/2015,0.000170821582382397,0.1,10.7421146660246,9.70678785280162,357.69976747457,0,1.50284312710503,6.01137250842011,0.324942675200661,0,400,25,4.00758167228007,13.5255881439453,0.136817968505541,0.393351659453431,0.01375,0.011,0.01375,0.01375,0,0,0,0
30/08/2015,2.63424796381167e-06,0.1,10.8010821736331,9.70678785280164,357.965306989265,0,1.50284312710502,6.01137250842009,0.32494267520066,0,400,25,4.00758167228006,13.5255881439452,0.136817968505541,0.393351659453431,0.01375,0.011,0.01375,0.01375,0,0,0,0
31/08/2015,6.75205732759346e-08,0.1,10.862180713683,0,358.208137145153,0,0,0,0,0,400,25,0,0,0,0,0.01375,0.011,0.01375,0.01375,0,0,0,0
01/09/2015,0,0.1,10.9253921997097,0,358.428186059355,0,0,0,0,0,400,25,0,0,0,0,0.01375,0.011,0.01375,0.01375,0,0,0,0
02/09/2015,0,0.1,10.9906979197721,0,358.625388592724,0,0,0,0,0,400,25,0,0,0,0,0.01375,0.011,0.01375,0.01375,0,0,0,0
03/09/2015,0.000954677263515316,0.1,11.0580785419912,30.4470311462094,358.799686369124,0,7.22328699743986,28.8931479897595,2.23555222181156,0,400,25,19.2620986598396,65.0095829769588,0.941285146025919,2.70619479482452,0.01375,0.011,0.01375,0.01375,0,0,0,0
04/09/2015,0.00200010169284956,0.1,11.1275141202729,39.2021149856769,358.951027792715,0,8.04391824520967,32.1756729808387,2.42090522593447,0,400,25,21.4504486538924,72.395264206887,1.01932851618294,2.93056948402594,0.01375,0.011,0.01375,0.01375,0,0,0,0
05/09/2015,2.18277054380155e-05,0.1,11.1989841002127,39.1068551635967,359.079368063225,0,8.03183358941166,32.1273343576466,2.41708325640192,0,400,25,21.4182229050978,72.2865023047049,1.01771926585344,2.92594288932864,0.01375,0.011,0.01375,0.01375,0,0,0,0
06/09/2015,0.010250147881094,0.1,11.2724673251798,25.4172543385852,359.184669189209,0,6.41485888060165,25.6594355224066,1.9218621613889,0,400,25,17.1062903482711,57.7337299254148,0.8092051205848,2.3264647216813,0.01375,0.011,0.01375,0.01375,0,0,0,0
07/09/2015,0.000895385116575657,0.1,11.3479420425803,37.7991159013074,359.2668999993,0,7.87518324287555,31.5007329715022,2.36862801882804,0,400,25,21.0004886476681,70.87664918588,0.997317060559174,2.86728654910763,0.01375,0.011,0.01375,0.01375,0,0,0,0
08/09/2015,1.05348105475501e-05,0.1,11.4253859102962,37.799115901307,359.326036151433,0,7.87518324287559,31.5007329715024,2.36862801882805,0,400,25,21.0004886476683,70.8766491858804,0.99731706055918,2.86728654910764,0.01375,0.011,0.01375,0.01375,0,0,0,0
09/09/2015,2.088277971865e-07,0.1,11.5047760032994,37.7991159013071,359.362060140052,0,7.87518324287557,31.5007329715023,2.36862801882806,0,400,25,21.0004886476682,70.8766491858801,0.997317060559181,2.86728654910765,0.01375,0.011,0.01375,0.01375,0,0,0,0
10/09/2015,0,0.1,11.5860888204375,0,359.374961301293,0,0,0,0,0,400,25,0,0,0,0,0.01375,0.011,0.01375,0.01375,0,0,0,0
11/09/2015,0,0.1,11.6693002913912,0,359.364735816136,0,0,0,0,0,400,25,0,0,0,0,0.01375,0.011,0.01375,0.01375,0,0,0,0
12/09/2015,0,0.1,11.7543857837993,0,359.331386711544,0,0,0,0,0,400,25,0,0,0,0,0.01375,0.011,0.01375,0.01375,0,0,0,0
13/09/2015,0,0.1,11.8413201105505,0,359.274923859559,0,0,0,0,0,400,25,0,0,0,0,0.01375,0.011,0.01375,0.01375,0,0,0,0
14/09/2015,0,0.1,11.9300775372393,0,359.195363974383,0,0,0,0,0,400,25,0,0,0,0,0.01375,0.011,0.01375,0.01375,0,0,0,0
15/09/2015,0,0.1,12.0206317897838,0,359.09273060743,0,0,0,0,0,400,25,0,0,0,0,0.01375,0.011,0.01375,0.01375,0,0,0,0
16/09/2015,0,0.1,12.1129560622039,0,358.967054140356,0,0,0,0,0,400,25,0,0,0,0,0.01375,0.011,0.01375,0.01375,0,0,0,0
17/09/2015,0,0.1,12.2070230245555,0,358.818371776061,0,0,0,0,0,400,25,0,0,0,0,0.01375,0.011,0.01375,0.01375,0,0,0,0
18/09/2015,0,0.1,12.3028048310218,0,358.646727527679,0,0,0,0,0,400,25,0,0,0,0,0.01375,0.011,0.01375,0.01375,0,0,0,0
19/09/2015,0,0.1,12.4002731281556,0,358.452172205552,0,0,0,0,0,400,25,0,0,0,0,0.01375,0.011,0.01375,0.01375,0,0,0,0
20/09/2015,0.0121175862023279,0.1,12.4993990632724,34.8591351158184,358.234763402183,0,7.77615671609473,31.1046268643789,2.40865433434193,0,400,25,20.7364179095859,69.9854104448525,1.01417024603871,2.91573945736128,0.01375,0.011,0.01375,0.01375,0,0,0,0
21/09/2015,0.00208610342231869,0.1,12.600153292992,39.2212899266719,357.994565475191,0,8.05696444147481,32.2278577658993,2.42774602633242,0,400,25,21.4852385105995,72.5126799732733,1.0222088531926,2.93885045292872,0.01375,0.011,0.01375,0.01375,0,0,0,0
22/09/2015,2.12975393951569e-05,0.1,12.7025059919243,39.2212899266716,357.73164952826,0,8.0569644414748,32.2278577658992,2.4277460263324,0,400,25,21.4852385105995,72.5126799732732,1.02220885319259,2.93885045292869,0.01375,0.011,0.01375,0.01375,0,0,0,0
23/09/2015,3.57253703480504e-07,0.1,12.8064268614986,39.2212899266712,357.446093390089,0,8.05696444147482,32.2278577658993,2.4277460263324,0,400,25,21.4852385105995,72.5126799732734,1.02220885319259,2.93885045292869,0.01375,0.011,0.01375,0.01375,0,0,0,0
24/09/2015,1.32631741133029e-08,0.1,12.9118851389321,0,357.137981591355,0,0,0,0,0,400,25,0,0,0,0,0.01375,0.011,0.01375,0.01375,0,0,0,0
25/09/2015,0,0.1,13.0188496063369,0,356.807405339689,0,0,0,0,0,400,25,0,0,0,0,0.01375,0.011,0.01375,0.01375,0,0,0,0
26/09/2015,0,0.1,13.1272885999607,0,356.454462492675,0,0,0,0,0,400,25,0,0,0,0,0.01375,0.011,0.01375,0.01375,0,0,0,0
27/09/2015,0.000511303913919841,0.1,13.2371700195604,38.6469318307941,356.079257528887,0,7.9723023316127,31.8892093264508,2.39795232497836,0,400,25,21.2594728843005,71.7507209845143,1.00966413683299,2.90278439339486,0.01375,0.011,0.01375,0.01375,0,0,0,0
28/09/2015,6.83822250623131e-06,0.1,13.3484613379039,38.6469318307942,355.681901516956,0,7.97230233161268,31.8892093264507,2.39795232497836,0,400,25,21.2594728843005,71.7507209845141,1.00966413683299,2.90278439339486,0.01375,0.011,0.01375,0.01375,0,0,0,0
29/09/2015,1.46860515572946e-07,0.1,13.4611296103994,38.6469318307941,355.262512082693,0,7.97230233161266,31.8892093264507,2.39795232497836,0,400,25,21.2594728843004,71.750720984514,1.00966413683299,2.90278439339485,0.01375,0.011,0.01375,0.01375,0,0,0,0
30/09/2015,0,0.1,13.5751414848473,0,354.82121337427,0,0,0,0,0,400,25,0,0,0,0,0.01375,0.011,0.01375,0.01375,0,0,0,0
01/10/2015,0,0.1,13.6904632113135,0,354.35813602547,0,0,0,0,0,400,25,0,0,0,0,0.01375,0.011,0.01375,0.01375,0,0,0,0
02/10/2015,0,0.1,13.8070606521197,0,353.873417117015,0,0,0,0,0,400,25,0,0,0,0,0.01375,0.011,0.01375,0.01375,0,0,0,0
03/10/2015,0,0.1,13.9248992919492,0,353.367200135988,0,0,0,0,0,400,25,0,0,0,0,0.01375,0.011,0.01375,0.01375,0,0,0,0
04/10/2015,0,0.1,14.0439442480639,0,352.839634933357,0,0,0,0,0,400,25,0,0,0,0,0.01375,0.011,0.01375,0.01375,0,0,0,0
05/10/2015,0,0.1,14.1641602806307,0,352.290877679617,0,0,0,0,0,400,25,0,0,0,0,0.01375,0.011,0.01375,0.01375,0,0,0,0
06/10/2015,0,0.1,14.2855118031529,0,351.721090818561,0,0,0,0,0,400,25,0,0,0,0,0.01375,0.011,0.01375,0.01375,0,0,0,0
07/10/2015,0,0.1,14.4079628930047,0,351.13044301919,0,0,0,0,0,400,25,0,0,0,0,0.01375,0.011,0.01375,0.01375,0,0,0,0
08/10/2015,0,0.1,14.5314773020651,0,350.519109125787,0,0,0,0,0,400,25,0,0,0,0,0.01375,0.011,0.01375,0.01375,0,0,0,0
09/10/2015,0,0.1,14.6560184674478,0,349.887270106158,0,0,0,0,0,400,25,0,0,0,0,0.01375,0.011,0.01375,0.01375,0,0,0,0
10/10/2015,0,0.1,14.7815495223251,0,349.235112998059,0,0,0,0,0,400,25,0,0,0,0,0.01375,0.011,0.01375,0.01375,0,0,0,0
11/10/2015,0.000148026466616424,0.1,14.908033306841,38.6979250943419,348.562830853834,0,7.97873005390864,31.9149202156346,2.39997463846631,0,400,25,21.2766134770897,71.8085704851778,1.01051563724897,2.9052324570908,0.01375,0.011,0.01375,0.01375,0,0,0,0
12/10/2015,2.48294170650885e-06,0.1,15.0354323791111,38.6979250943419,347.870622683264,0,7.97873005390864,31.9149202156345,2.39997463846632,0,400,25,21.2766134770897,71.8085704851777,1.01051563724898,2.90523245709081,0.01375,0.011,0.01375,0.01375,0,0,0,0
13/10/2015,0.00360651830651469,0.1,15.1637090263067,37.0184235161505,347.158693394657,0,7.83054190417091,31.3221676166836,2.36970080439826,0,400,25,20.8814450777891,70.4748771375382,0.997768759746635,2.86858518427158,0.01375,0.011,0.01375,0.01375,0,0,0,0
14/10/2015,3.37196163972049e-05,0.1,15.292825275818,37.0184235161508,346.427253734189,0,7.83054190417094,31.3221676166838,2.36970080439825,0,400,25,20.8814450777892,70.4748771375385,0.997768759746633,2.86858518427157,0.01375,0.011,0.01375,0.01375,0,0,0,0
15/10/2015,5.20690167859096e-07,0.1,15.4227429064953,37.0184235161506,345.676520223521,0,7.83054190417095,31.3221676166838,2.36970080439825,0,400,25,20.8814450777892,70.4748771375386,0.997768759746631,2.86858518427156,0.01375,0.011,0.01375,0.01375,0,0,0,0
16/10/2015,1.80265705740702e-08,0.1,15.553423459963,0,344.906715095704,0,0,0,0,0,400,25,0,0,0,0,0.01375,0.011,0.01375,0.01375,0,0,0,0
17/10/2015,0,0.1,15.6848282520041,0,344.11806622939,0,0,0,0,0,400,25,0,0,0,0,0.01375,0.011,0.01375,0.01375,0,0,0,0
18/10/2015,0,0.1,15.8169183840117,0,343.310807081381,0,0,0,0,0,400,25,0,0,0,0,0.01375,0.011,0.01375,0.01375,0,0,0,0
19/10/2015,0,0.1,15.9496547545038,0,342.485176617513,0,0,0,0,0,400,25,0,0,0,0,0.01375,0.011,0.01375,0.01375,0,0,0,0
20/10/2015,0,0.1,16.0829980706979,0,341.641419241926,0,0,0,0,0,400,25,0,0,0,0,0.01375,0.011,0.01375,0.01375,0,0,0,0
21/10/2015,0.00580550603001357,0.1,16.2169088601428,32.1364442567744,340.779784724706,0,7.4643562381329,29.8574249525316,2.31863642719473,0,400,25,19.9049499683544,67.1792061431961,0.976267969345149,2.8067704118673,0.01375,0.011,0.01375,0.01375,0,0,0,0
22/10/2015,0.00174677301044082,0.1,16.3513474824032,39.2881525055717,339.900528127956,0,8.06206824884491,32.2482729953797,2.42849607888647,0,400,25,21.4988486635864,72.5586142396042,1.0225246647943,2.93975841128363,0.01375,0.011,0.01375,0.01375,0,0,0,0
23/10/2015,0.0140815041832173,0.1,16.486274140794,36.5233845837467,339.003909730285,0,8.02658762071222,32.1063504828489,2.49791031943449,0,400,25,21.4042336552326,72.23928858641,1.0517517134461,3.02378617615754,0.01375,0.011,0.01375,0.01375,0,0,0,0
24/10/2015,0.00322768361064317,0.1,16.6216488941613,39.6065966030499,338.090194949768,0,8.1035245554383,32.4140982217532,2.44187805325866,0,400,25,21.6093988145021,72.9317209989447,1.02815918031944,2.95595764341838,0.01375,0.011,0.01375,0.01375,0,0,0,0
25/10/2015,3.05199817152593e-05,0.1,16.7574316687051,39.6065966030499,337.159654265367,0,8.10352455543828,32.4140982217531,2.44187805325864,0,400,25,21.6093988145021,72.9317209989445,1.02815918031943,2.95595764341835,0.01375,0.011,0.01375,0.01375,0,0,0,0
26/10/2015,4.79830062528117e-07,0.1,16.893582269843,39.6065966030496,336.212563136873,0,8.10352455543825,32.414098221753,2.44187805325864,0,400,25,21.609398814502,72.9317209989443,1.02815918031943,2.95595764341836,0.01375,0.011,0.01375,0.01375,0,0,0,0
27/10/2015,0.0350079029365918,0.1,17.0300603941077,37.7773294935406,335.249201923357,0,8.24353040915332,32.9741216366133,2.58132314928503,0,400,25,21.9827477577422,74.1917736823799,1.08687290496212,3.12475960176609,0.01375,0.011,0.01375,0.01375,0,0,0,0
28/10/2015,0.00784801189313297,0.1,17.1668256410784,39.8035737719515,334.269855800181,0,8.12859023595769,32.5143609438308,2.44982522131501,0,400,25,21.6762406292205,73.1573121236192,1.03150535634316,2.96557789948659,0.01375,0.011,0.01375,0.01375,0,0,0,0
29/10/2015,6.31167541741025e-05,0.1,17.3038375253397,39.8035737719513,333.27481467458,0,8.12859023595771,32.5143609438309,2.449825221315,0,400,25,21.6762406292206,73.1573121236195,1.03150535634316,2.96557789948658,0.01375,0.011,0.01375,0.01375,0,0,0,0
30/10/2015,8.70325672506862e-07,0.1,17.4410554884664,39.8035737719512,332.264373099842,0,8.12859023595773,32.5143609438309,2.44982522131502,0,400,25,21.6762406292206,73.1573121236195,1.03150535634317,2.9655778994866,0.01375,0.011,0.01375,0.01375,0,0,0,0
31/10/2015,2.73934028375115e-08,0.1,17.5784389110296,0,331.238830188116,0,0,0,0,0,400,25,0,0,0,0,0.01375,0.011,0.01375,0.01375,0,0,0,0
01/11/2015,0,0.1,17.7159471246209,0,330.198489521866,0,0,0,0,0,400,25,0,0,0,0,0.01375,0.011,0.01375,0.01375,0,0,0,0
02/11/2015,0.0163255310121732,0.1,17.853539423891,37.8445788091789,329.143659064006,0,8.2257033736357,32.9028134945428,2.56894322467125,0,400,25,21.9352089963619,74.0313303627213,1.08166030512474,3.10977337723362,0.01375,0.011,0.01375,0.01375,0,0,0,0
03/11/2015,0.0147154046638317,0.1,17.9911750785997,36.9292802795341,328.074651066735,0,7.93617314735117,31.7446925894047,2.43301892227976,0,400,25,21.1631283929365,71.4255583261606,1.02442901990727,2.94523343223339,0.01375,0.011,0.01375,0.01375,0,0,0,0
04/11/2015,0.01207882051742,0.1,18.1288133456723,30.0443401682068,326.991781979106,0,7.05002417738872,28.2000967095549,2.15316394350428,0,400,25,18.8000644730366,63.4502175964985,0.90659534463338,2.60646161582097,0.01375,0.011,0.01375,0.01375,0,0,0,0
05/11/2015,0.13030925097193,0.1,18.2664134812612,37.3275686977207,325.895372353347,0,7.83401126370894,31.3360450548358,2.47244649464705,0,400,25,20.8906967032238,70.5061013733805,1.04103010300929,2.99296154615169,0.01375,0.011,0.01375,0.01375,0,0,0,0
06/11/2015,0.104407452126672,0.1,18.4039347528061,36.0652025564482,324.785746749974,0,7.27496364656348,29.0998545862539,2.24511036574344,0,400,25,19.3999030575026,65.4746728190713,0.945309627681447,2.71776517958416,0.01375,0.011,0.01375,0.01375,0,0,0,0
07/11/2015,0.0415034382480147,0.1,18.5413364510926,36.1053375286967,323.663233641712,0,7.62928186247538,30.5171274499015,2.35773503966186,0,400,25,20.3447516332677,68.6635367622784,0.992730543015519,2.85410031116962,0.01375,0.011,0.01375,0.01375,0,0,0,0
08/11/2015,0.0131348735148941,0.1,18.678577902302,30.5408600207829,322.528165316262,0,5.33085083904967,21.3234033561987,1.52678318934348,0,400,25,14.2156022374658,47.977657551447,0.642856079723572,1.84821122920527,0.01375,0.011,0.01375,0.01375,0,0,0,0
09/11/2015,9.63353948628179e-05,0.1,18.8156184800527,30.5408600207829,321.380877777935,0,5.33085083904967,21.3234033561987,1.52678318934349,0,400,25,14.2156022374658,47.977657551447,0.642856079723574,1.84821122920528,0.01375,0.011,0.01375,0.01375,0,0,0,0
10/11/2015,1.23054642596388e-06,0.1,18.9524176174254,30.5408600207829,320.221710648189,0,5.3308508390497,21.3234033561988,1.5267831893435,0,400,25,14.2156022374659,47.9776575514473,0.642856079723577,1.84821122920528,0.01375,0.011,0.01375,0.01375,0,0,0,0
11/11/2015,0.000740158586847841,0.1,19.0889348189725,6.00118913945381,319.05100706509,0,0.857359632865533,3.42943853146213,0.12264868648686,0,400,25,2.28629235430809,7.7162366957898,0.0516415522049935,0.148469462589356,0.01375,0.011,0.01375,0.01375,0,0,0,0
12/11/2015,0.00625136442588672,0.1,19.2251296727055,28.970063240163,317.869113581744,0,6.93081075906625,27.723243036265,2.14002009594596,0,400,25,18.4821620241767,62.3772968315963,0.901061093029878,2.5905506424609,0.01375,0.011,0.01375,0.01375,0,0,0,0
13/11/2015,0.00180276680848035,0.1,19.3609618620575,39.3303403097117,316.676380063702,0,8.06368955307994,32.2547582123198,2.42875613759705,0,400,25,21.5031721415465,72.5732059777195,1.02263416319876,2.94007321919642,0.01375,0.011,0.01375,0.01375,0,0,0,0
14/11/2015,0.0851289800442232,0.1,19.496391177818,36.7620110132382,315.473159585395,0,7.91104165590978,31.6441666236391,2.48531177501415,0,400,25,21.0961110824261,71.199374903188,1.04644706316385,3.00853530659607,0.01375,0.011,0.01375,0.01375,0,0,0,0
15/11/2015,0.126809104806406,0.1,19.6313775300357,35.6438294639656,314.259808325618,0,7.3448318816903,29.3793275267612,2.29850029699071,0,400,25,19.5862183511741,66.1034869352127,0.96778959873293,2.78239509635717,0.01375,0.011,0.01375,0.01375,0,0,0,0
16/11/2015,0.00760079072951942,0.1,19.7658809598859,34.521196499744,313.036685462092,0,6.24599280597243,24.9839712238897,1.82544402188294,0,400,25,16.6559808159265,56.2139352537519,0.768608009213871,2.20974802648988,0.01375,0.011,0.01375,0.01375,0,0,0,0
17/11/2015,6.05462676855233e-05,0.1,19.899861651499,34.5211964997439,311.80415306514,0,6.24599280597241,24.9839712238897,1.82544402188295,0,400,25,16.6559808159264,56.2139352537517,0.768608009213876,2.20974802648989,0.01375,0.011,0.01375,0.01375,0,0,0,0
18/11/2015,8.41179496124145e-07,0.1,20.0332799437473,34.5211964997436,310.562575990505,0,6.2459928059724,24.9839712238896,1.82544402188294,0,400,25,16.6559808159264,56.2139352537516,0.76860800921387,2.20974802648988,0.01375,0.011,0.01375,0.01375,0,0,0,0
19/11/2015,2.66437846912715e-08,0.1,20.166096341985,0,309.31232177135,0,0,0,0,0,400,25,0,0,0,0,0.01375,0.011,0.01375,0.01375,0,0,0,0
20/11/2015,0,0.1,20.2982715297398,0,308.053760509454,0,0,0,0,0,400,25,0,0,0,0,0.01375,0.011,0.01375,0.01375,0,0,0,0
21/11/2015,0,0.1,20.4297663803513,0,306.787264765657,0,0,0,0,0,400,25,0,0,0,0,0.01375,0.011,0.01375,0.01375,0,0,0,0
22/11/2015,0,0.1,20.5605419685534,0,305.513209449576,0,0,0,0,0,400,25,0,0,0,0,0.01375,0.011,0.01375,0.01375,0,0,0,0
23/11/2015,0,0.1,20.6905595819968,0,304.231971708621,0,0,0,0,0,400,25,0,0,0,0,0.01375,0.011,0.01375,0.01375,0,0,0,0
24/11/2015,0,0.1,20.8197807327088,0,302.94393081635,0,0,0,0,0,400,25,0,0,0,0,0.01375,0.011,0.01375,0.01375,0,0,0,0
25/11/2015,0,0.1,20.9481671684868,0,301.649468060202,0,0,0,0,0,400,25,0,0,0,0,0.01375,0.011,0.01375,0.01375,0,0,0,0
26/11/2015,0,0.1,21.0756808842214,0,300.348966628621,0,0,0,0,0,400,25,0,0,0,0,0.01375,0.011,0.01375,0.01375,0,0,0,0
27/11/2015,0,0.1,21.2022841331467,0,299.042811497628,0,0,0,0,0,400,25,0,0,0,0,0.01375,0.011,0.01375,0.01375,0,0,0,0
28/11/2015,0,0.1,21.3279394380145,0,297.73138931686,0,0,0,0,0,400,25,0,0,0,0,0.01375,0.011,0.01375,0.01375,0,0,0,0
29/11/2015,0,0.1,21.4526096021881,0,296.41508829511,0,0,0,0,0,400,25,0,0,0,0,0.01375,0.011,0.01375,0.01375,0,0,0,0
30/11/2015,0.00204702556347314,0.1,21.5762577206533,39.7555490330827,295.094298085414,0,8.11204399576672,32.4481759830669,2.441918358238,0,400,25,21.6321173220446,73.0083959619005,1.02817615083705,2.95600643365653,0.01375,0.011,0.01375,0.01375,0,0,0,0
01/12/2015,2.12345157302683e-05,0.1,21.6988471909432,39.7555490330828,293.769409669701,0,8.11204399576677,32.4481759830671,2.44191835823799,0,400,25,21.6321173220447,73.008395961901,1.02817615083705,2.95600643365651,0.01375,0.011,0.01375,0.01375,0,0,0,0
02/12/2015,3.56386553030476e-07,0.1,21.8203417239731,39.7555490330829,292.440815243058,0,8.11204399576678,32.4481759830671,2.44191835823799,0,400,25,21.6321173220447,73.008395961901,1.02817615083705,2.95600643365652,0.01375,0.011,0.01375,0.01375,0,0,0,0
03/12/2015,1.32369445970401e-08,0.1,21.9407053547832,0,291.108908097629,0,0,0,0,0,400,25,0,0,0,0,0.01375,0.011,0.01375,0.01375,0,0,0,0
04/12/2015,0,0.1,22.0599024531845,0,289.774082506192,0,0,0,0,0,400,25,0,0,0,0,0.01375,0.011,0.01375,0.01375,0,0,0,0
05/12/2015,0,0.1,22.1778977343065,0,288.436733605447,0,0,0,0,0,400,25,0,0,0,0,0.01375,0.011,0.01375,0.01375,0,0,0,0
06/12/2015,0,0.1,22.294656269042,0,287.097257279049,0,0,0,0,0,400,25,0,0,0,0,0.01375,0.011,0.01375,0.01375,0,0,0,0
07/12/2015,0,0.1,22.4101434943871,0,285.756050040415,0,0,0,0,0,400,25,0,0,0,0,0.01375,0.011,0.01375,0.01375,0,0,0,0
08/12/2015,0,0.1,22.5243252236724,0,284.413508915348,0,0,0,0,0,400,25,0,0,0,0,0.01375,0.011,0.01375,0.01375,0,0,0,0
09/12/2015,0,0.1,22.637167656683,0,283.070031324511,0,0,0,0,0,400,25,0,0,0,0,0.01375,0.011,0.01375,0.01375,0,0,0,0
10/12/2015,0.000903324329545287,0.1,22.7486373896641,39.6393085078755,281.726014965779,0,8.09739182872381,32.3895673148952,2.4373084398759,0,400,25,21.5930448765968,72.8765264585143,1.02623513257933,2.95042600616556,0.01375,0.011,0.01375,0.01375,0,0,0,0
11/12/2015,1.08859996563302e-05,0.1,22.8587014252095,39.6393085078755,280.381857696517,0,8.09739182872384,32.3895673148954,2.4373084398759,0,400,25,21.5930448765969,72.8765264585145,1.02623513257933,2.95042600616557,0.01375,0.011,0.01375,0.01375,0,0,0,0
12/12/2015,2.14481198620365e-07,0.1,22.9673271820289,39.6393085078757,279.037957415799,0,8.09739182872381,32.3895673148953,2.43730843987589,0,400,25,21.5930448765968,72.8765264585143,1.02623513257932,2.95042600616555,0.01375,0.011,0.01375,0.01375,0,0,0,0
13/12/2015,0,0.1,23.0744825045931,0,277.694711946626,0,0,0,0,0,400,25,0,0,0,0,0.01375,0.011,0.01375,0.01375,0,0,0,0
14/12/2015,0,0.1,23.180135672653,0,276.352518918163,0,0,0,0,0,400,25,0,0,0,0,0.01375,0.011,0.01375,0.01375,0,0,0,0
15/12/2015,0,0.1,23.2842554106286,0,275.011775648026,0,0,0,0,0,400,25,0,0,0,0,0.01375,0.011,0.01375,0.01375,0,0,0,0
16/12/2015,0,0.1,23.3868108968681,0,273.672879024676,0,0,0,0,0,400,25,0,0,0,0,0.01375,0.011,0.01375,0.01375,0,0,0,0
17/12/2015,2.92771553829505e-06,0.1,23.4877717727713,39.3692395137103,272.336225389925,0,8.06334951853491,32.2533980741396,2.42659792378851,0,400,25,21.5022653827598,72.5701456668142,1.02172544159516,2.93746064458609,0.01375,0.011,0.01375,0.01375,0,0,0,0
18/12/2015,1.04815453429045e-07,0.1,23.5871081517765,0,271.002210421614,0,0,0,0,0,400,25,0,0,0,0,0.01375,0.011,0.01375,0.01375,0,0,0,0
19/12/2015,0,0.1,23.6847906282074,0,269.671229016481,0,0,0,0,0,400,25,0,0,0,0,0.01375,0.011,0.01375,0.01375,0,0,0,0
20/12/2015,0,0.1,23.7807902859783,0,268.343675173266,0,0,0,0,0,400,25,0,0,0,0,0.01375,0.011,0.01375,0.01375,0,0,0,0
21/12/2015,0,0.1,23.8750787071532,0,267.019941876079,0,0,0,0,0,400,25,0,0,0,0,0.01375,0.011,0.01375,0.01375,0,0,0,0
22/12/2015,0.130107260447918,0.1,23.9676279803587,37.7575565476486,265.700420978066,0,8.02273638423822,32.0909455369529,2.53320245678609,0,400,25,21.3939636913019,72.204627458144,1.06661156075204,3.06650823716211,0.01375,0.011,0.01375,0.01375,0,0,0,0
23/12/2015,0.157886314366863,0.1,24.0584107090458,37.5610702340207,264.385503085413,0,7.78597448923743,31.1438979569497,2.43471051960008,0,400,25,20.7625986379665,70.0737704031369,1.02514127141056,2.94728115530536,0.01375,0.011,0.01375,0.01375,0,0,0,0
24/12/2015,0.0158346101772049,0.1,24.1474000196006,36.0012596856195,263.07557744172,0,6.61623153076189,26.4649261230475,1.94236285149097,0,400,25,17.6432840820317,59.546083776857,0.817836990101463,2.35128134654171,0.01375,0.011,0.01375,0.01375,0,0,0,0
25/12/2015,0.000111326585949476,0.1,24.2345695692986,36.0012596856194,261.771031812774,0,6.61623153076189,26.4649261230476,1.94236285149098,0,400,25,17.6432840820317,59.5460837768571,0.817836990101466,2.35128134654171,0.01375,0.011,0.01375,0.01375,0,0,0,0
26/12/2015,1.38527186135918e-06,0.1,24.3198935541034,36.0012596856191,260.472252371766,0,6.61623153076185,26.4649261230474,1.94236285149099,0,400,25,17.6432840820316,59.5460837768567,0.817836990101468,2.35128134654172,0.01375,0.011,0.01375,0.01375,0,0,0,0
27/12/2015,4.00009523806278e-08,0.1,24.4033467163048,0,259.17962358497,0,0,0,0,0,400,25,0,0,0,0,0.01375,0.011,0.01375,0.01375,0,0,0,0
28/12/2015,0.0024689329249826,0.1,24.484904351996,39.7958029859269,257.893528097937,0,8.11711802343617,32.4684720937447,2.44351476737357,0,400,25,21.6456480624964,73.0540622109255,1.02884832310466,2.9579389289259,0.01375,0.011,0.01375,0.01375,0,0,0,0
29/12/2015,2.47458458531956e-05,0.1,24.5645423183859,39.7958029859263,256.614346622224,0,8.11711802343607,32.4684720937443,2.44351476737356,0,400,25,21.6456480624962,73.0540622109246,1.02884832310466,2.95793892892589,0.01375,0.011,0.01375,0.01375,0,0,0,0
30/12/2015,4.04032435148477e-07,0.1,24.6422370409468,39.7958029859262,255.342457822691,0,8.11711802343604,32.4684720937442,2.44351476737357,0,400,25,21.6456480624961,73.0540622109244,1.02884832310466,2.9579389289259,0.01375,0.011,0.01375,0.01375,0,0,0,0
31/12/2015,1.4661472322325e-08,0.1,24.7179655203918,0,254.078238205414,0,0,0,0,0,400,25,0,0,0,0,0.01375,0.011,0.01375,0.01375,0,0,0,0
01/01/2016,0,0.1,24.8051371179797,0,252.59041410873,0,0,0,0,0,400,25,0,0,0,0,0.01375,0.011,0.01375,0.01375,0,0,0,0
02/01/2016,0,0.1,24.8764918925008,0,251.344251726306,0,0,0,0,0,400,25,0,0,0,0,0.01375,0.011,0.01375,0.01375,0,0,0,0
03/01/2016,0,0.1,24.9458110794992,0,250.106942079986,0,0,0,0,0,400,25,0,0,0,0,0.01375,0.011,0.01375,0.01375,0,0,0,0
04/01/2016,0.0189036224102046,0.1,25.0130741590243,35.7574096170955,248.878851439682,0,7.96417403455406,31.8566961382163,2.48706127988216,0,400,25,21.2377974254775,71.6775663109866,1.04718369679249,3.01065312827841,0.01375,0.011,0.01375,0.01375,0,0,0,0
05/01/2016,0.127725399941386,0.1,25.0782612197774,38.5638791952729,247.660343346284,0,8.26751094583359,33.0700437833344,2.59521180339114,0,400,25,22.0466958555562,74.4075985125023,1.09272075932259,3.14157218305243,0.01375,0.011,0.01375,0.01375,0,0,0,0
06/01/2016,0.433765906071139,0.1,25.1413529650052,37.0764802331042,246.451778504046,0,7.46765002421631,29.8706000968653,2.37994110895618,0,400,25,19.9137333979102,67.2088502179468,1.00208046692892,2.88098134242063,0.01375,0.011,0.01375,0.01375,0,0,0,0
07/01/2016,0.140626396991486,0.1,25.2023307182122,33.3902438666679,245.253514673805,0,6.70034150144945,26.8013660057978,2.06198920759744,0,400,25,17.8675773371985,60.303073513045,0.868205982146291,2.49609219867059,0.01375,0.011,0.01375,0.01375,0,0,0,0
08/01/2016,0.00395792211039208,0.1,25.2611764286895,27.7858908723443,244.065906567085,0,5.26812687904428,21.0725075161771,1.53489944021363,0,400,25,14.0483383441181,47.4131419113985,0.646273448511002,1.85803616446913,0.01375,0.011,0.01375,0.01375,0,0,0,0
09/01/2016,0.00056636643306223,0.1,25.317872676858,7.33558968781705,242.889305741087,0,1.12755937613202,4.51023750452809,0.209163215028864,0,400,25,3.00682500301873,10.1480343851882,0.0880687221174163,0.253197576087572,0.01375,0.011,0.01375,0.01375,0,0,0,0
10/01/2016,7.30407314487336e-06,0.1,25.3724026794253,7.33558968781703,241.724060494622,0,1.12755937613203,4.51023750452811,0.209163215028866,0,400,25,3.00682500301874,10.1480343851883,0.0880687221174172,0.253197576087574,0.01375,0.011,0.01375,0.01375,0,0,0,0
11/01/2016,1.54960089201748e-07,0.1,25.4247502943533,7.335589687817,240.570515765012,0,1.12755937613202,4.5102375045281,0.209163215028865,0,400,25,3.00682500301873,10.1480343851882,0.0880687221174166,0.253197576087573,0.01375,0.011,0.01375,0.01375,0,0,0,0
12/01/2016,2.00778180089908e-23,0.1,25.4749000256372,0,239.429013025974,0,0,0,0,0,400,25,0,0,0,0,0.01375,0.011,0.01375,0.01375,0,0,0,0
13/01/2016,0,0.1,25.5228370278924,0,238.299890186543,0,0,0,0,0,400,25,0,0,0,0,0.01375,0.011,0.01375,0.01375,0,0,0,0
14/01/2016,0,0.1,25.5685471107489,0,237.18348149104,0,0,0,0,0,400,25,0,0,0,0,0.01375,0.011,0.01375,0.01375,0,0,0,0
15/01/2016,0.12471905096418,0.1,25.6120167430522,36.9424772947669,236.08011742013,0,7.96632777165569,31.8653110866228,2.50293204433544,0,400,25,21.2435407244152,71.6969499449012,1.05386612393071,3.02986510630079,0.01375,0.011,0.01375,0.01375,0,0,0,0
16/01/2016,0.0515636018476305,0.1,25.6532330568687,35.9365489413038,234.990124592991,0,7.24785507177076,28.991420287083,2.1968369183771,0,400,25,19.327613524722,65.2306956459368,0.924983965632463,2.65932890119333,0.01375,0.011,0.01375,0.01375,0,0,0,0
17/01/2016,0.000294648395869079,0.1,25.6921838512949,35.9365489413037,233.91382567063,0,7.24785507177066,28.9914202870826,2.19683691837707,0,400,25,19.3276135247218,65.2306956459359,0.924983965632452,2.6593289011933,0.01375,0.011,0.01375,0.01375,0,0,0,0
18/01/2016,3.07284819148423e-06,0.1,25.7288575960691,35.936548941304,232.851539260369,0,7.24785507177061,28.9914202870824,2.19683691837707,0,400,25,19.3276135247216,65.2306956459355,0.924983965632451,2.6593289011933,0.01375,0.011,0.01375,0.01375,0,0,0,0
19/01/2016,7.65453266859481e-08,0.1,25.7632434349846,0,231.803579821526,0,0,0,0,0,400,25,0,0,0,0,0.01375,0.011,0.01375,0.01375,0,0,0,0
20/01/2016,0,0.1,25.7953311891033,0,230.770257572335,0,0,0,0,0,400,25,0,0,0,0,0.01375,0.011,0.01375,0.01375,0,0,0,0
21/01/2016,0,0.1,25.8251113597692,0,229.751878398107,0,0,0,0,0,400,25,0,0,0,0,0.01375,0.011,0.01375,0.01375,0,0,0,0
22/01/2016,0.0861632797302581,0.1,25.8525751314198,35.8562068735597,228.74874376069,0,7.83474401140756,31.3389760456303,2.44792963699214,0,400,25,20.8926506970868,70.5126961026681,1.03070721557564,2.96328324477996,0.01375,0.011,0.01375,0.01375,0,0,0,0
23/01/2016,0.0954940778080464,0.1,25.8777143741959,36.8727656505754,227.761150609223,0,7.85561196213846,31.4224478485538,2.44965007098957,0,400,25,20.9482985657026,70.7005076592462,1.03143160883771,2.96536587540842,0.01375,0.011,0.01375,0.01375,0,0,0,0
24/01/2016,0.0290142127488825,0.1,25.9005216463481,34.624082508513,226.789391292236,0,7.07075150286517,28.2830060114607,2.14749758820559,0,400,25,18.8553373409738,63.6367635257865,0.904209510823407,2.59960234361729,0.01375,0.011,0.01375,0.01375,0,0,0,0
25/01/2016,0.0015138263000212,0.1,25.9209901964399,39.1374318930388,225.833753471109,0,7.98613120811725,31.944524832469,2.40634231073543,0,400,25,21.2963498883127,71.8751808730552,1.01319676241492,2.91294069194289,0.01375,0.011,0.01375,0.01375,0,0,0,0
26/01/2016,1.60204204700749e-05,0.1,25.9391139653462,39.1374318930389,224.894520034914,0,7.98613120811731,31.9445248324693,2.40634231073542,0,400,25,21.2963498883128,71.8751808730558,1.01319676241491,2.91294069194287,0.01375,0.011,0.01375,0.01375,0,0,0,0
27/01/2016,0.00649606745396953,0.1,25.9548875880467,30.3813654280605,223.971969016682,0,7.13105196011194,28.5242078404478,2.18492125790991,0,400,25,19.0161385602985,64.1794676410075,0.91996684543575,2.64490468062778,0.01375,0.011,0.01375,0.01375,0,0,0,0
28/01/2016,0.000806321373909798,0.1,25.9683063952143,39.0887593198439,223.066373511089,0,8.04159022614417,32.1663609045767,2.42325169272097,0,400,25,21.4442406030511,72.3743120352975,1.0203165021983,2.93340994382012,0.01375,0.011,0.01375,0.01375,0,0,0,0
29/01/2016,0.0148395192703829,0.1,25.9793664145975,33.2101141367964,222.178001593623,0,7.57675164474331,30.3070065789732,2.34809318933618,0,400,25,20.2046710526488,68.1907648026898,0.988670816562602,2.84242859761748,0.01375,0.011,0.01375,0.01375,0,0,0,0
30/01/2016,0.399719925667592,0.1,25.9880643721958,37.7552781081515,221.307116241223,0,7.67246398444298,30.6898559377719,2.47338799931616,0,400,25,20.4599039585146,69.0521758599868,1.04142652602786,2.99410126233009,0.01375,0.011,0.01375,0.01375,0,0,0,0
31/01/2016,0.359131362101807,0.1,25.9943976932292,36.7438843248659,220.453975254433,0,7.34028137124312,29.3611254849725,2.33844125868102,0,400,25,19.5740836566483,66.062532341188,0.98460684576043,2.83074468156124,0.01375,0.011,0.01375,0.01375,0,0,0,0
01/02/2016,0.0563544549557933,0.1,25.9983645029001,29.5269607185502,219.618831181091,0,5.98638922710276,23.945556908411,1.7943066838963,0,400,25,15.9637046056074,53.8775030439248,0.755497551114232,2.17205545945342,0.01375,0.011,0.01375,0.01375,0,0,0,0
02/02/2016,0.000315563664332599,0.1,25.9999636269489,29.5269607185502,218.801931241564,0,5.98638922710275,23.945556908411,1.79430668389628,0,400,25,15.9637046056073,53.8775030439247,0.755497551114224,2.17205545945339,0.01375,0.011,0.01375,0.01375,0,0,0,0
03/02/2016,0.00166612731905096,0.1,25.9991945920008,37.1300973297535,218.00351725557,0,7.77945111916904,31.1178044766762,2.33731862752232,0,400,25,20.7452029844508,70.0150600725214,0.984134158956766,2.8293857070007,0.01375,0.011,0.01375,0.01375,0,0,0,0
04/02/2016,1.79381114593771e-05,0.1,25.9960576257065,37.1300973297533,217.22382557059,0,7.77945111916903,31.1178044766761,2.33731862752232,0,400,25,20.7452029844507,70.0150600725212,0.984134158956768,2.82938570700071,0.01375,0.011,0.01375,0.01375,0,0,0,0
05/02/2016,0.00140166970868937,0.1,25.9905536566747,37.6526023762286,216.463086991908,0,7.84696631026793,31.3878652410717,2.3585186572378,0,400,25,20.9252434940478,70.6226967924114,0.993060487258022,2.85504890086681,0.01375,0.011,0.01375,0.01375,0,0,0,0
06/02/2016,1.55843364567772e-05,0.1,25.9826843141968,37.6526023762289,215.721526714289,0,7.84696631026788,31.3878652410715,2.35851865723781,0,400,25,20.9252434940477,70.6226967924109,0.993060487258024,2.85504890086682,0.01375,0.011,0.01375,0.01375,0,0,0,0
07/02/2016,2.87287838016941e-07,0.1,25.9724519277653,37.6526023762289,214.999364255309,0,7.8469663102679,31.3878652410716,2.35851865723781,0,400,25,20.9252434940477,70.6226967924112,0.993060487258026,2.85504890086682,0.01375,0.011,0.01375,0.01375,0,0,0,0
08/02/2016,0,0.1,25.9598595263838,0,214.296813390382,0,0,0,0,0,400,25,0,0,0,0,0.01375,0.011,0.01375,0.01375,0,0,0,0
09/02/2016,0,0.1,25.9449108376702,0,213.614082089472,0,0,0,0,0,400,25,0,0,0,0,0.01375,0.011,0.01375,0.01375,0,0,0,0
10/02/2016,0,0.1,25.9276102867536,0,212.951372455532,0,0,0,0,0,400,25,0,0,0,0,0.01375,0.011,0.01375,0.01375,0,0,0,0
11/02/2016,0,0.1,25.9079629949642,0,212.308880664676,0,0,0,0,0,400,25,0,0,0,0,0.01375,0.011,0.01375,0.01375,0,0,0,0
12/02/2016,0,0.1,25.8859747783173,0,211.686796908109,0,0,0,0,0,400,25,0,0,0,0,0.01375,0.011,0.01375,0.01375,0,0,0,0
13/02/2016,0,0.1,25.8616521457917,0,211.085305335824,0,0,0,0,0,400,25,0,0,0,0,0.01375,0.011,0.01375,0.01375,0,0,0,0
14/02/2016,0,0.1,25.8350022974027,0,210.50458400209,0,0,0,0,0,400,25,0,0,0,0,0.01375,0.011,0.01375,0.01375,0,0,0,0
15/02/2016,0,0.1,25.8060331220709,0,209.944804812745,0,0,0,0,0,400,25,0,0,0,0,0.01375,0.011,0.01375,0.01375,0,0,0,0
16/02/2016,0,0.1,25.774753195287,0,209.406133474307,0,0,0,0,0,400,25,0,0,0,0,0.01375,0.011,0.01375,0.01375,0,0,0,0
17/02/2016,0,0.1,25.7411717765731,0,208.888729444924,0,0,0,0,0,400,25,0,0,0,0,0.01375,0.011,0.01375,0.01375,0,0,0,0
18/02/2016,0,0.1,25.7052988067417,0,208.392745887169,0,0,0,0,0,400,25,0,0,0,0,0.01375,0.011,0.01375,0.01375,0,0,0,0
19/02/2016,0,0.1,25.6671449049533,0,207.918329622699,0,0,0,0,0,400,25,0,0,0,0,0.01375,0.011,0.01375,0.01375,0,0,0,0
20/02/2016,0,0.1,25.6267213655722,0,207.465621088795,0,0,0,0,0,400,25,0,0,0,0,0.01375,0.011,0.01375,0.01375,0,0,0,0
21/02/2016,0.0688036346101147,0.1,25.5840401548241,37.5962827768645,207.034754296791,0,8.21899273028732,32.8759709211493,2.5731611124723,0,400,25,21.9173139474328,73.9709345725858,1.08343625788307,3.11487924141383,0.01375,0.011,0.01375,0.01375,0,0,0,0
22/02/2016,0.0142141569684016,0.1,25.5391139072529,39.8294676366964,206.625856792401,0,8.13136785529479,32.5254714211792,2.45057393963699,0,400,25,21.6836476141195,73.1823106976532,1.03182060616294,2.96648424271846,0.01375,0.011,0.01375,0.01375,0,0,0,0
23/02/2016,0.000102527965440307,0.1,25.4919559219814,39.8294676366962,206.239049617962,0,8.13136785529473,32.5254714211789,2.450573939637,0,400,25,21.6836476141193,73.1823106976525,1.03182060616295,2.96648424271847,0.01375,0.011,0.01375,0.01375,0,0,0,0
24/02/2016,1.29495597730343e-06,0.1,25.4425801587739,39.8294676366961,205.874447276606,0,8.13136785529467,32.5254714211787,2.450573939637,0,400,25,21.6836476141191,73.1823106976521,1.03182060616295,2.96648424271847,0.01375,0.011,0.01375,0.01375,0,0,0,0
25/02/2016,3.78633973181562e-08,0.1,25.391001233904,0,205.532157698364,0,0,0,0,0,400,25,0,0,0,0,0.01375,0.011,0.01375,0.01375,0,0,0,0
26/02/2016,0,0.1,25.3372344158281,0,205.212282208215,0,0,0,0,0,400,25,0,0,0,0,0.01375,0.011,0.01375,0.01375,0,0,0,0
27/02/2016,0,0.1,25.2812956206654,0,204.91491549609,0,0,0,0,0,400,25,0,0,0,0,0.01375,0.011,0.01375,0.01375,0,0,0,0
28/02/2016,0,0.1,25.2232014074861,0,204.640145588848,0,0,0,0,0,400,25,0,0,0,0,0.01375,0.011,0.01375,0.01375,0,0,0,0
29/02/2016,0,0.1,25.1629689734102,0,204.388053824211,0,0,0,0,0,400,25,0,0,0,0,0.01375,0.011,0.01375,0.01375,0,0,0,0
01/03/2016,0,0.1,25.1006161485163,0,204.158714826692,0,0,0,0,0,400,25,0,0,0,0,0.01375,0.011,0.01375,0.01375,0,0,0,0
02/03/2016,0,0.1,25.0361613905638,0,203.952196485501,0,0,0,0,0,400,25,0,0,0,0,0.01375,0.011,0.01375,0.01375,0,0,0,0
03/03/2016,0,0.1,24.9696237795288,0,203.768559934448,0,0,0,0,0,400,25,0,0,0,0,0.01375,0.011,0.01375,0.01375,0,0,0,0
04/03/2016,0,0.1,24.9010230119562,0,203.60785953385,0,0,0,0,0,400,25,0,0,0,0,0.01375,0.011,0.01375,0.01375,0,0,0,0
05/03/2016,0,0.1,24.8303793951287,0,203.470142854435,0,0,0,0,0,400,25,0,0,0,0,0.01375,0.011,0.01375,0.01375,0,0,0,0
06/03/2016,0,0.1,24.7577138410562,0,203.355450663264,0,0,0,0,0,400,25,0,0,0,0,0.01375,0.011,0.01375,0.01375,0,0,0,0
07/03/2016,0,0.1,24.6830478602847,0,203.263816911658,0,0,0,0,0,400,25,0,0,0,0,0.01375,0.011,0.01375,0.01375,0,0,0,0
08/03/2016,0,0.1,24.6064035555288,0,203.195268725153,0,0,0,0,0,400,25,0,0,0,0,0.01375,0.011,0.01375,0.01375,0,0,0,0
09/03/2016,0,0.1,24.5278036151292,0,203.149826395466,0,0,0,0,0,400,25,0,0,0,0,0.01375,0.011,0.01375,0.01375,0,0,0,0
10/03/2016,0,0.1,24.4472713063363,0,203.127503374491,0,0,0,0,0,400,25,0,0,0,0,0.01375,0.011,0.01375,0.01375,0,0,0,0
11/03/2016,0,0.1,24.3648304684224,0,203.128306270316,0,0,0,0,0,400,25,0,0,0,0,0.01375,0.011,0.01375,0.01375,0,0,0,0
12/03/2016,0,0.1,24.2805055056248,0,203.152234845267,0,0,0,0,0,400,25,0,0,0,0,0.01375,0.011,0.01375,0.01375,0,0,0,0
13/03/2016,0,0.1,24.1943213799221,0,203.199282015978,0,0,0,0,0,400,25,0,0,0,0,0.01375,0.011,0.01375,0.01375,0,0,0,0
14/03/2016,0,0.1,24.1063036036443,0,203.269433855488,0,0,0,0,0,400,25,0,0,0,0,0.01375,0.011,0.01375,0.01375,0,0,0,0
15/03/2016,0.0385538559399101,0.1,24.016478231921,37.3981382314975,203.362669597364,0,8.19093170500817,32.7637268200327,2.56353835720023,0,400,25,21.8424845466884,73.7183853450735,1.07938457145273,3.10323064292659,0.01375,0.011,0.01375,0.01375,0,0,0,0
16/03/2016,0.0158324341033919,0.1,23.9248718549683,37.8740402176199,203.478961641847,0,8.02691005147408,32.1076402058963,2.45426893573008,0,400,25,21.4050934705975,72.2421904632667,1.03337639399161,2.97095713272589,0.01375,0.011,0.01375,0.01375,0,0,0,0
17/03/2016,0.0244809015261814,0.1,23.8315115902177,36.964610946534,203.618275564026,0,8.10785846338973,32.4314338535589,2.53008390432162,0,400,25,21.6209559023726,72.9707261705076,1.06529848603016,3.0627331473367,0.01375,0.011,0.01375,0.01375,0,0,0,0
18/03/2016,0.00653948817253362,0.1,23.7364250742888,39.7653522924293,203.780570124022,0,8.12185560798318,32.4874224319327,2.44721292805716,0,400,25,21.6582816212885,73.0967004718486,1.03040544339249,2.9624156497534,0.01375,0.011,0.01375,0.01375,0,0,0,0
19/03/2016,5.44298778920155e-05,0.1,23.6396404548081,39.765352292429,203.965797279202,0,8.12185560798314,32.4874224319325,2.44721292805718,0,400,25,21.6582816212884,73.0967004718483,1.0304054433925,2.96241564975342,0.01375,0.011,0.01375,0.01375,0,0,0,0
20/03/2016,7.70897750501167e-07,0.1,23.5411863820767,39.7653522924293,204.173902198397,0,8.12185560798307,32.4874224319323,2.44721292805717,0,400,25,21.6582816212882,73.0967004718476,1.03040544339249,2.96241564975342,0.01375,0.011,0.01375,0.01375,0,0,0,0
21/03/2016,2.48159107889568e-08,0.1,23.4410920005895,0,204.404823278136,0,0,0,0,0,400,25,0,0,0,0,0.01375,0.011,0.01375,0.01375,0,0,0,0
22/03/2016,0,0.1,23.3393869404073,0,204.658492160877,0,0,0,0,0,400,25,0,0,0,0,0.01375,0.011,0.01375,0.01375,0,0,0,0
23/03/2016,0,0.1,23.2361013083863,0,204.93483375525,0,0,0,0,0,400,25,0,0,0,0,0.01375,0.011,0.01375,0.01375,0,0,0,0
24/03/2016,0,0.1,23.1312656792653,0,205.233766258277,0,0,0,0,0,400,25,0,0,0,0,0.01375,0.011,0.01375,0.01375,0,0,0,0
25/03/2016,0,0.1,23.0249110866152,0,205.555201179595,0,0,0,0,0,400,25,0,0,0,0,0.01375,0.011,0.01375,0.01375,0,0,0,0
26/03/2016,0,0.1,22.9170690136522,0,205.899043367646,0,0,0,0,0,400,25,0,0,0,0,0.01375,0.011,0.01375,0.01375,0,0,0,0
27/03/2016,0,0.1,22.8077713839186,0,206.265191037846,0,0,0,0,0,400,25,0,0,0,0,0.01375,0.011,0.01375,0.01375,0,0,0,0
28/03/2016,0,0.1,22.6970505518319,0,206.653535802714,0,0,0,0,0,400,25,0,0,0,0,0.01375,0.011,0.01375,0.01375,0,0,0,0
29/03/2016,0.00216136455187484,0.1,22.5849392931081,28.8169087380524,207.063962703959,0,6.81336970010139,27.2534788004056,2.05395581183403,0,400,25,18.168985866937,61.3203273009125,0.864823499719593,2.48636756169383,0.01375,0.011,0.01375,0.01375,0,0,0,0
30/03/2016,0.00526621299479353,0.1,22.4714707950588,35.863406603652,207.496350246509,0,7.96588711087211,31.8635484434884,2.48460186230575,0,400,25,21.2423656289923,71.692983997849,1.04614815254979,3.00767593858065,0.01375,0.011,0.01375,0.01375,0,0,0,0
31/03/2016,0.00409596158072487,0.1,22.3566786467673,39.7452755670972,207.950570434476,0,8.11462932216755,32.4585172886702,2.44373062768896,0,400,25,21.6390115257801,73.0316638995079,1.02893921165851,2.95820023351821,0.01375,0.011,0.01375,0.01375,0,0,0,0
01/04/2016,3.72921899501457e-05,0.1,22.2405968291455,39.745275567097,208.426488809045,0,8.11462932216747,32.4585172886699,2.44373062768897,0,400,25,21.6390115257799,73.0316638995073,1.02893921165852,2.95820023351823,0.01375,0.011,0.01375,0.01375,0,0,0,0
02/04/2016,5.65491582905693e-07,0.1,22.1232597048746,39.7452755670969,208.923964488279,0,8.11462932216744,32.4585172886698,2.44373062768898,0,400,25,21.6390115257798,73.031663899507,1.02893921165852,2.95820023351824,0.01375,0.011,0.01375,0.01375,0,0,0,0
03/04/2016,1.92802574258539e-08,0.1,22.0047020082334,0,209.442850208819,0,0,0,0,0,400,25,0,0,0,0,0.01375,0.011,0.01375,0.01375,0,0,0,0
04/04/2016,2.50972725112385e-24,0.1,21.8849588348159,0,209.982992369482,0,0,0,0,0,400,25,0,0,0,0,0.01375,0.011,0.01375,0.01375,0,0,0,0
05/04/2016,0,0.1,21.7640656311426,0,210.544231076725,0,0,0,0,0,400,25,0,0,0,0,0.01375,0.011,0.01375,0.01375,0,0,0,0
06/04/2016,0,0.1,21.642058184167,0,211.126400191981,0,0,0,0,0,400,25,0,0,0,0,0.01375,0.011,0.01375,0.01375,0,0,0,0
07/04/2016,0,0.1,21.5189726106826,0,211.72932738084,0,0,0,0,0,400,25,0,0,0,0,0.01375,0.011,0.01375,0.01375,0,0,0,0
08/04/2016,0,0.1,21.3948453466311,0,212.352834164057,0,0,0,0,0,400,25,0,0,0,0,0.01375,0.011,0.01375,0.01375,0,0,0,0
09/04/2016,0,0.1,21.2697131363166,0,212.996735970394,0,0,0,0,0,400,25,0,0,0,0,0.01375,0.011,0.01375,0.01375,0,0,0,0
10/04/2016,0,0.1,21.1436130215288,0,213.660842191253,0,0,0,0,0,400,25,0,0,0,0,0.01375,0.011,0.01375,0.01375,0,0,0,0
11/04/2016,0,0.1,21.0165823305776,0,214.3449562371,0,0,0,0,0,400,25,0,0,0,0,0.01375,0.011,0.01375,0.01375,0,0,0,0
12/04/2016,0,0.1,20.8886586672431,0,215.04887559566,0,0,0,0,0,400,25,0,0,0,0,0.01375,0.011,0.01375,0.01375,0,0,0,0
13/04/2016,0,0.1,20.7598798996444,0,215.772391891864,0,0,0,0,0,400,25,0,0,0,0,0.01375,0.011,0.01375,0.01375,0,0,0,0
14/04/2016,0,0.1,20.6302841490292,0,216.515290949537,0,0,0,0,0,400,25,0,0,0,0,0.01375,0.011,0.01375,0.01375,0,0,0,0
15/04/2016,0,0.1,20.49990977849,0,217.277352854791,0,0,0,0,0,400,25,0,0,0,0,0.01375,0.011,0.01375,0.01375,0,0,0,0
16/04/2016,0,0.1,20.3687953816071,0,218.058352021133,0,0,0,0,0,400,25,0,0,0,0,0.01375,0.011,0.01375,0.01375,0,0,0,0
17/04/2016,0.00458613759445011,0.1,20.2369797710241,30.6787189437517,218.858057256235,0,7.26443114170517,29.0577245668207,2.25157067852226,0,400,25,19.3718163778805,65.3798802753466,0.948029759377795,2.72558555821116,0.01375,0.011,0.01375,0.01375,0,0,0,0
18/04/2016,0.00118890727773938,0.1,20.104501966959,39.1782687288309,219.676231830379,0,8.04954942756977,32.1981977102791,2.42490026344407,0,400,25,21.465465140186,72.4459448481279,1.02101063723961,2.93540558206387,0.01375,0.011,0.01375,0.01375,0,0,0,0
19/04/2016,0.00159677746795433,0.1,19.9714011856532,33.6410955953553,220.512633546526,0,7.59667932966881,30.3867173186752,2.34550827432685,0,400,25,20.2578115457835,68.3701139670193,0.987582431295514,2.8392994899746,0.01375,0.011,0.01375,0.01375,0,0,0,0
20/04/2016,0.00141745923331553,0.1,19.8377168277622,39.4923915385678,221.367014812022,0,8.08200947936793,32.3280379174717,2.43327620949515,0,400,25,21.5520252783145,72.7380853143114,1.02453735136638,2.94554488517834,0.01375,0.011,0.01375,0.01375,0,0,0,0
21/04/2016,1.56736327877957e-05,0.1,19.703488466693,39.492391538568,222.239122711881,0,8.08200947936792,32.3280379174717,2.43327620949514,0,400,25,21.5520252783144,72.7380853143112,1.02453735136637,2.94554488517833,0.01375,0.011,0.01375,0.01375,0,0,0,0
22/04/2016,2.88628029188468e-07,0.1,19.5687558368887,39.4923915385681,223.128699083657,0,8.08200947936795,32.3280379174718,2.43327620949513,0,400,25,21.5520252783145,72.7380853143116,1.02453735136637,2.94554488517832,0.01375,0.011,0.01375,0.01375,0,0,0,0
23/04/2016,0,0.1,19.4335588220669,0,224.035480593869,0,0,0,0,0,400,25,0,0,0,0,0.01375,0.011,0.01375,0.01375,0,0,0,0
24/04/2016,0.000606537581615652,0.1,19.2979374434129,39.2512380073498,224.959198815945,0,8.0484753790777,32.1939015163108,2.42191816765391,0,400,25,21.4626010108739,72.4362784116993,1.01975501795954,2.93179567663368,0.01375,0.011,0.01375,0.01375,0,0,0,0
25/04/2016,7.86229822809525e-06,0.1,19.1619318477328,39.2512380073497,225.899580309692,0,8.04847537907772,32.1939015163109,2.42191816765393,0,400,25,21.4626010108739,72.4362784116995,1.01975501795955,2.9317956766337,0.01375,0.011,0.01375,0.01375,0,0,0,0
26/04/2016,1.64540839074636e-07,0.1,19.025582295569,39.2512380073497,226.856346702231,0,8.04847537907772,32.1939015163109,2.42191816765392,0,400,25,21.4626010108739,72.4362784116995,1.01975501795955,2.9317956766337,0.01375,0.011,0.01375,0.01375,0,0,0,0
27/04/2016,0,0.1,18.8889291492823,0,227.829214770406,0,0,0,0,0,400,25,0,0,0,0,0.01375,0.011,0.01375,0.01375,0,0,0,0
28/04/2016,0,0.1,18.7520128611039,0,228.817896524626,0,0,0,0,0,400,25,0,0,0,0,0.01375,0.011,0.01375,0.01375,0,0,0,0
29/04/2016,0,0.1,18.6148739611606,0,229.82209929411,0,0,0,0,0,400,25,0,0,0,0,0.01375,0.011,0.01375,0.01375,0,0,0,0
30/04/2016,0,0.1,18.4775530454767,0,230.84152581353,0,0,0,0,0,400,25,0,0,0,0,0.01375,0.011,0.01375,0.01375,0,0,0,0
01/05/2016,0,0.1,18.3400907639575,0,231.875874311002,0,0,0,0,0,400,25,0,0,0,0,0.01375,0.011,0.01375,0.01375,0,0,0,0
02/05/2016,0,0.1,18.2025278083553,0,232.924838597422,0,0,0,0,0,400,25,0,0,0,0,0.01375,0.011,0.01375,0.01375,0,0,0,0
03/05/2016,0,0.1,18.0649049002241,0,233.988108157101,0,0,0,0,0,400,25,0,0,0,0,0.01375,0.011,0.01375,0.01375,0,0,0,0
04/05/2016,0,0.1,17.927262778865,0,235.065368239687,0,0,0,0,0,400,25,0,0,0,0,0.01375,0.011,0.01375,0.01375,0,0,0,0
05/05/2016,0,0.1,17.789642189267,0,236.156299953336,0,0,0,0,0,400,25,0,0,0,0,0.01375,0.011,0.01375,0.01375,0,0,0,0
06/05/2016,0,0.1,17.6520838700448,0,237.260580359109,0,0,0,0,0,400,25,0,0,0,0,0.01375,0.011,0.01375,0.01375,0,0,0,0
07/05/2016,0,0.1,17.5146285413801,0,238.377882566574,0,0,0,0,0,400,25,0,0,0,0,0.01375,0.011,0.01375,0.01375,0,0,0,0
08/05/2016,0,0.1,17.3773168929669,0,239.507875830567,0,0,0,0,0,400,25,0,0,0,0,0.01375,0.011,0.01375,0.01375,0,0,0,0
09/05/2016,0.0164295896473583,0.1,17.2401895719671,36.2300828300533,240.650225649104,0,8.02953381302521,32.1181352521009,2.50911267003053,0,400,25,21.4120901680672,72.2658043172269,1.05646849264443,3.03734691635275,0.01375,0.011,0.01375,0.01375,0,0,0,0
10/05/2016,0.00362514165499776,0.1,17.1032871709775,39.7159350561537,241.804593862396,0,8.11869434847909,32.4747773939163,2.44700803313334,0,400,25,21.6498515959442,73.0682491363118,1.03031917184562,2.96216761905614,0.01375,0.011,0.01375,0.01375,0,0,0,0
11/05/2016,3.35524294005614e-05,0.1,16.966650216014,39.7159350561536,242.970638752956,0,8.11869434847916,32.4747773939167,2.4470080331333,0,400,25,21.6498515959444,73.0682491363125,1.0303191718456,2.9621676190561,0.01375,0.011,0.01375,0.01375,0,0,0,0
12/05/2016,5.18573109042281e-07,0.1,16.8303191545148,39.7159350561534,244.148015146753,0,8.11869434847912,32.4747773939165,2.44700803313331,0,400,25,21.6498515959443,73.0682491363121,1.0303191718456,2.96216761905611,0.01375,0.011,0.01375,0.01375,0,0,0,0
13/05/2016,1.79668451713524e-08,0.1,16.6943343433671,0,245.33637451539,0,0,0,0,0,400,25,0,0,0,0,0.01375,0.011,0.01375,0.01375,0,0,0,0
14/05/2016,0,0.1,16.5587360369606,0,246.535365079275,0,0,0,0,0,400,25,0,0,0,0,0.01375,0.011,0.01375,0.01375,0,0,0,0
15/05/2016,0,0.1,16.4235643752715,0,247.744631911759,0,0,0,0,0,400,25,0,0,0,0,0.01375,0.011,0.01375,0.01375,0,0,0,0
16/05/2016,0,0.1,16.2888593719801,0,248.963817044198,0,0,0,0,0,400,25,0,0,0,0,0.01375,0.011,0.01375,0.01375,0,0,0,0
17/05/2016,0,0.1,16.1546609026259,0,250.192559571921,0,0,0,0,0,400,25,0,0,0,0,0.01375,0.011,0.01375,0.01375,0,0,0,0
18/05/2016,0,0.1,16.0210086928035,0,251.430495761065,0,0,0,0,0,400,25,0,0,0,0,0.01375,0.011,0.01375,0.01375,0,0,0,0
19/05/2016,0,0.1,15.8879423064033,0,252.677259156249,0,0,0,0,0,400,25,0,0,0,0,0.01375,0.011,0.01375,0.01375,0,0,0,0
20/05/2016,0,0.1,15.7555011338993,0,253.932480689051,0,0,0,0,0,400,25,0,0,0,0,0.01375,0.011,0.01375,0.01375,0,0,0,0
21/05/2016,0,0.1,15.623724380689,0,255.19578878726,0,0,0,0,0,400,25,0,0,0,0,0.01375,0.011,0.01375,0.01375,0,0,0,0
22/05/2016,0,0.1,15.4926510554879,0,256.466809484872,0,0,0,0,0,400,25,0,0,0,0,0.01375,0.011,0.01375,0.01375,0,0,0,0
23/05/2016,0,0.1,15.3623199587815,0,257.745166532788,0,0,0,0,0,400,25,0,0,0,0,0.01375,0.011,0.01375,0.01375,0,0,0,0
24/05/2016,0,0.1,15.2327696713403,0,259.030481510195,0,0,0,0,0,400,25,0,0,0,0,0.01375,0.011,0.01375,0.01375,0,0,0,0
25/05/2016,0,0.1,15.1040385427983,0,260.322373936585,0,0,0,0,0,400,25,0,0,0,0,0.01375,0.011,0.01375,0.01375,0,0,0,0
26/05/2016,0,0.1,14.9761646803015,0,261.620461384384,0,0,0,0,0,400,25,0,0,0,0,0.01375,0.011,0.01375,0.01375,0,0,0,0
27/05/2016,0,0.1,14.8491859372266,0,262.924359592162,0,0,0,0,0,400,25,0,0,0,0,0.01375,0.011,0.01375,0.01375,0,0,0,0
28/05/2016,0,0.1,14.7231399019762,0,264.23368257838,0,0,0,0,0,400,25,0,0,0,0,0.01375,0.011,0.01375,0.01375,0,0,0,0
29/05/2016,0.0024337463669118,0.1,14.5980638868514,27.7312757839839,265.54804275565,0,6.83946371887591,27.3578548755037,2.10410913322771,0,400,25,18.2385699170024,61.5551734698832,0.885940687674824,2.54707947706512,0.01375,0.011,0.01375,0.01375,0,0,0,0
30/05/2016,0.000525654509653532,0.1,14.4739949170069,38.6811469264667,266.867051045467,0,7.98796488682533,31.9518595473013,2.40580177502662,0,400,25,21.3012396982009,71.891683981428,1.01296916843226,2.91228635924275,0.01375,0.011,0.01375,0.01375,0,0,0,0
31/05/2016,6.90140321639459e-06,0.1,14.3509697194906,38.681146926467,268.190316993389,0,7.98796488682531,31.9518595473013,2.40580177502662,0,400,25,21.3012396982008,71.8916839814278,1.01296916843226,2.91228635924275,0.01375,0.011,0.01375,0.01375,0,0,0,0
01/06/2016,0.0180199548572646,0.1,14.2290247123716,36.2381230572093,269.517448884614,0,8.03153478595014,32.1261391438005,2.50999642478081,0,400,25,21.417426095867,72.2838130735512,1.05684059990771,3.03841672473467,0.01375,0.011,0.01375,0.01375,0,0,0,0
02/06/2016,0.00959607675847995,0.1,14.1081959939597,35.1836608389004,270.848053859939,0,7.73285667372348,30.9314266948939,2.37335469619224,0,400,25,20.6209511299293,69.5957100635114,0.999307240501995,2.87300831644324,0.01375,0.011,0.01375,0.01375,0,0,0,0
03/06/2016,7.46826475349265e-05,0.1,13.9885193321197,35.1836608389007,272.181738032057,0,7.73285667372344,30.9314266948937,2.37335469619221,0,400,25,20.6209511299292,69.5957100635109,0.999307240501984,2.8730083164432,0.01375,0.011,0.01375,0.01375,0,0,0,0
04/06/2016,0.0397792058557642,0.1,13.870030153683,35.952555499627,273.51810660215,0,7.82482882860433,31.2993153144173,2.44736231839763,0,400,25,20.8662102096115,70.423459457439,1.03046834458848,2.96259649069187,0.01375,0.011,0.01375,0.01375,0,0,0,0
05/06/2016,2.03117244826147,0.1,13.7527635339609,39.070679232596,274.856763976763,0,7.76233482383509,31.0493392953404,2.52874199467584,0,400,25,20.6995595302269,69.8610134145159,1.06473347144246,3.06110873039707,0.01375,0.011,0.01375,0.01375,0,0,0,0
06/06/2016,7.28648972720915,0.1,13.6367541863612,39.2045946742891,276.197313884907,0,7.67830777989163,30.7132311195665,2.51342840998174,0,400,25,20.4754874130444,69.1047700190247,1.0582856463081,3.04257123313579,0.01375,0.011,0.01375,0.01375,0,0,0,0
07/06/2016,2.7022649810558,0.1,13.5220364521127,36.6475520788222,277.539359495362,0,7.06389757598344,28.2555903039338,2.26175122834766,0,400,25,18.8370602026225,63.5750781838509,0.9523163066727,2.73790938168401,0.01375,0.011,0.01375,0.01375,0,0,0,0
08/06/2016,0.202058152978076,0.1,13.408644290099,7.13194198866711,278.882503534148,0,3.05093476992705,12.2037390797082,0.655377853992117,0,400,25,8.13582605313879,27.4584129293434,0.275948570101944,0.793352139043088,0.01375,0.011,0.01375,0.01375,0,0,0,0
09/06/2016,0.175357237491443,0.1,13.2966112668063,6.00577736407318,280.226348402127,0,2.96822157762992,11.8728863105197,0.609740408833518,0,400,25,7.91525754034646,26.7139941986693,0.256732803719376,0.738106810693206,0.01375,0.011,0.01375,0.01375,0,0,0,0
10/06/2016,0.1678943409663,0.1,13.1859705463869,6.00002768869665,281.570496292702,0,3.05610404198332,12.2244161679333,0.6298364862419,0,400,25,8.14961077862219,27.5049363778499,0.265194309996589,0.762433641240195,0.01375,0.011,0.01375,0.01375,0,0,0,0
11/06/2016,0.152251340577447,0.1,13.076754880842,6.00000014124421,282.914549309573,0,3.11629121768765,12.4651648707506,0.643165703525012,0,400,25,8.31010991383373,28.0466209591889,0.270806612010531,0.778569009530277,0.01375,0.011,0.01375,0.01375,0,0,0,0
12/06/2016,0.163318959029368,0.1,12.9689966003261,6.00000000062025,284.258109584525,0,3.20639513618981,12.8255805447592,0.664903361461774,0,400,25,8.55038702983948,28.8575562257082,0.279959310089168,0.804883016506358,0.01375,0.011,0.01375,0.01375,0,0,0,0
13/06/2016,0.152927683864626,0.1,12.8627276035769,6.00000000000308,285.600779395208,0,3.25401012438823,13.0160404975529,0.675628643648454,0,400,25,8.67736033170195,29.2860911194941,0.284475218378296,0.817866252837602,0.01375,0.011,0.01375,0.01375,0,0,0,0
14/06/2016,0.136812701990378,0.1,12.7579793484726,6.00000000000002,286.942161282863,0,3.29099552757719,13.1639821103088,0.683467562851001,0,400,25,8.77598807353919,29.6189597481948,0.287775815937263,0.827355470819632,0.01375,0.011,0.01375,0.01375,0,0,0,0
15/06/2016,0.140294973050847,0.1,12.6547828427194,6,288.281858169988,0,3.33533978337768,13.3413591335107,0.694243730546452,0,400,25,8.89423942234047,30.0180580503991,0.292313149703769,0.840400305398337,0.01375,0.011,0.01375,0.01375,0,0,0,0
16/06/2016,0.123174275288294,0.1,12.5531686346731,6,289.619473477875,0,3.36421028977483,13.4568411590993,0.700010887767528,0,400,25,8.97122743939955,30.2778926079735,0.294741426428433,0.847381600981745,0.01375,0.011,0.01375,0.01375,0,0,0,0
17/06/2016,0.115851223829613,0.1,12.4531668042954,6,290.954611244008,0,3.39345005720265,13.5738002288106,0.706485517787368,0,400,25,9.0492001525404,30.5410505148239,0.297467586436787,0.855219311005761,0.01375,0.011,0.01375,0.01375,0,0,0,0
18/06/2016,0.153969171850918,0.1,12.3548069542502,11.957059756011,292.286876239276,0,4.2549621093704,17.0198484374816,1.05139310230851,0,400,25,11.3465656249877,38.2946589843336,0.44269183255095,1.27273901858398,0.01375,0.011,0.01375,0.01375,0,0,0,0
19/06/2016,0.103656534954335,0.1,12.2581182011404,9.83579693977684,293.61587408497,0,3.9610128890091,15.8440515560364,0.925899350535136,0,400,25,10.5627010373576,35.6491160010819,0.389852358120057,1.12082552959517,0.01375,0.011,0.01375,0.01375,0,0,0,0
20/06/2016,0.861616491770788,0.1,12.1631291668888,34.7839252819671,294.941211369524,0,7.16718493689511,28.6687397475805,2.28981357105441,0,400,25,19.1124931650536,64.504664432056,0.964132029917647,2.77187958601324,0.01375,0.011,0.01375,0.01375,0,0,0,0
21/06/2016,0.404258029397639,0.1,12.0698679702651,29.2208757589871,296.262495764978,0,6.13675988096946,24.5470395238779,1.85473972811668,0,400,25,16.3646930159186,55.2308389287252,0.780943043417551,2.24521124982546,0.01375,0.011,0.01375,0.01375,0,0,0,0
22/06/2016,0.0809978304999243,0.1,11.9783622185626,6.45484464363635,297.579336143113,0,3.47152929081569,13.8861171632628,0.730717680815991,0,400,25,9.25741144217517,31.2437636173412,0.307670602448838,0.88455298204041,0.01375,0.011,0.01375,0.01375,0,0,0,0
23/06/2016,0.100155874750011,0.1,11.8886389994256,6.00193930262259,298.891342691233,0,3.4371535053983,13.7486140215932,0.715871773808144,0,400,25,9.16574268106214,30.9343815485847,0.301419694235008,0.866581620925648,0.01375,0.011,0.01375,0.01375,0,0,0,0
24/06/2016,0.0668829789832977,0.1,11.8007248728309,6.00001477695071,300.198127027558,0,3.48350841013771,13.9340336405508,0.722094481724883,0,400,25,9.28935576036723,31.3515756912394,0.304039781778898,0.874114372614332,0.01375,0.011,0.01375,0.01375,0,0,0,0
25/06/2016,0.0988813333413577,0.1,11.7146458632257,6.00000005478728,301.499302316194,0,3.46896314923251,13.87585259693,0.723741610424639,0,400,25,9.25056839795335,31.2206683430926,0.304733309652479,0.876108265250878,0.01375,0.011,0.01375,0.01375,0,0,0,0
26/06/2016,0.0993312935726122,0.1,11.6304274518233,6.00000000027833,302.794483381644,0,3.47874320582802,13.9149728233121,0.726379775708268,0,400,25,9.27664854887472,31.3086888524522,0.305844116087692,0.879301833752115,0.01375,0.011,0.01375,0.01375,0,0,0,0
27/06/2016,0.100571167625169,0.1,11.5480945690608,7.6663361316812,304.083286822828,0,3.72221798585637,14.8888719434255,0.824184237526505,0,400,25,9.92591462895033,33.4999618727074,0.347024942116423,0.997696708584716,0.01375,0.011,0.01375,0.01375,0,0,0,0
28/06/2016,0.0765789364239359,0.1,11.4676715872185,6.8249980699552,305.365331126578,0,3.63258822564748,14.5303529025899,0.780354275324727,0,400,25,9.68690193505994,32.6932940308273,0.328570221189359,0.944639385919406,0.01375,0.011,0.01375,0.01375,0,0,0,0
29/06/2016,0.0840935778933604,0.1,11.3891823132057,6.0040162808032,306.640236780576,0,3.51301712159607,14.0520684863843,0.733690474880627,0,400,25,9.36804565758953,31.6171540943647,0.308922305212896,0.888151627487075,0.01375,0.011,0.01375,0.01375,0,0,0,0
30/06/2016,0.0640890272290385,0.1,11.3126499815131,6.00002769389481,307.907626385693,0,3.53622504181861,14.1449001672744,0.736234910253287,0,400,25,9.42993344484962,31.8260253763675,0.309993646422436,0.891231733464505,0.01375,0.011,0.01375,0.01375,0,0,0,0
01/07/2016,0.0699413206590424,0.1,11.238097247335,6.00000014018821,309.167124767712,0,3.53789130067352,14.1515652026941,0.737975407148174,0,400,25,9.43437680179605,31.8410217060617,0.310726487220284,0.893338650758316,0.01375,0.011,0.01375,0.01375,0,0,0,0
02/07/2016,0.0583252165808986,0.1,11.1655461798626,6.00000000091404,310.418359088383,0,3.53601086753369,14.1440434701348,0.735823191583176,0,400,25,9.42936231342317,31.8240978078032,0.309820291192916,0.890733337179635,0.01375,0.011,0.01375,0.01375,0,0,0,0
03/07/2016,0.0482301377423225,0.1,11.0950182557516,6.00000000000621,311.660958955797,0,3.53384205517091,14.1353682206836,0.733341878211424,0,400,25,9.4235788137891,31.8045784965382,0.308775527667968,0.887729642045408,0.01375,0.011,0.01375,0.01375,0,0,0,0
04/07/2016,0.0722128463706627,0.1,11.026534352764,6.00000000000002,312.894556534024,0,3.5339712257698,14.1358849030792,0.738479533445062,0,400,25,9.42392326871947,31.8057410319282,0.310938750924237,0.89394890890718,0.01375,0.011,0.01375,0.01375,0,0,0,0
05/07/2016,0.0745275260580682,0.1,10.9601147435886,13.1601461399823,314.118786652004,0,4.53956547968251,18.15826191873,1.15284823318945,0,400,25,12.10550794582,40.8560893171426,0.485409782395557,1.39555312438723,0.01375,0.011,0.01375,0.01375,0,0,0,0
06/07/2016,0.0633915012820098,0.1,10.8957790898389,11.1745121035209,315.333286911643,0,4.25799260201376,17.031970408055,1.03203260907323,0,400,25,11.3546469387034,38.3219334181238,0.434540045925572,1.24930263203602,0.01375,0.011,0.01375,0.01375,0,0,0,0
07/07/2016,0.0571805360075819,0.1,10.8335464362339,6.67238946251548,316.53769779509,0,3.63147365570501,14.52589462282,0.776591631466565,0,400,25,9.68392974854669,32.6832629013451,0.326985950091185,0.940084606512158,0.01375,0.011,0.01375,0.01375,0,0,0,0
08/07/2016,0.0760326214639884,0.1,10.7734352049594,8.71934402661188,317.731662771168,0,3.90525824833754,15.6210329933502,0.892480893824408,0,400,25,10.4140219955668,35.1473242350379,0.375781428978698,1.08037160831376,0.01375,0.011,0.01375,0.01375,0,0,0,0
09/07/2016,0.0609028427301121,0.1,10.7154631902157,8.83051427050338,318.914828400906,0,3.93186817796176,15.727472711847,0.900757661227842,0,400,25,10.484981807898,35.3868136016558,0.379266383674881,1.09039085306528,0.01375,0.011,0.01375,0.01375,0,0,0,0
10/07/2016,0.0444286741477112,0.1,10.6596475529492,6.73604887754261,320.086844442171,0,3.63899938501507,14.5559975400603,0.778787306605128,0,400,25,9.70399836004018,32.7509944651356,0.32791044488637,0.942742529048313,0.01375,0.011,0.01375,0.01375,0,0,0,0
11/07/2016,0.0536884011085716,0.1,10.6060048157731,6.00360003724071,321.247363953343,0,3.53877932334541,14.1551172933816,0.738624377540085,0,400,25,9.43674486225443,31.8490139101087,0.310999737911615,0.894124246495893,0.01375,0.011,0.01375,0.01375,0,0,0,0
12/07/2016,0.000305116631038878,0.1,10.5545508580758,6.00360003724074,322.396043396021,0,3.53877932334541,14.1551172933816,0.738624377540072,0,400,25,9.43674486225442,31.8490139101087,0.310999737911609,0.894124246495877,0.01375,0.011,0.01375,0.01375,0,0,0,0
13/07/2016,0.0161544919532515,0.1,10.5053009113207,6.64949334239041,323.532542736714,0,3.6140977300928,14.4563909203712,0.759788753003321,0,400,25,9.63759394691414,32.5268795708352,0.319911053896135,0.919744279951389,0.01375,0.011,0.01375,0.01375,0,0,0,0
14/07/2016,0.043786812656198,0.1,10.4582695545372,6.00171227097972,324.656525547499,0,3.53685698869831,14.1474279547932,0.736618878725667,0,400,25,9.43161863652882,31.8317128982848,0.310155317358176,0.891696537404755,0.01375,0.011,0.01375,0.01375,0,0,0,0
15/07/2016,0.026615763518483,0.1,10.4134707100049,6.00001670478953,325.767659105614,0,3.52940907351266,14.1176362940507,0.728268484462042,0,400,25,9.4117575293671,31.764681661614,0.306639361878754,0.881588165401419,0.01375,0.011,0.01375,0.01375,0,0,0,0
16/07/2016,0.0357562208955772,0.1,10.3709176391324,6.00000008074625,326.865614491947,0,3.53463156822827,14.1385262729131,0.734245140899512,0,400,25,9.42568418194204,31.8116841140544,0.309155848799794,0.888823065299409,0.01375,0.011,0.01375,0.01375,0,0,0,0
17/07/2016,0.0375548269719289,0.1,10.3306229385318,7.49867843460588,327.950066688404,0,3.74684836574922,14.9873934629969,0.825446091821633,0,400,25,9.99159564199793,33.721635291743,0.347556249188056,0.999224216415661,0.01375,0.011,0.01375,0.01375,0,0,0,0
18/07/2016,0.0295603737895845,0.1,10.2925985362894,7.6327551866752,329.020694674121,0,3.76542166563038,15.0616866625215,0.832518357198651,0,400,25,10.041124441681,33.8887949906735,0.350534045136274,1.00778537976679,0.01375,0.011,0.01375,0.01375,0,0,0,0
19/07/2016,0.0271470144592568,0.1,10.2568556884352,6.38710270133023,330.077181520497,0,3.58702491843451,14.348099673738,0.75505823017884,0,400,25,9.56539978249202,32.2832242659106,0.317919254812143,0.914017857584912,0.01375,0.011,0.01375,0.01375,0,0,0,0
20/07/2016,0.119929300390667,0.1,10.2234049756106,26.3245066266604,331.119214485005,0,6.3593314422282,25.4373257689128,1.8851484537031,0,400,25,16.9582171792752,57.2339829800538,0.793746717348676,2.28202181237744,0.01375,0.011,0.01375,0.01375,0,0,0,0
21/07/2016,0.146448028756292,0.1,10.1922562999366,27.9903537850493,332.146485103776,0,6.39558014901091,25.5823205960436,1.90509294610943,0,400,25,17.0548803973624,57.5602213410982,0.802144398361863,2.30616514529036,0.01375,0.011,0.01375,0.01375,0,0,0,0
22/07/2016,0.0300633178176034,0.1,10.1634188820821,23.459234652989,333.158689282906,0,5.28412466536809,21.1364986614724,1.4648304060947,0,400,25,14.0909991076483,47.5571219883129,0.61677069730303,1.77321575474621,0.01375,0.011,0.01375,0.01375,0,0,0,0
23/07/2016,0.161056241626987,0.1,10.1369012585347,31.7350604956731,334.155527388481,0,6.88629720595703,27.5451888238281,2.1542272667267,0,400,25,18.3634592158854,61.9766748536132,0.9070430596744,2.6077487965639,0.01375,0.011,0.01375,0.01375,0,0,0,0
24/07/2016,0.08955982164769,0.1,10.1127112790737,25.5219416019438,335.136704335266,0,5.7591704301492,23.0366817205968,1.6812598318951,0,400,25,15.3577878137312,51.8325338713428,0.707898876587409,2.0352092701888,0.01375,0.011,0.01375,0.01375,0,0,0,0
25/07/2016,0.00046274404384179,0.1,10.0908561044464,25.521941601944,336.101929674065,0,5.75917043014926,23.0366817205971,1.6812598318951,0,400,25,15.3577878137314,51.8325338713434,0.707898876587411,2.03520927018881,0.01375,0.011,0.01375,0.01375,0,0,0,0
26/07/2016,4.4455837691838e-06,0.1,10.0713422042482,25.521941601944,337.050917677694,0,5.75917043014929,23.0366817205972,1.68125983189511,0,400,25,15.3577878137314,51.8325338713436,0.707898876587416,2.03520927018882,0.01375,0.011,0.01375,0.01375,0,0,0,0
27/07/2016,0.000836003929083373,0.1,10.0541753550077,6.00238506960114,337.983387425568,0,3.42885616668531,13.7154246667413,0.613033750982498,0,400,25,9.14361644449417,30.8597055001678,0.258119474097894,0.742093488031445,0.01375,0.011,0.01375,0.01375,0,0,0,0
28/07/2016,0.0136924863520709,0.1,10.0393606384765,6.00000180202704,338.899062886852,0,3.5193470878386,14.0773883513544,0.716758241154597,0,400,25,9.38492556756961,31.6741237905474,0.301792943644041,0.867654712976617,0.01375,0.011,0.01375,0.01375,0,0,0,0
29/07/2016,0.00619110319233727,0.1,10.0269024401251,6.0000000292876,339.797673002179,0,3.48501341033153,13.9400536413261,0.677477705766784,0,400,25,9.29336909421741,31.3651206929837,0.285253770849172,0.82010459119137,0.01375,0.011,0.01375,0.01375,0,0,0,0
30/07/2016,0.0190443685716956,0.1,10.0168044478446,6.00000000008086,340.678951763886,0,3.52822870220093,14.1129148088037,0.726919719500687,0,400,25,9.40860987253583,31.7540583198084,0.306071460842394,0.879955449921884,0.01375,0.011,0.01375,0.01375,0,0,0,0
31/07/2016,0.0189879006220656,0.1,10.0090696508551,6.00000000000056,341.542638294759,0,3.52857787033821,14.1143114813528,0.727319197892273,0,400,25,9.40954098756856,31.7572008330439,0.306239662270431,0.880439029027489,0.01375,0.011,0.01375,0.01375,0,0,0,0
01/08/2016,0.0318952913520889,0.1,10.0037003388204,6,342.388476925256,0,3.53561887296364,14.1424754918546,0.736784362398134,0,400,25,9.42831699456971,31.8205698566728,0.310224994693951,0.89189685974511,0.01375,0.011,0.01375,0.01375,0,0,0,0
02/08/2016,0.0202210550448504,0.1,10.000698101171,7.72374090369922,343.216217269194,0,3.77928980962837,15.1171592385135,0.839611919959881,0,400,25,10.078106159009,34.0136082866553,0.35352080840416,1.01637232416196,0.01375,0.011,0.01375,0.01375,0,0,0,0
03/08/2016,0.194636173557711,0.1,10.0000638266329,32.8333645393155,344.025614297865,0,7.07349136614706,28.2939654645882,2.21115666420908,0,400,25,18.8626436430588,63.6614222953235,0.93101333229856,2.67666333035836,0.01375,0.011,0.01375,0.01375,0,0,0,0
04/08/2016,0.0716157756345249,0.1,10.0017977029648,28.8610092786879,344.816428412574,0,6.24904052984093,24.9961621193637,1.84916794004469,0,400,25,16.6641080795758,56.2413647685684,0.778597027387239,2.23846645373831,0.01375,0.011,0.01375,0.01375,0,0,0,0
05/08/2016,0.0236895609506417,0.1,10.0058992169025,13.2202919825503,345.588425515561,0,4.56491529184877,18.2596611673951,1.17235937344918,0,400,25,12.17310744493,41.0842376266389,0.493624999347023,1.41917187312269,0.01375,0.011,0.01375,0.01375,0,0,0,0
06/08/2016,0.0256974672538316,0.1,10.0123671543109,9.8061364687897,346.341377079302,0,4.02561274008491,16.1024509603396,0.942639643765775,0,400,25,10.7349673068931,36.2305146607642,0.396900902638221,1.14109009508489,0.01375,0.011,0.01375,0.01375,0,0,0,0
07/08/2016,0.0154988736677778,0.1,10.0211996005432,7.69411115164328,347.075060214155,0,3.77475515473478,15.0990206189391,0.837771429358273,0,400,25,10.0660137459594,33.9727963926131,0.352745864992957,1.01414436185475,0.01375,0.011,0.01375,0.01375,0,0,0,0
08/08/2016,0.0194744724660185,0.1,10.032393941008,10.9614271546278,347.789257734344,0,4.24847566084035,16.9939026433614,1.04036847556323,0,400,25,11.3292684289076,38.2362809475631,0.438049884447675,1.25939341778706,0.01375,0.011,0.01375,0.01375,0,0,0,0
09/08/2016,0.000516964017998788,0.1,10.0459468619428,26.942825346027,348.483758222246,0,6.43663413411986,25.7465365364794,1.86683270486902,0,400,25,17.1643576909863,57.9297072070787,0.786034823102744,2.25985011642039,0.01375,0.011,0.01375,0.01375,0,0,0,0
10/08/2016,6.38882158898903e-06,0.1,10.0618543513956,26.942825346027,349.15835609098,0,6.43663413411986,25.7465365364794,1.86683270486902,0,400,25,17.1643576909863,57.9297072070787,0.786034823102747,2.2598501164204,0.01375,0.011,0.01375,0.01375,0,0,0,0
11/08/2016,1.38949391111349e-07,0.1,10.0801117004118,26.9428253460269,349.812851645262,0,6.43663413411983,25.7465365364793,1.86683270486902,0,400,25,17.1643576909862,57.9297072070785,0.786034823102745,2.25985011642039,0.01375,0.011,0.01375,0.01375,0,0,0,0
12/08/2016,0.00147254805832918,0.1,10.1007135044287,6,350.447051140518,0,3.42857142857143,13.7142857142857,0.612903225806452,0,400,25,9.14285714285714,30.8571428571429,0.258064516129032,0.741935483870968,0.01375,0.011,0.01375,0.01375,0,0,0,0
13/08/2016,1.6226089082169e-05,0.1,10.1236536648752,6,351.06076684024,0,3.42857142857144,13.7142857142858,0.612903225806453,0,400,25,9.14285714285717,30.8571428571429,0.258064516129033,0.74193548387097,0.01375,0.011,0.01375,0.01375,0,0,0,0
14/08/2016,2.96888393354758e-07,0.1,10.1489253909769,6.00000000000003,351.653817071558,0,3.42857142857142,13.7142857142857,0.612903225806451,0,400,25,9.14285714285713,30.8571428571428,0.258064516129032,0.741935483870967,0.01375,0.011,0.01375,0.01375,0,0,0,0
15/08/2016,0,0.1,10.1765212017667,0,352.226026279017,0,0,0,0,0,400,25,0,0,0,0,0.01375,0.011,0.01375,0.01375,0,0,0,0
16/08/2016,0,0.1,10.206432928299,0,352.777225076551,0,0,0,0,0,400,25,0,0,0,0,0.01375,0.011,0.01375,0.01375,0,0,0,0
17/08/2016,0,0.1,10.2386517160679,0,353.307250297619,0,0,0,0,0,400,25,0,0,0,0,0.01375,0.011,0.01375,0.01375,0,0,0,0
18/08/2016,0,0.1,10.2731680276286,0,353.815945043506,0,0,0,0,0,400,25,0,0,0,0,0.01375,0.011,0.01375,0.01375,0,0,0,0
19/08/2016,0,0.1,10.3099716454204,0,354.303158729775,0,0,0,0,0,400,25,0,0,0,0,0.01375,0.011,0.01375,0.01375,0,0,0,0
20/08/2016,0,0.1,10.3490516747915,0,354.768747130835,0,0,0,0,0,400,25,0,0,0,0,0.01375,0.011,0.01375,0.01375,0,0,0,0
21/08/2016,0.00504034493673918,0.1,10.3903965472238,6,355.212572422639,0,3.49248878002905,13.9699551201162,0.68603017414076,0,400,25,9.31330341341079,31.4323990202614,0.288854810164531,0.830457579223025,0.01375,0.011,0.01375,0.01375,0,0,0,0
22/08/2016,0.0200817270180481,0.1,10.4339940237578,6,355.634503223483,0,3.53450028099804,14.1380011239921,0.734094945141838,0,400,25,9.42533408266143,31.8105025289823,0.309092608480774,0.888641249382226,0.01375,0.011,0.01375,0.01375,0,0,0,0
23/08/2016,0.0250008553348826,0.1,10.4798311986152,21.4911487280089,356.034414632895,0,5.77522437426088,23.1008974970435,1.66094643044601,0,400,25,15.4005983313624,51.977019368348,0.699345865450952,2.01061936317149,0.01375,0.011,0.01375,0.01375,0,0,0,0
24/08/2016,0.0263776652290095,0.1,10.5278945030197,15.7955716919143,356.412188268613,0,4.9076484760048,19.6305939040192,1.29256537173774,0,400,25,13.0870626026795,44.1688362840432,0.544238051257997,1.56468439736674,0.01375,0.011,0.01375,0.01375,0,0,0,0
25/08/2016,0.274654076602614,0.1,10.5781697092131,36.1842435666368,356.767712301624,0,7.49265367700282,29.9706147080113,2.38736050931504,0,400,25,19.9804098053408,67.4338830930254,1.00520442497476,2.88996272180242,0.01375,0.011,0.01375,0.01375,0,0,0,0
26/08/2016,0.133585610443254,0.1,10.6306419346675,32.7226700972519,357.10088148927,0,6.51272230954078,26.0508892381631,1.97427648694652,0,400,25,17.3672594921087,58.614500785867,0.831274310293271,2.38991364209315,0.01375,0.011,0.01375,0.01375,0,0,0,0
27/08/2016,0.000641145716079673,0.1,10.6852956464909,32.7226700972518,357.4115972064,0,6.51272230954087,26.0508892381635,1.97427648694649,0,400,25,17.367259492109,58.6145007858678,0.831274310293259,2.38991364209312,0.01375,0.011,0.01375,0.01375,0,0,0,0
28/08/2016,5.80448375049762e-06,0.1,10.7421146660246,32.7226700972519,357.69976747457,0,6.51272230954091,26.0508892381637,1.97427648694652,0,400,25,17.3672594921091,58.6145007858682,0.83127431029327,2.38991364209315,0.01375,0.011,0.01375,0.01375,0,0,0,0
29/08/2016,1.28506052156716e-07,0.1,10.8010821736331,32.7226700972519,357.965306989265,0,6.51272230954094,26.0508892381638,1.97427648694651,0,400,25,17.3672594921092,58.6145007858685,0.831274310293268,2.38991364209315,0.01375,0.011,0.01375,0.01375,0,0,0,0
30/08/2016,0.0002925143894678,0.1,10.862180713683,6,358.208137145153,0,3.42857142857143,13.7142857142857,0.612903225806452,0,400,25,9.14285714285714,30.8571428571429,0.258064516129032,0.741935483870968,0.01375,0.011,0.01375,0.01375,0,0,0,0
31/08/2016,4.33267591472217e-06,0.1,10.9253921997097,5.99999999999999,358.428186059355,0,3.42857142857143,13.7142857142857,0.612903225806452,0,400,25,9.14285714285715,30.8571428571429,0.258064516129033,0.741935483870969,0.01375,0.011,0.01375,0.01375,0,0,0,0
01/09/2016,1.01266554005649e-07,0.1,10.9906979197721,0,358.625388592724,0,0,0,0,0,400,25,0,0,0,0,0.01375,0.011,0.01375,0.01375,0,0,0,0
02/09/2016,0.0288821981518914,0.1,11.0580785419912,28.3456758199998,358.799686369124,0,6.81176871490633,27.2470748596253,2.06619343323894,0,400,25,18.1647165730835,61.305918434157,0.869976182416398,2.50118152444714,0.01375,0.011,0.01375,0.01375,0,0,0,0
03/09/2016,0.46642081805831,0.1,11.1275141202729,37.3991360941108,358.951027792715,0,7.54006699414658,30.1602679765863,2.43479024711636,0,400,25,20.1068453177242,67.8606029473192,1.0251748408911,2.94737766756191,0.01375,0.011,0.01375,0.01375,0,0,0,0
04/09/2016,0.190050214297717,0.1,11.1989841002127,33.6708114414875,359.079368063225,0,6.55427474925609,26.2170989970244,2.02449491060824,0,400,25,17.4780659980162,58.9884727433048,0.852418909729784,2.45070436547313,0.01375,0.011,0.01375,0.01375,0,0,0,0
05/09/2016,0.0013998707850391,0.1,11.2724673251798,22.8831418792283,359.184669189209,0,4.33320593691985,17.3328237476794,1.28301963169301,0,400,25,11.5552158317863,38.9988534322787,0.540218792291794,1.55312902783891,0.01375,0.011,0.01375,0.01375,0,0,0,0
06/09/2016,1.28156206730839e-05,0.1,11.3479420425803,22.8831418792282,359.2668999993,0,4.33320593691985,17.3328237476794,1.28301963169301,0,400,25,11.5552158317863,38.9988534322787,0.540218792291794,1.55312902783891,0.01375,0.011,0.01375,0.01375,0,0,0,0
07/09/2016,2.44973808253678e-07,0.1,11.4253859102962,22.8831418792281,359.326036151433,0,4.33320593691982,17.3328237476793,1.28301963169301,0,400,25,11.5552158317862,38.9988534322784,0.540218792291795,1.55312902783891,0.01375,0.011,0.01375,0.01375,0,0,0,0
08/09/2016,0,0.1,11.5047760032994,0,359.362060140052,0,0,0,0,0,400,25,0,0,0,0,0.01375,0.011,0.01375,0.01375,0,0,0,0
09/09/2016,0,0.1,11.5860888204375,0,359.374961301293,0,0,0,0,0,400,25,0,0,0,0,0.01375,0.011,0.01375,0.01375,0,0,0,0
10/09/2016,0.00208705761474612,0.1,11.6693002913912,22.9556754617915,359.364735816136,0,6.20517440769281,24.8206976307713,1.8962261752862,0,400,25,16.5471317538475,55.8465696692353,0.798411021173135,2.29543168587276,0.01375,0.011,0.01375,0.01375,0,0,0,0
11/09/2016,0.00140229983015895,0.1,11.7543857837993,36.7878786301834,359.331386711544,0,7.74122975850042,30.9649190340017,2.3260910941552,0,400,25,20.6432793560011,69.6710678265038,0.979406776486401,2.8157944823984,0.01375,0.011,0.01375,0.01375,0,0,0,0
12/09/2016,1.55224194545614e-05,0.1,11.8413201105505,36.7878786301834,359.274923859559,0,7.74122975850037,30.9649190340015,2.32609109415521,0,400,25,20.643279356001,69.6710678265033,0.979406776486406,2.81579448239842,0.01375,0.011,0.01375,0.01375,0,0,0,0
13/09/2016,0.0127282154724552,0.1,11.9300775372393,7.05878500270151,359.195363974383,0,3.68182420056277,14.7272968022511,0.795950585240263,0,400,25,9.81819786816738,33.1364178050649,0.335137088522216,0.963519129501371,0.01375,0.011,0.01375,0.01375,0,0,0,0
14/09/2016,9.43976527265333e-05,0.1,12.0206317897838,7.05878500270159,359.09273060743,0,3.68182420056276,14.727296802251,0.795950585240251,0,400,25,9.81819786816736,33.1364178050648,0.335137088522211,0.963519129501356,0.01375,0.011,0.01375,0.01375,0,0,0,0
15/09/2016,1.21023882269895e-06,0.1,12.1129560622039,7.0587850027016,358.967054140356,0,3.68182420056277,14.7272968022511,0.795950585240254,0,400,25,9.81819786816739,33.136417805065,0.335137088522212,0.963519129501361,0.01375,0.011,0.01375,0.01375,0,0,0,0
16/09/2016,3.58330839072724e-08,0.1,12.2070230245555,0,358.818371776061,0,0,0,0,0,400,25,0,0,0,0,0.01375,0.011,0.01375,0.01375,0,0,0,0
17/09/2016,0,0.1,12.3028048310218,0,358.646727527679,0,0,0,0,0,400,25,0,0,0,0,0.01375,0.011,0.01375,0.01375,0,0,0,0
18/09/2016,0.0162768499498688,0.1,12.4002731281556,6,358.452172205552,0,3.532266263744,14.129065054976,0.731539037229696,0,400,25,9.41937670331733,31.790396373696,0.308016436728293,0.885547255593842,0.01375,0.011,0.01375,0.01375,0,0,0,0
19/09/2016,0.0266981776881585,0.1,12.4993990632724,33.8807751705491,358.234763402183,0,7.70358261323927,30.8143304529571,2.39807639445875,0,400,25,20.5428869686381,69.3322435191535,1.00971637661421,2.90293458276586,0.01375,0.011,0.01375,0.01375,0,0,0,0
20/09/2016,0.0147671015323759,0.1,12.600153292992,32.8507933680956,357.994565475191,0,7.38205761987005,29.5282304794802,2.24836952212013,0,400,25,19.6854869863201,66.4385185788305,0.946681904050581,2.72171047414542,0.01375,0.011,0.01375,0.01375,0,0,0,0
21/09/2016,0.000106214175520711,0.1,12.7025059919243,32.8507933680961,357.73164952826,0,7.38205761987006,29.5282304794803,2.24836952212011,0,400,25,19.6854869863202,66.4385185788306,0.946681904050571,2.72171047414539,0.01375,0.011,0.01375,0.01375,0,0,0,0
22/09/2016,0.00132796642019946,0.1,12.8064268614986,24.2189430651212,357.446093390089,0,6.3824369575453,25.5297478301812,1.95663769123786,0,400,25,17.0198318867875,57.4419326179078,0.823847448942259,2.36856141570899,0.01375,0.011,0.01375,0.01375,0,0,0,0
23/09/2016,0.00133369711072238,0.1,12.9118851389321,37.4583929802162,357.137981591355,0,7.82506215451636,31.3002486180655,2.35229010277488,0,400,25,20.8668324120436,70.4255593906473,0.990437938010475,2.84750907178012,0.01375,0.011,0.01375,0.01375,0,0,0,0
24/09/2016,1.49173050164902e-05,0.1,13.0188496063369,37.4583929802158,356.807405339689,0,7.82506215451638,31.3002486180655,2.3522901027749,0,400,25,20.8668324120437,70.4255593906474,0.990437938010485,2.84750907178015,0.01375,0.011,0.01375,0.01375,0,0,0,0
25/09/2016,2.77231049905837e-07,0.1,13.1272885999607,37.4583929802157,356.454462492675,0,7.82506215451641,31.3002486180656,2.3522901027749,0,400,25,20.8668324120438,70.4255593906477,0.990437938010484,2.84750907178014,0.01375,0.011,0.01375,0.01375,0,0,0,0
26/09/2016,0,0.1,13.2371700195604,0,356.079257528887,0,0,0,0,0,400,25,0,0,0,0,0.01375,0.011,0.01375,0.01375,0,0,0,0
27/09/2016,0,0.1,13.3484613379039,0,355.681901516956,0,0,0,0,0,400,25,0,0,0,0,0.01375,0.011,0.01375,0.01375,0,0,0,0
28/09/2016,0,0.1,13.4611296103994,0,355.262512082693,0,0,0,0,0,400,25,0,0,0,0,0.01375,0.011,0.01375,0.01375,0,0,0,0
29/09/2016,0,0.1,13.5751414848473,0,354.82121337427,0,0,0,0,0,400,25,0,0,0,0,0.01375,0.011,0.01375,0.01375,0,0,0,0
30/09/2016,0.00111633475568731,0.1,13.6904632113135,37.9278431246278,354.35813602547,0,7.88166089806233,31.5266435922493,2.36943438577746,0,400,25,21.0177623948329,70.934948082561,0.997656583485247,2.86826267752008,0.01375,0.011,0.01375,0.01375,0,0,0,0
01/10/2016,0.00121708706307186,0.1,13.8070606521197,37.6959264062808,353.873417117015,0,7.85242769827069,31.4097107930827,2.36023692958495,0,400,25,20.9398071953885,70.6718492844362,0.993783970351558,2.85712891476073,0.01375,0.011,0.01375,0.01375,0,0,0,0
02/10/2016,1.38453254580162e-05,0.1,13.9248992919492,37.6959264062809,353.367200135988,0,7.85242769827069,31.4097107930828,2.36023692958496,0,400,25,20.9398071953885,70.6718492844362,0.993783970351561,2.85712891476074,0.01375,0.011,0.01375,0.01375,0,0,0,0
03/10/2016,2.60891461102368e-07,0.1,14.0439442480639,37.6959264062809,352.839634933357,0,7.85242769827065,31.4097107930826,2.36023692958495,0,400,25,20.9398071953884,70.6718492844359,0.993783970351557,2.85712891476073,0.01375,0.011,0.01375,0.01375,0,0,0,0
04/10/2016,0,0.1,14.1641602806307,0,352.290877679617,0,0,0,0,0,400,25,0,0,0,0,0.01375,0.011,0.01375,0.01375,0,0,0,0
05/10/2016,0,0.1,14.2855118031529,0,351.721090818561,0,0,0,0,0,400,25,0,0,0,0,0.01375,0.011,0.01375,0.01375,0,0,0,0
06/10/2016,0.000138668664984108,0.1,14.4079628930047,36.6893481233718,351.13044301919,0,7.72554808277796,30.9021923311118,2.32031760109767,0,400,25,20.6014615540746,69.5299327450016,0.976975832041123,2.80880551711823,0.01375,0.011,0.01375,0.01375,0,0,0,0
07/10/2016,2.35385890780034e-06,0.1,14.5314773020651,36.6893481233717,350.519109125787,0,7.72554808277791,30.9021923311116,2.32031760109765,0,400,25,20.6014615540744,69.5299327450012,0.976975832041118,2.80880551711821,0.01375,0.011,0.01375,0.01375,0,0,0,0
08/10/2016,6.16059522951509e-08,0.1,14.6560184674478,0,349.887270106158,0,0,0,0,0,400,25,0,0,0,0,0.01375,0.011,0.01375,0.01375,0,0,0,0
09/10/2016,0,0.1,14.7815495223251,0,349.235112998059,0,0,0,0,0,400,25,0,0,0,0,0.01375,0.011,0.01375,0.01375,0,0,0,0
10/10/2016,0,0.1,14.908033306841,0,348.562830853834,0,0,0,0,0,400,25,0,0,0,0,0.01375,0.011,0.01375,0.01375,0,0,0,0
11/10/2016,0,0.1,15.0354323791111,0,347.870622683264,0,0,0,0,0,400,25,0,0,0,0,0.01375,0.011,0.01375,0.01375,0,0,0,0
12/10/2016,0,0.1,15.1637090263067,0,347.158693394657,0,0,0,0,0,400,25,0,0,0,0,0.01375,0.011,0.01375,0.01375,0,0,0,0
13/10/2016,0,0.1,15.292825275818,0,346.427253734189,0,0,0,0,0,400,25,0,0,0,0,0.01375,0.011,0.01375,0.01375,0,0,0,0
14/10/2016,0,0.1,15.4227429064953,0,345.676520223521,0,0,0,0,0,400,25,0,0,0,0,0.01375,0.011,0.01375,0.01375,0,0,0,0
15/10/2016,0,0.1,15.553423459963,0,344.906715095704,0,0,0,0,0,400,25,0,0,0,0,0.01375,0.011,0.01375,0.01375,0,0,0,0
16/10/2016,0,0.1,15.6848282520041,0,344.11806622939,0,0,0,0,0,400,25,0,0,0,0,0.01375,0.011,0.01375,0.01375,0,0,0,0
17/10/2016,0,0.1,15.8169183840117,0,343.310807081381,0,0,0,0,0,400,25,0,0,0,0,0.01375,0.011,0.01375,0.01375,0,0,0,0
18/10/2016,0,0.1,15.9496547545038,0,342.485176617513,0,0,0,0,0,400,25,0,0,0,0,0.01375,0.011,0.01375,0.01375,0,0,0,0
19/10/2016,0,0.1,16.0829980706979,0,341.641419241926,0,0,0,0,0,400,25,0,0,0,0,0.01375,0.011,0.01375,0.01375,0,0,0,0
20/10/2016,0,0.1,16.2169088601428,0,340.779784724706,0,0,0,0,0,400,25,0,0,0,0,0.01375,0.011,0.01375,0.01375,0,0,0,0
21/10/2016,0,0.1,16.3513474824032,0,339.900528127956,0,0,0,0,0,400,25,0,0,0,0,0.01375,0.011,0.01375,0.01375,0,0,0,0
22/10/2016,0.00883051045198765,0.1,16.486274140794,31.2965621492152,339.003909730285,0,7.34760998616321,29.3904399446529,2.27910489135438,0,400,25,19.5936266297686,66.1284898754689,0.959623112149212,2.75891644742898,0.01375,0.011,0.01375,0.01375,0,0,0,0
23/10/2016,0.00274041860885302,0.1,16.6216488941613,38.8194674960994,338.090194949768,0,8.00179570325522,32.0071828130209,2.40922539625181,0,400,25,21.3381218753472,72.016161329297,1.01441069315866,2.91643074283114,0.01375,0.011,0.01375,0.01375,0,0,0,0
24/10/2016,2.67498012813847e-05,0.1,16.7574316687051,38.8194674960992,337.159654265367,0,8.00179570325521,32.0071828130208,2.40922539625182,0,400,25,21.3381218753472,72.0161613292969,1.01441069315866,2.91643074283115,0.01375,0.011,0.01375,0.01375,0,0,0,0
25/10/2016,4.30668384239633e-07,0.1,16.893582269843,38.8194674960994,336.212563136873,0,8.00179570325521,32.0071828130209,2.40922539625182,0,400,25,21.3381218753472,72.0161613292969,1.01441069315866,2.91643074283115,0.01375,0.011,0.01375,0.01375,0,0,0,0
26/10/2016,1.54441119004153e-08,0.1,17.0300603941077,0,335.249201923357,0,0,0,0,0,400,25,0,0,0,0,0.01375,0.011,0.01375,0.01375,0,0,0,0
27/10/2016,0,0.1,17.1668256410784,0,334.269855800181,0,0,0,0,0,400,25,0,0,0,0,0.01375,0.011,0.01375,0.01375,0,0,0,0
28/10/2016,0.00258648321776801,0.1,17.3038375253397,26.540391279712,333.27481467458,0,6.69503021529192,26.7801208611677,2.06012856044325,0,400,25,17.8534139074451,60.2552719376272,0.867422551765581,2.49383983632604,0.01375,0.011,0.01375,0.01375,0,0,0,0
29/10/2016,0.00112534879960163,0.1,17.4410554884664,38.0262266575452,332.264373099842,0,7.8997726400022,31.5990905600088,2.37660275021247,0,400,25,21.0660603733392,71.0979537600198,1.00067484219473,2.87694017130984,0.01375,0.011,0.01375,0.01375,0,0,0,0
30/10/2016,1.29414389246233e-05,0.1,17.5784389110296,38.026226657545,331.238830188116,0,7.89977264000222,31.5990905600089,2.37660275021245,0,400,25,21.0660603733393,71.09795376002,1.00067484219471,2.8769401713098,0.01375,0.011,0.01375,0.01375,0,0,0,0
31/10/2016,2.4693113796342e-07,0.1,17.7159471246209,38.026226657545,330.198489521866,0,7.89977264000226,31.599090560009,2.37660275021245,0,400,25,21.0660603733394,71.0979537600203,1.00067484219472,2.87694017130981,0.01375,0.011,0.01375,0.01375,0,0,0,0
01/11/2016,0.00167122360638819,0.1,17.853539423891,38.8299219851596,329.143659064006,0,7.99536831745709,31.9814732698284,2.40520942977198,0,400,25,21.3209821798856,71.9583148571138,1.01271975990399,2.91156930972398,0.01375,0.011,0.01375,0.01375,0,0,0,0
02/11/2016,1.799302193306e-05,0.1,17.9911750785997,38.8299219851597,328.074651066735,0,7.99536831745703,31.9814732698281,2.40520942977196,0,400,25,21.3209821798854,71.9583148571133,1.01271975990398,2.91156930972395,0.01375,0.011,0.01375,0.01375,0,0,0,0
03/11/2016,3.11118011655495e-07,0.1,18.1288133456723,38.8299219851599,326.991781979106,0,7.995368317457,31.981473269828,2.40520942977196,0,400,25,21.3209821798853,71.958314857113,1.01271975990398,2.91156930972395,0.01375,0.011,0.01375,0.01375,0,0,0,0
04/11/2016,1.18503562256009e-08,0.1,18.2664134812612,0,325.895372353347,0,0,0,0,0,400,25,0,0,0,0,0.01375,0.011,0.01375,0.01375,0,0,0,0
05/11/2016,0,0.1,18.4039347528061,0,324.785746749974,0,0,0,0,0,400,25,0,0,0,0,0.01375,0.011,0.01375,0.01375,0,0,0,0
06/11/2016,0,0.1,18.5413364510926,0,323.663233641712,0,0,0,0,0,400,25,0,0,0,0,0.01375,0.011,0.01375,0.01375,0,0,0,0
07/11/2016,0,0.1,18.678577902302,0,322.528165316262,0,0,0,0,0,400,25,0,0,0,0,0.01375,0.011,0.01375,0.01375,0,0,0,0
08/11/2016,0,0.1,18.8156184800527,0,321.380877777935,0,0,0,0,0,400,25,0,0,0,0,0.01375,0.011,0.01375,0.01375,0,0,0,0
09/11/2016,0.0197567125132873,0.1,18.9524176174254,34.0606766946393,320.221710648189,0,7.73016330940383,30.9206532376153,2.40825236090439,0,400,25,20.6137688250769,69.5714697846345,1.014000994065,2.91525285793689,0.01375,0.011,0.01375,0.01375,0,0,0,0
10/11/2016,0.00411038296299862,0.1,19.0889348189725,39.2671252870128,319.05100706509,0,8.06155863462002,32.2462345384801,2.42888684498836,0,400,25,21.4974896923201,72.5540277115802,1.02268919788983,2.94023144393327,0.01375,0.011,0.01375,0.01375,0,0,0,0
11/11/2016,3.71679098266687e-05,0.1,19.2251296727055,39.2671252870126,317.869113581744,0,8.06155863462008,32.2462345384803,2.42888684498833,0,400,25,21.4974896923202,72.5540277115807,1.02268919788982,2.94023144393324,0.01375,0.011,0.01375,0.01375,0,0,0,0
12/11/2016,5.63946542903816e-07,0.1,19.3609618620575,39.2671252870124,316.676380063702,0,8.06155863462008,32.2462345384803,2.42888684498832,0,400,25,21.4974896923202,72.5540277115807,1.02268919788982,2.94023144393323,0.01375,0.011,0.01375,0.01375,0,0,0,0
13/11/2016,0.00185627656280441,0.1,19.496391177818,39.2669214166193,315.473159585395,0,8.05045239301802,32.2018095720721,2.42254021225359,0,400,25,21.4678730480481,72.4540715371622,1.0200169314752,2.93254867799119,0.01375,0.011,0.01375,0.01375,0,0,0,0
14/11/2016,1.96042248170234e-05,0.1,19.6313775300357,39.2669214166194,314.259808325618,0,8.05045239301796,32.2018095720718,2.42254021225356,0,400,25,21.4678730480479,72.4540715371616,1.02001693147518,2.93254867799115,0.01375,0.011,0.01375,0.01375,0,0,0,0
15/11/2016,3.33788400258657e-07,0.1,19.7658809598859,39.2669214166194,313.036685462092,0,8.05045239301799,32.201809572072,2.42254021225357,0,400,25,21.467873048048,72.4540715371619,1.02001693147519,2.93254867799116,0.01375,0.011,0.01375,0.01375,0,0,0,0
16/11/2016,0.000530741903076767,0.1,19.899861651499,38.4377295364278,311.80415306514,0,7.94593229451036,31.7837291780414,2.38965568749932,0,400,25,21.189152785361,71.5133906505933,1.00617081578919,2.89274109539391,0.01375,0.011,0.01375,0.01375,0,0,0,0
17/11/2016,7.04985369271068e-06,0.1,20.0332799437473,38.4377295364279,310.562575990505,0,7.94593229451036,31.7837291780415,2.38965568749934,0,400,25,21.189152785361,71.5133906505933,1.00617081578919,2.89274109539393,0.01375,0.011,0.01375,0.01375,0,0,0,0
18/11/2016,1.50552350213996e-07,0.1,20.166096341985,38.437729536428,309.31232177135,0,7.94593229451033,31.7837291780413,2.38965568749933,0,400,25,21.1891527853609,71.513390650593,1.00617081578919,2.89274109539392,0.01375,0.011,0.01375,0.01375,0,0,0,0
19/11/2016,0,0.1,20.2982715297398,0,308.053760509454,0,0,0,0,0,400,25,0,0,0,0,0.01375,0.011,0.01375,0.01375,0,0,0,0
20/11/2016,0,0.1,20.4297663803513,0,306.787264765657,0,0,0,0,0,400,25,0,0,0,0,0.01375,0.011,0.01375,0.01375,0,0,0,0
21/11/2016,0,0.1,20.5605419685534,0,305.513209449576,0,0,0,0,0,400,25,0,0,0,0,0.01375,0.011,0.01375,0.01375,0,0,0,0
22/11/2016,0,0.1,20.6905595819968,0,304.231971708621,0,0,0,0,0,400,25,0,0,0,0,0.01375,0.011,0.01375,0.01375,0,0,0,0
23/11/2016,0,0.1,20.8197807327088,0,302.94393081635,0,0,0,0,0,400,25,0,0,0,0,0.01375,0.011,0.01375,0.01375,0,0,0,0
24/11/2016,0,0.1,20.9481671684868,0,301.649468060202,0,0,0,0,0,400,25,0,0,0,0,0.01375,0.011,0.01375,0.01375,0,0,0,0
25/11/2016,0,0.1,21.0756808842214,0,300.348966628621,0,0,0,0,0,400,25,0,0,0,0,0.01375,0.011,0.01375,0.01375,0,0,0,0
26/11/2016,0,0.1,21.2022841331467,0,299.042811497628,0,0,0,0,0,400,25,0,0,0,0,0.01375,0.011,0.01375,0.01375,0,0,0,0
27/11/2016,0,0.1,21.3279394380145,0,297.73138931686,0,0,0,0,0,400,25,0,0,0,0,0.01375,0.011,0.01375,0.01375,0,0,0,0
28/11/2016,0,0.1,21.4526096021881,0,296.41508829511,0,0,0,0,0,400,25,0,0,0,0,0.01375,0.011,0.01375,0.01375,0,0,0,0
29/11/2016,0,0.1,21.5762577206533,0,295.094298085414,0,0,0,0,0,400,25,0,0,0,0,0.01375,0.011,0.01375,0.01375,0,0,0,0
30/11/2016,0,0.1,21.6988471909432,0,293.769409669701,0,0,0,0,0,400,25,0,0,0,0,0.01375,0.011,0.01375,0.01375,0,0,0,0
01/12/2016,0,0.1,21.8203417239731,0,292.440815243058,0,0,0,0,0,400,25,0,0,0,0,0.01375,0.011,0.01375,0.01375,0,0,0,0
02/12/2016,0,0.1,21.9407053547832,0,291.108908097629,0,0,0,0,0,400,25,0,0,0,0,0.01375,0.011,0.01375,0.01375,0,0,0,0
03/12/2016,0,0.1,22.0599024531845,0,289.774082506192,0,0,0,0,0,400,25,0,0,0,0,0.01375,0.011,0.01375,0.01375,0,0,0,0
04/12/2016,0,0.1,22.1778977343065,0,288.436733605447,0,0,0,0,0,400,25,0,0,0,0,0.01375,0.011,0.01375,0.01375,0,0,0,0
05/12/2016,0,0.1,22.294656269042,0,287.097257279049,0,0,0,0,0,400,25,0,0,0,0,0.01375,0.011,0.01375,0.01375,0,0,0,0
06/12/2016,0.0100768955301976,0.1,22.4101434943871,33.3444845189165,285.756050040415,0,7.61872054378791,30.4748821751516,2.36774117898885,0,400,25,20.3165881167678,68.5684848940912,0.996943654311095,2.8662130061444,0.01375,0.011,0.01375,0.01375,0,0,0,0
07/12/2016,0.0179720757148862,0.1,22.5243252236724,36.98333759544,284.413508915348,0,8.05192908201641,32.2077163280657,2.49748225371889,0,400,25,21.4718108853771,72.4673617381477,1.05157147525006,3.02326799134393,0.01375,0.011,0.01375,0.01375,0,0,0,0
08/12/2016,0.00536847416202219,0.1,22.637167656683,39.5970995671485,283.070031324511,0,8.09883001934145,32.3953200773658,2.43950073478665,0,400,25,21.5968800515772,72.889470174073,1.02715820412069,2.95307983684699,0.01375,0.011,0.01375,0.01375,0,0,0,0
09/12/2016,4.63493757651652e-05,0.1,22.7486373896641,39.5970995671483,281.726014965779,0,8.09883001934141,32.3953200773656,2.43950073478664,0,400,25,21.5968800515771,72.8894701740727,1.02715820412069,2.95307983684699,0.01375,0.011,0.01375,0.01375,0,0,0,0
10/12/2016,6.75786566301537e-07,0.1,22.8587014252095,39.5970995671484,280.381857696517,0,8.09883001934139,32.3953200773656,2.43950073478663,0,400,25,21.596880051577,72.8894701740725,1.02715820412069,2.95307983684698,0.01375,0.011,0.01375,0.01375,0,0,0,0
11/12/2016,2.22919014797017e-08,0.1,22.9673271820289,0,279.037957415799,0,0,0,0,0,400,25,0,0,0,0,0.01375,0.011,0.01375,0.01375,0,0,0,0
12/12/2016,2.50972725112385e-24,0.1,23.0744825045931,0,277.694711946626,0,0,0,0,0,400,25,0,0,0,0,0.01375,0.011,0.01375,0.01375,0,0,0,0
13/12/2016,0,0.1,23.180135672653,0,276.352518918163,0,0,0,0,0,400,25,0,0,0,0,0.01375,0.011,0.01375,0.01375,0,0,0,0
14/12/2016,0,0.1,23.2842554106286,0,275.011775648026,0,0,0,0,0,400,25,0,0,0,0,0.01375,0.011,0.01375,0.01375,0,0,0,0
15/12/2016,0.0116602236387976,0.1,23.3868108968681,31.901520295745,273.672879024676,0,7.43269602313374,29.7307840925349,2.30814819237852,0,400,25,19.8205227283566,66.8942642082036,0.971851870475164,2.7940741276161,0.01375,0.011,0.01375,0.01375,0,0,0,0
16/12/2016,0.105219933451002,0.1,23.4877717727713,35.9114710706852,272.336225389925,0,7.74428812315364,30.9771524926146,2.42437222422294,0,400,25,20.6514349950764,69.6985931083828,1.02078830493598,2.93476637669093,0.01375,0.011,0.01375,0.01375,0,0,0,0
17/12/2016,0.0243196127343544,0.1,23.5871081517765,38.4100293431176,271.002210421614,0,8.13041215492425,32.521648619697,2.49757013294259,0,400,25,21.681099079798,73.1737093943182,1.05160847702846,3.02337437145682,0.01375,0.011,0.01375,0.01375,0,0,0,0
18/12/2016,0.00467567845168175,0.1,23.6847906282074,39.574082230228,269.671229016481,0,8.09558650891876,32.382346035675,2.43844286823364,0,400,25,21.58823069045,72.8602785802688,1.02671278662469,2.95179926154599,0.01375,0.011,0.01375,0.01375,0,0,0,0
19/12/2016,4.12775933951336e-05,0.1,23.7807902859783,39.5740822302281,268.343675173266,0,8.09558650891875,32.382346035675,2.43844286823362,0,400,25,21.58823069045,72.8602785802688,1.02671278662468,2.95179926154596,0.01375,0.011,0.01375,0.01375,0,0,0,0
20/12/2016,6.1456196761331e-07,0.1,23.8750787071532,39.5740822302281,267.019941876079,0,8.09558650891872,32.3823460356749,2.43844286823362,0,400,25,21.5882306904499,72.8602785802685,1.02671278662468,2.95179926154596,0.01375,0.011,0.01375,0.01375,0,0,0,0
21/12/2016,2.06324612978484e-08,0.1,23.9676279803587,0,265.700420978066,0,0,0,0,0,400,25,0,0,0,0,0.01375,0.011,0.01375,0.01375,0,0,0,0
22/12/2016,0,0.1,24.0584107090458,0,264.385503085413,0,0,0,0,0,400,25,0,0,0,0,0.01375,0.011,0.01375,0.01375,0,0,0,0
23/12/2016,0,0.1,24.1474000196006,0,263.07557744172,0,0,0,0,0,400,25,0,0,0,0,0.01375,0.011,0.01375,0.01375,0,0,0,0
24/12/2016,0,0.1,24.2345695692986,0,261.771031812774,0,0,0,0,0,400,25,0,0,0,0,0.01375,0.011,0.01375,0.01375,0,0,0,0
25/12/2016,0,0.1,24.3198935541034,0,260.472252371766,0,0,0,0,0,400,25,0,0,0,0,0.01375,0.011,0.01375,0.01375,0,0,0,0
26/12/2016,0,0.1,24.4033467163048,0,259.17962358497,0,0,0,0,0,400,25,0,0,0,0,0.01375,0.011,0.01375,0.01375,0,0,0,0
27/12/2016,0,0.1,24.484904351996,0,257.893528097937,0,0,0,0,0,400,25,0,0,0,0,0.01375,0.011,0.01375,0.01375,0,0,0,0
28/12/2016,0.00246190617295606,0.1,24.5645423183859,39.5239429085772,256.614346622224,0,8.08284994645931,32.3313997858372,2.43273321971397,0,400,25,21.5542665238915,72.7456495181337,1.02430872409009,2.94488758175902,0.01375,0.011,0.01375,0.01375,0,0,0,0
29/12/2016,2.46883207370649e-05,0.1,24.6422370409468,39.5239429085773,255.342457822691,0,8.08284994645924,32.3313997858369,2.43273321971395,0,400,25,21.5542665238913,72.7456495181331,1.02430872409008,2.94488758175899,0.01375,0.011,0.01375,0.01375,0,0,0,0
30/12/2016,4.03262193621698e-07,0.1,24.7179655203918,39.5239429085773,254.078238205414,0,8.08284994645926,32.331399785837,2.43273321971395,0,400,25,21.5542665238914,72.7456495181334,1.02430872409009,2.944887581759,0.01375,0.011,0.01375,0.01375,0,0,0,0
31/12/2016,1.46387007622455e-08,0.1,24.7917053394842,0,252.822062006227,0,0,0,0,0,400,25,0,0,0,0,0.01375,0.011,0.01375,0.01375,0,0,0,0
01/01/2017,0,0.1,24.8051371179797,0,252.59041410873,0,0,0,0,0,400,25,0,0,0,0,0.01375,0.011,0.01375,0.01375,0,0,0,0
02/01/2017,0,0.1,24.8764918925008,0,251.344251726306,0,0,0,0,0,400,25,0,0,0,0,0.01375,0.011,0.01375,0.01375,0,0,0,0
03/01/2017,0,0.1,24.9458110794992,0,250.106942079986,0,0,0,0,0,400,25,0,0,0,0,0.01375,0.011,0.01375,0.01375,0,0,0,0
04/01/2017,0,0.1,25.0130741590243,0,248.878851439682,0,0,0,0,0,400,25,0,0,0,0,0.01375,0.011,0.01375,0.01375,0,0,0,0
05/01/2017,0.000831954839430544,0.1,25.0782612197774,39.1498466535292,247.660343346284,0,8.03569495632721,32.1427798253088,2.41789714432402,0,400,25,21.4285198835392,72.3212546069449,1.01806195550485,2.92692812207645,0.01375,0.011,0.01375,0.01375,0,0,0,0
06/01/2017,0.000250511774259541,0.1,25.1413529650052,38.6794146199657,246.451778504046,0,7.97639680083601,31.905587203344,2.39924054185443,0,400,25,21.270391468896,71.7875712075241,1.01020654393871,2.90434381382378,0.01375,0.011,0.01375,0.01375,0,0,0,0
07/01/2017,0.00197261255880752,0.1,25.2023307182122,39.4764304569066,245.253514673805,0,8.07686098196302,32.3074439278521,2.43084894980901,0,400,25,21.5382959519014,72.6917488376672,1.023515347288,2.94260662345301,0.01375,0.011,0.01375,0.01375,0,0,0,0
08/01/2017,2.05906712855003e-05,0.1,25.2611764286895,39.4764304569064,244.065906567085,0,8.07686098196303,32.3074439278521,2.43084894980902,0,400,25,21.5382959519014,72.6917488376673,1.02351534728801,2.94260662345303,0.01375,0.011,0.01375,0.01375,0,0,0,0
09/01/2017,3.47500837871486e-07,0.1,25.317872676858,39.4764304569062,242.889305741087,0,8.07686098196302,32.3074439278521,2.43084894980901,0,400,25,21.5382959519014,72.6917488376672,1.023515347288,2.94260662345301,0.01375,0.011,0.01375,0.01375,0,0,0,0
10/01/2017,1.29674817765625e-08,0.1,25.3724026794253,0,241.724060494622,0,0,0,0,0,400,25,0,0,0,0,0.01375,0.011,0.01375,0.01375,0,0,0,0
11/01/2017,0,0.1,25.4247502943533,0,240.570515765012,0,0,0,0,0,400,25,0,0,0,0,0.01375,0.011,0.01375,0.01375,0,0,0,0
12/01/2017,0,0.1,25.4749000256372,0,239.429013025974,0,0,0,0,0,400,25,0,0,0,0,0.01375,0.011,0.01375,0.01375,0,0,0,0
13/01/2017,0,0.1,25.5228370278924,0,238.299890186543,0,0,0,0,0,400,25,0,0,0,0,0.01375,0.011,0.01375,0.01375,0,0,0,0
14/01/2017,0,0.1,25.5685471107489,0,237.18348149104,0,0,0,0,0,400,25,0,0,0,0,0.01375,0.011,0.01375,0.01375,0,0,0,0
15/01/2017,0,0.1,25.6120167430522,0,236.08011742013,0,0,0,0,0,400,25,0,0,0,0,0.01375,0.011,0.01375,0.01375,0,0,0,0
16/01/2017,0,0.1,25.6532330568687,0,234.990124592991,0,0,0,0,0,400,25,0,0,0,0,0.01375,0.011,0.01375,0.01375,0,0,0,0
17/01/2017,0,0.1,25.6921838512949,0,233.91382567063,0,0,0,0,0,400,25,0,0,0,0,0.01375,0.011,0.01375,0.01375,0,0,0,0
18/01/2017,0,0.1,25.7288575960691,0,232.851539260369,0,0,0,0,0,400,25,0,0,0,0,0.01375,0.011,0.01375,0.01375,0,0,0,0
19/01/2017,0,0.1,25.7632434349846,0,231.803579821526,0,0,0,0,0,400,25,0,0,0,0,0.01375,0.011,0.01375,0.01375,0,0,0,0
20/01/2017,0.000635001439360813,0.1,25.7953311891033,38.8972080559428,230.770257572335,0,8.00384975495077,32.0153990198031,2.40787789064365,0,400,25,21.3435993465354,72.0346477945569,1.01384332237627,2.91479955183179,0.01375,0.011,0.01375,0.01375,0,0,0,0
21/01/2017,0.00039754192185,0.1,25.8251113597692,39.140245845405,229.751878398107,0,8.0344847704292,32.1379390817168,2.41751639121246,0,400,25,21.4252927211445,72.3103629338628,1.01790163840524,2.92646721041508,0.01375,0.011,0.01375,0.01375,0,0,0,0
22/01/2017,0.00290597353709539,0.1,25.8525751314198,39.6300161234296,228.74874376069,0,8.09622051976003,32.3848820790401,2.43693991836751,0,400,25,21.5899213860268,72.8659846778403,1.02607996562843,2.94997990118172,0.01375,0.011,0.01375,0.01375,0,0,0,0
23/01/2017,2.82528366821401e-05,0.1,25.8777143741959,39.630016123429,227.761150609223,0,8.09622051975997,32.3848820790399,2.43693991836752,0,400,25,21.5899213860266,72.8659846778397,1.02607996562843,2.94997990118174,0.01375,0.011,0.01375,0.01375,0,0,0,0
24/01/2017,4.50408773602545e-07,0.1,25.9005216463481,39.630016123429,226.789391292236,0,8.09622051975995,32.3848820790398,2.43693991836751,0,400,25,21.5899213860265,72.8659846778395,1.02607996562843,2.94997990118173,0.01375,0.011,0.01375,0.01375,0,0,0,0
25/01/2017,1.6018343124868e-08,0.1,25.9209901964399,0,225.833753471109,0,0,0,0,0,400,25,0,0,0,0,0.01375,0.011,0.01375,0.01375,0,0,0,0
26/01/2017,0.000328561020177058,0.1,25.9391139653462,38.6937144313554,224.894520034914,0,7.97819929807,31.91279719228,2.39980765012396,0,400,25,21.2751981281867,71.80379368263,1.01044532636798,2.90503031330795,0.01375,0.011,0.01375,0.01375,0,0,0,0
27/01/2017,4.7643230898062e-06,0.1,25.9548875880467,38.6937144313552,223.971969016682,0,7.97819929807005,31.9127971922802,2.39980765012397,0,400,25,21.2751981281868,71.8037936826305,1.01044532636799,2.90503031330796,0.01375,0.011,0.01375,0.01375,0,0,0,0
28/01/2017,1.09411590211009e-07,0.1,25.9683063952143,0,223.066373511089,0,0,0,0,0,400,25,0,0,0,0,0.01375,0.011,0.01375,0.01375,0,0,0,0
29/01/2017,0,0.1,25.9793664145975,0,222.178001593623,0,0,0,0,0,400,25,0,0,0,0,0.01375,0.011,0.01375,0.01375,0,0,0,0
30/01/2017,0,0.1,25.9880643721958,0,221.307116241223,0,0,0,0,0,400,25,0,0,0,0,0.01375,0.011,0.01375,0.01375,0,0,0,0
31/01/2017,0,0.1,25.9943976932292,0,220.453975254433,0,0,0,0,0,400,25,0,0,0,0,0.01375,0.011,0.01375,0.01375,0,0,0,0
01/02/2017,0,0.1,25.9983645029001,0,219.618831181091,0,0,0,0,0,400,25,0,0,0,0,0.01375,0.011,0.01375,0.01375,0,0,0,0
02/02/2017,0.000104078417264101,0.1,25.9999636269489,38.7733392853405,218.801931241564,0,7.98823604437065,31.9529441774826,2.40296544793855,0,400,25,21.3019627849884,71.8941243993358,1.01177492544781,2.90885291066246,0.01375,0.011,0.01375,0.01375,0,0,0,0
03/02/2017,1.86162572602498e-06,0.1,25.9991945920008,38.7733392853404,218.00351725557,0,7.98823604437065,31.9529441774826,2.40296544793856,0,400,25,21.3019627849884,71.8941243993358,1.01177492544781,2.90885291066246,0.01375,0.011,0.01375,0.01375,0,0,0,0
04/02/2017,5.08893701601788e-08,0.1,25.9960576257065,0,217.22382557059,0,0,0,0,0,400,25,0,0,0,0,0.01375,0.011,0.01375,0.01375,0,0,0,0
05/02/2017,0,0.1,25.9905536566747,0,216.463086991908,0,0,0,0,0,400,25,0,0,0,0,0.01375,0.011,0.01375,0.01375,0,0,0,0
06/02/2017,0,0.1,25.9826843141968,0,215.721526714289,0,0,0,0,0,400,25,0,0,0,0,0.01375,0.011,0.01375,0.01375,0,0,0,0
07/02/2017,0,0.1,25.9724519277653,0,214.999364255309,0,0,0,0,0,400,25,0,0,0,0,0.01375,0.011,0.01375,0.01375,0,0,0,0
08/02/2017,0.115881685942865,0.1,25.9598595263838,38.2126615690607,214.296813390382,0,8.18757117986491,32.7502847194596,2.57607022149411,0,400,25,21.8335231463064,73.6881406187842,1.08466114589226,3.11840079444024,0.01375,0.011,0.01375,0.01375,0,0,0,0
09/02/2017,0.0664915384184697,0.1,25.9449108376702,38.741563160977,213.614082089472,0,8.26160864978096,33.0464345991238,2.56073069684434,0,400,25,22.0309563994159,74.3544778480286,1.0782023986713,3.09983189618,0.01375,0.011,0.01375,0.01375,0,0,0,0
10/02/2017,0.00541474740133469,0.1,25.9276102867536,39.7286460720886,212.951372455532,0,8.12727319529686,32.5090927811874,2.45152677437172,0,400,25,21.6727285207916,73.1454587576718,1.03222179973546,2.96763767423944,0.01375,0.011,0.01375,0.01375,0,0,0,0
11/02/2017,4.60905959534727e-05,0.1,25.9079629949642,39.7286460720886,212.308880664676,0,8.12727319529682,32.5090927811873,2.45152677437172,0,400,25,21.6727285207915,73.1454587576713,1.03222179973546,2.96763767423946,0.01375,0.011,0.01375,0.01375,0,0,0,0
12/02/2017,6.72693202648097e-07,0.1,25.8859747783173,39.7286460720886,211.686796908109,0,8.12727319529684,32.5090927811873,2.45152677437173,0,400,25,21.6727285207916,73.1454587576715,1.03222179973546,2.96763767423946,0.01375,0.011,0.01375,0.01375,0,0,0,0
13/02/2017,2.22087476278129e-08,0.1,25.8616521457917,0,211.085305335824,0,0,0,0,0,400,25,0,0,0,0,0.01375,0.011,0.01375,0.01375,0,0,0,0
14/02/2017,0,0.1,25.8350022974027,0,210.50458400209,0,0,0,0,0,400,25,0,0,0,0,0.01375,0.011,0.01375,0.01375,0,0,0,0
15/02/2017,0,0.1,25.8060331220709,0,209.944804812745,0,0,0,0,0,400,25,0,0,0,0,0.01375,0.011,0.01375,0.01375,0,0,0,0
16/02/2017,0,0.1,25.774753195287,0,209.406133474307,0,0,0,0,0,400,25,0,0,0,0,0.01375,0.011,0.01375,0.01375,0,0,0,0
17/02/2017,0,0.1,25.7411717765731,0,208.888729444924,0,0,0,0,0,400,25,0,0,0,0,0.01375,0.011,0.01375,0.01375,0,0,0,0
18/02/2017,0,0.1,25.7052988067417,0,208.392745887169,0,0,0,0,0,400,25,0,0,0,0,0.01375,0.011,0.01375,0.01375,0,0,0,0
19/02/2017,0.00211227522522261,0.1,25.6671449049533,39.624233878154,207.918329622699,0,8.09549166531353,32.3819666612541,2.43671060351692,0,400,25,21.5879777741694,72.8594249878218,1.02598341200713,2.94970230952049,0.01375,0.011,0.01375,0.01375,0,0,0,0
20/02/2017,0.00164531164348792,0.1,25.6267213655722,39.6202118556147,207.465621088795,0,8.09498468768252,32.3799387507301,2.43655109636119,0,400,25,21.5866258338201,72.8548621891427,1.02591625109945,2.94950922191091,0.01375,0.011,0.01375,0.01375,0,0,0,0
21/02/2017,0.00558070730698781,0.1,25.5840401548241,39.813078767791,207.034754296791,0,8.11929564299887,32.4771825719955,2.44419989800158,0,400,25,21.651455047997,73.0736607869898,1.02913679915856,2.95876829758086,0.01375,0.011,0.01375,0.01375,0,0,0,0
22/02/2017,4.81153849557828e-05,0.1,25.5391139072529,39.813078767791,206.625856792401,0,8.11929564299886,32.4771825719954,2.44419989800158,0,400,25,21.651455047997,73.0736607869897,1.02913679915856,2.95876829758086,0.01375,0.011,0.01375,0.01375,0,0,0,0
23/02/2017,6.96814249934589e-07,0.1,25.4919559219814,39.8130787677909,206.239049617962,0,8.11929564299885,32.4771825719954,2.44419989800157,0,400,25,21.6514550479969,73.0736607869897,1.02913679915855,2.95876829758084,0.01375,0.011,0.01375,0.01375,0,0,0,0
24/02/2017,2.28553039689582e-08,0.1,25.4425801587739,0,205.874447276606,0,0,0,0,0,400,25,0,0,0,0,0.01375,0.011,0.01375,0.01375,0,0,0,0
25/02/2017,0,0.1,25.391001233904,0,205.532157698364,0,0,0,0,0,400,25,0,0,0,0,0.01375,0.011,0.01375,0.01375,0,0,0,0
26/02/2017,0.0317805299719588,0.1,25.3372344158281,37.8107835234053,205.212282208215,0,8.23125443041137,32.9250177216455,2.57321525117859,0,400,25,21.9500118144303,74.0812898737024,1.08345905312783,3.11494477774251,0.01375,0.011,0.01375,0.01375,0,0,0,0
27/02/2017,0.00870179629115262,0.1,25.2812956206654,39.8302115287886,204.91491549609,0,8.12982417291439,32.5192966916576,2.44966674924536,0,400,25,21.6795311277717,73.1684175562295,1.03143863126121,2.96538606487597,0.01375,0.011,0.01375,0.01375,0,0,0,0
28/02/2017,0.000490421200732381,0.1,25.2232014074861,39.221874335751,204.640145588848,0,8.0459483220928,32.1837932883712,2.42142536943498,0,400,25,21.4558621922475,72.4135348988352,1.01954752397262,2.93119913142129,0.01375,0.011,0.01375,0.01375,0,0,0,0
01/03/2017,0.0537528784091523,0.1,25.1629689734102,38.2142651945083,204.388053824211,0,8.29397753546616,33.1759101418646,2.59600346527344,0,400,25,22.1172734279097,74.6457978191954,1.09305409064145,3.14253051059417,0.01375,0.011,0.01375,0.01375,0,0,0,0
02/03/2017,0.0270632002440565,0.1,25.1006161485163,38.3921087971116,204.158714826692,0,8.16203282460693,32.6481312984277,2.51475477879992,0,400,25,21.7654208656185,73.4582954214624,1.05884411738944,3.04417683749465,0.01375,0.011,0.01375,0.01375,0,0,0,0
03/03/2017,0.0082898813864441,0.1,25.0361613905638,37.4054068006858,203.952196485501,0,8.00496797215748,32.0198718886299,2.45692325436056,0,400,25,21.3465812590866,72.0447117494173,1.03449400183603,2.97417025527857,0.01375,0.011,0.01375,0.01375,0,0,0,0
04/03/2017,0.147407908488324,0.1,24.9696237795288,35.3425500889333,203.768559934448,0,7.47395639083959,29.8958255633584,2.34471423452143,0,400,25,19.9305503755722,67.2656075175563,0.987248098745865,2.83833828389436,0.01375,0.011,0.01375,0.01375,0,0,0,0
05/03/2017,0.045954974979253,0.1,24.9010230119562,33.2251277798125,203.60785953385,0,6.75433365624717,27.0173346249887,2.04095101688015,0,400,25,18.0115564166591,60.7890029062245,0.859347796581117,2.47062491517071,0.01375,0.011,0.01375,0.01375,0,0,0,0
06/03/2017,0.000757976230214069,0.1,24.8303793951287,37.2016254927845,203.470142854435,0,7.60124025123721,30.4049610049488,2.29046525107851,0,400,25,20.2699740032992,68.4111622611349,0.964406421506739,2.77266846183187,0.01375,0.011,0.01375,0.01375,0,0,0,0
07/03/2017,0.00119835284999628,0.1,24.7577138410562,39.5552960018431,203.355450663264,0,8.08545460504697,32.3418184201879,2.43361874925952,0,400,25,21.5612122801253,72.7690914454228,1.02468157863559,2.94595953857732,0.01375,0.011,0.01375,0.01375,0,0,0,0
08/03/2017,1.36849946881804e-05,0.1,24.6830478602847,39.555296001843,203.263816911658,0,8.08545460504697,32.3418184201879,2.43361874925952,0,400,25,21.5612122801252,72.7690914454227,1.02468157863559,2.94595953857732,0.01375,0.011,0.01375,0.01375,0,0,0,0
09/03/2017,2.58427827837136e-07,0.1,24.6064035555288,39.5552960018429,203.195268725153,0,8.08545460504698,32.3418184201879,2.43361874925953,0,400,25,21.5612122801253,72.7690914454229,1.02468157863559,2.94595953857733,0.01375,0.011,0.01375,0.01375,0,0,0,0
10/03/2017,0,0.1,24.5278036151292,0,203.149826395466,0,0,0,0,0,400,25,0,0,0,0,0.01375,0.011,0.01375,0.01375,0,0,0,0
11/03/2017,0,0.1,24.4472713063363,0,203.127503374491,0,0,0,0,0,400,25,0,0,0,0,0.01375,0.011,0.01375,0.01375,0,0,0,0
12/03/2017,0,0.1,24.3648304684224,0,203.128306270316,0,0,0,0,0,400,25,0,0,0,0,0.01375,0.011,0.01375,0.01375,0,0,0,0
13/03/2017,0,0.1,24.2805055056248,0,203.152234845267,0,0,0,0,0,400,25,0,0,0,0,0.01375,0.011,0.01375,0.01375,0,0,0,0
14/03/2017,0.0146405031172676,0.1,24.1943213799221,33.9163582072592,203.199282015978,0,7.70973495665007,30.8389398266003,2.4012492844794,0,400,25,20.5592932177335,69.3876146098506,1.01105233030711,2.90677544963295,0.01375,0.011,0.01375,0.01375,0,0,0,0
15/03/2017,0.0498296160225115,0.1,24.1063036036443,37.8820919566519,203.269433855488,0,8.21813332079604,32.8725332831841,2.5633956090776,0,400,25,21.9150221887894,73.9631998871643,1.07932446698004,3.10305784256763,0.01375,0.011,0.01375,0.01375,0,0,0,0
16/03/2017,0.247521732337472,0.1,24.016478231921,36.7381029738522,203.362669597364,0,7.61301771450738,30.4520708580295,2.41043944568484,0,400,25,20.3013805720197,68.5171594305665,1.0149218718673,2.9179003816185,0.01375,0.011,0.01375,0.01375,0,0,0,0
17/03/2017,1.49691235358723,0.1,23.9248718549683,38.4433247150221,203.478961641847,0,7.63900389565088,30.5560155826035,2.48475299538852,0,400,25,20.370677055069,68.7510350608579,1.04621178753201,3.00785888915452,0.01375,0.011,0.01375,0.01375,0,0,0,0
18/03/2017,0.692666658373327,0.1,23.8315115902177,35.8440477432109,203.618275564026,0,7.10907304744365,28.4362921897746,2.265468355013,0,400,25,18.9575281265164,63.9816574269929,0.953881412637052,2.74240906133152,0.01375,0.011,0.01375,0.01375,0,0,0,0
19/03/2017,0.487544409677953,0.1,23.7364250742888,34.4210322294225,203.780570124022,0,7.04357287018327,28.1742914807331,2.25056917341095,0,400,25,18.7828609871554,63.3921558316494,0.947608073015138,2.72437320991852,0.01375,0.011,0.01375,0.01375,0,0,0,0
20/03/2017,0.27359401609288,0.1,23.6396404548081,31.189396853067,203.965797279202,0,6.50081008590523,26.0032403436209,2.02326600412806,0,400,25,17.3354935624139,58.5072907731471,0.851901475422341,2.44921674183923,0.01375,0.011,0.01375,0.01375,0,0,0,0
21/03/2017,0.0293170515784969,0.1,23.5411863820767,17.656444696663,204.173902198397,0,3.92178285140699,15.6871314056279,1.08024638289887,0,400,25,10.458087603752,35.2960456626629,0.45484058227321,1.30766667403548,0.01375,0.011,0.01375,0.01375,0,0,0,0
22/03/2017,0.510236512829634,0.1,23.4410920005895,34.792565164676,204.404823278136,0,7.1415276780569,28.5661107122276,2.28697314786608,0,400,25,19.0440738081517,64.2737491025122,0.962936062259403,2.76844117899578,0.01375,0.011,0.01375,0.01375,0,0,0,0
23/03/2017,0.356829696779126,0.1,23.3393869404073,32.3411258869999,204.658492160877,0,6.68083350619272,26.7233340247709,2.09401268123428,0,400,25,17.8155560165139,60.1275015557345,0.881689549993383,2.53485745623098,0.01375,0.011,0.01375,0.01375,0,0,0,0
24/03/2017,0.189387988617617,0.1,23.2361013083863,29.2128971233813,204.93483375525,0,6.3532165549887,25.4128662199548,1.9570163692408,0,400,25,16.9419108133032,57.1789489948983,0.824006892311917,2.36901981539676,0.01375,0.011,0.01375,0.01375,0,0,0,0
25/03/2017,0.0979004021736783,0.1,23.1312656792653,19.9690536389808,205.233766258277,0,4.99014524245749,19.96058096983,1.39836902517239,0,400,25,13.3070539798866,44.9113071821174,0.588786957967322,1.69276250415605,0.01375,0.011,0.01375,0.01375,0,0,0,0
26/03/2017,0.00293629444811745,0.1,23.0249110866152,8.65091427635392,205.555201179595,0,1.57554187028019,6.30216748112075,0.342913235900765,0,400,25,4.20144498741383,14.1798768325217,0.144384520379269,0.4151054960904,0.01375,0.011,0.01375,0.01375,0,0,0,0
27/03/2017,0.00048330231713725,0.1,22.9170690136522,6.14925664719277,205.899043367646,0,0.89759147858789,3.59036591435156,0.134986215591996,0,400,25,2.39357727623437,8.07832330729101,0.0568363013018929,0.163404366242942,0.01375,0.011,0.01375,0.01375,0,0,0,0
28/03/2017,0.0373678137157088,0.1,22.8077713839186,6.00002606292419,206.265191037846,0,3.23886081178452,12.9554432471381,0.667158550514909,0,400,25,8.63696216475872,29.1497473060607,0.280908863374698,0.807612982202258,0.01375,0.011,0.01375,0.01375,0,0,0,0
29/03/2017,0.000227318528416885,0.1,22.6970505518319,6.0000260629242,206.653535802714,0,3.23886081178449,12.9554432471379,0.667158550514901,0,400,25,8.63696216475863,29.1497473060604,0.280908863374695,0.807612982202249,0.01375,0.011,0.01375,0.01375,0,0,0,0
30/03/2017,2.48507154884721e-06,0.1,22.5849392931081,6.00002606292419,207.063962703959,0,3.23886081178446,12.9554432471378,0.667158550514908,0,400,25,8.63696216475856,29.1497473060601,0.280908863374698,0.807612982202257,0.01375,0.011,0.01375,0.01375,0,0,0,0
31/03/2017,0.834835613765853,0.1,22.4714707950588,37.304137969458,207.496350246509,0,7.52339777260389,30.0935910904156,2.43593903769028,0,400,25,20.062394060277,67.710579953435,1.02565854218538,2.94876830878297,0.01375,0.011,0.01375,0.01375,0,0,0,0
01/04/2017,0.312847982505898,0.1,22.3566786467673,33.6455298900968,207.950570434476,0,6.79022420212264,27.1608968084905,2.12101363666004,0,400,25,18.1072645389937,61.1120178191037,0.893058373330545,2.56754282332532,0.01375,0.011,0.01375,0.01375,0,0,0,0
02/04/2017,0.00381988049513599,0.1,22.2405968291455,15.3152163647096,208.426488809045,0,2.85166003850224,11.406640154009,0.794182922767493,0,400,25,7.6044267693393,25.6649403465201,0.334392809586313,0.961379327560649,0.01375,0.011,0.01375,0.01375,0,0,0,0
03/04/2017,0.0290769416739248,0.1,22.1232597048746,10.5100501203884,208.923964488279,0,3.92252386106152,15.6900954442461,0.954150793449535,0,400,25,10.4600636294974,35.3027147495537,0.401747702505067,1.15502464470207,0.01375,0.011,0.01375,0.01375,0,0,0,0
04/04/2017,0.0191165542915855,0.1,22.0047020082334,28.0220091261866,209.442850208819,0,6.8722792072021,27.4891168288084,2.11305672354714,0,400,25,18.3260778858723,61.8505128648189,0.889708094125111,2.55791077060969,0.01375,0.011,0.01375,0.01375,0,0,0,0
05/04/2017,0.0247114313108577,0.1,21.8849588348159,29.5195731742131,209.982992369482,0,7.01358277301433,28.0543310920573,2.15072552720275,0,400,25,18.7028873947049,63.1222449571289,0.905568643032737,2.60350984871912,0.01375,0.011,0.01375,0.01375,0,0,0,0
06/04/2017,0.0179464130609951,0.1,21.7640656311426,16.2854221886655,210.544231076725,0,4.87016896316446,19.4806758526578,1.30151432624014,0,400,25,12.9871172351052,43.8315206684801,0.548006032101111,1.57551734229069,0.01375,0.011,0.01375,0.01375,0,0,0,0
07/04/2017,0.000124629915813951,0.1,21.642058184167,16.2854221886655,211.126400191981,0,4.87016896316455,19.4806758526582,1.30151432624014,0,400,25,12.9871172351055,43.8315206684809,0.548006032101113,1.5755173422907,0.01375,0.011,0.01375,0.01375,0,0,0,0
08/04/2017,1.51941305018236e-06,0.1,21.5189726106826,16.2854221886654,211.72932738084,0,4.87016896316454,19.4806758526582,1.30151432624016,0,400,25,12.9871172351055,43.8315206684809,0.548006032101118,1.57551734229071,0.01375,0.011,0.01375,0.01375,0,0,0,0
09/04/2017,4.3128867610266e-08,0.1,21.3948453466311,0,212.352834164057,0,0,0,0,0,400,25,0,0,0,0,0.01375,0.011,0.01375,0.01375,0,0,0,0
10/04/2017,0.0792687371271909,0.1,21.2697131363166,24.8719471011958,212.996735970394,0,6.17070080462784,24.6828032185114,1.81071359847925,0,400,25,16.4552021456742,55.5363072416506,0.762405725675475,2.19191646131699,0.01375,0.011,0.01375,0.01375,0,0,0,0
11/04/2017,0.0194032344916752,0.1,21.1436130215288,26.4472622519399,213.660842191253,0,6.48180762986289,25.9272305194516,1.92254175511688,0,400,25,17.284820346301,58.336268668766,0.809491265312371,2.32728738777307,0.01375,0.011,0.01375,0.01375,0,0,0,0
12/04/2017,0.000132350006159208,0.1,21.0165823305776,26.4472622519399,214.3449562371,0,6.48180762986302,25.9272305194521,1.92254175511691,0,400,25,17.2848203463014,58.3362686687672,0.809491265312384,2.32728738777311,0.01375,0.011,0.01375,0.01375,0,0,0,0
13/04/2017,1.59605090860163e-06,0.1,20.8886586672431,26.4472622519399,215.04887559566,0,6.48180762986302,25.9272305194521,1.92254175511691,0,400,25,17.2848203463014,58.3362686687672,0.809491265312384,2.3272873877731,0.01375,0.011,0.01375,0.01375,0,0,0,0
14/04/2017,4.48927543395118e-08,0.1,20.7598798996444,0,215.772391891864,0,0,0,0,0,400,25,0,0,0,0,0.01375,0.011,0.01375,0.01375,0,0,0,0
15/04/2017,0,0.1,20.6302841490292,0,216.515290949537,0,0,0,0,0,400,25,0,0,0,0,0.01375,0.011,0.01375,0.01375,0,0,0,0
16/04/2017,0,0.1,20.49990977849,0,217.277352854791,0,0,0,0,0,400,25,0,0,0,0,0.01375,0.011,0.01375,0.01375,0,0,0,0
17/04/2017,0,0.1,20.3687953816071,0,218.058352021133,0,0,0,0,0,400,25,0,0,0,0,0.01375,0.011,0.01375,0.01375,0,0,0,0
18/04/2017,0,0.1,20.2369797710241,0,218.858057256235,0,0,0,0,0,400,25,0,0,0,0,0.01375,0.011,0.01375,0.01375,0,0,0,0
19/04/2017,0,0.1,20.104501966959,0,219.676231830379,0,0,0,0,0,400,25,0,0,0,0,0.01375,0.011,0.01375,0.01375,0,0,0,0
20/04/2017,0,0.1,19.9714011856532,0,220.512633546526,0,0,0,0,0,400,25,0,0,0,0,0.01375,0.011,0.01375,0.01375,0,0,0,0
21/04/2017,0,0.1,19.8377168277622,0,221.367014812022,0,0,0,0,0,400,25,0,0,0,0,0.01375,0.011,0.01375,0.01375,0,0,0,0
22/04/2017,0,0.1,19.703488466693,0,222.239122711881,0,0,0,0,0,400,25,0,0,0,0,0.01375,0.011,0.01375,0.01375,0,0,0,0
23/04/2017,0,0.1,19.5687558368887,0,223.128699083657,0,0,0,0,0,400,25,0,0,0,0,0.01375,0.011,0.01375,0.01375,0,0,0,0
24/04/2017,0.00935267716263876,0.1,19.4335588220669,29.1047375900822,224.035480593869,0,7.04615039168855,28.1846015667542,2.1777769613358,0,400,25,18.7897343778361,63.4153535251969,0.916958720562444,2.63625632161703,0.01375,0.011,0.01375,0.01375,0,0,0,0
25/04/2017,0.00742204520294585,0.1,19.2979374434129,28.639873280588,224.959198815945,0,6.811842551613,27.247370206452,2.05882663148933,0,400,25,18.164913470968,61.306582964517,0.866874371153403,2.49226381706603,0.01375,0.011,0.01375,0.01375,0,0,0,0
26/04/2017,6.06096134163774e-05,0.1,19.1619318477328,28.6398732805881,225.899580309692,0,6.81184255161291,27.2473702064517,2.05882663148935,0,400,25,18.1649134709678,61.3065829645162,0.866874371153411,2.49226381706606,0.01375,0.011,0.01375,0.01375,0,0,0,0
27/04/2017,8.41900424847376e-07,0.1,19.025582295569,28.639873280588,226.856346702231,0,6.81184255161295,27.2473702064518,2.05882663148935,0,400,25,18.1649134709679,61.3065829645166,0.866874371153411,2.49226381706606,0.01375,0.011,0.01375,0.01375,0,0,0,0
28/04/2017,7.68084282741968e-05,0.1,18.8889291492823,31.2725947742845,227.829214770406,0,7.04279841600109,28.1711936640044,2.10551725206236,0,400,25,18.7807957760029,63.3851857440098,0.886533579815731,2.54878404197023,0.01375,0.011,0.01375,0.01375,0,0,0,0
29/04/2017,1.45194134454258e-06,0.1,18.7520128611039,31.2725947742842,228.817896524626,0,7.04279841600109,28.1711936640044,2.10551725206235,0,400,25,18.7807957760029,63.3851857440098,0.886533579815727,2.54878404197022,0.01375,0.011,0.01375,0.01375,0,0,0,0
30/04/2017,4.15622558993756e-08,0.1,18.6148739611606,0,229.82209929411,0,0,0,0,0,400,25,0,0,0,0,0.01375,0.011,0.01375,0.01375,0,0,0,0
01/05/2017,0,0.1,18.4775530454767,0,230.84152581353,0,0,0,0,0,400,25,0,0,0,0,0.01375,0.011,0.01375,0.01375,0,0,0,0
02/05/2017,0,0.1,18.3400907639575,0,231.875874311002,0,0,0,0,0,400,25,0,0,0,0,0.01375,0.011,0.01375,0.01375,0,0,0,0
03/05/2017,0,0.1,18.2025278083553,0,232.924838597422,0,0,0,0,0,400,25,0,0,0,0,0.01375,0.011,0.01375,0.01375,0,0,0,0
04/05/2017,0,0.1,18.0649049002241,0,233.988108157101,0,0,0,0,0,400,25,0,0,0,0,0.01375,0.011,0.01375,0.01375,0,0,0,0
05/05/2017,0,0.1,17.927262778865,0,235.065368239687,0,0,0,0,0,400,25,0,0,0,0,0.01375,0.011,0.01375,0.01375,0,0,0,0
06/05/2017,0,0.1,17.789642189267,0,236.156299953336,0,0,0,0,0,400,25,0,0,0,0,0.01375,0.011,0.01375,0.01375,0,0,0,0
07/05/2017,0,0.1,17.6520838700448,0,237.260580359109,0,0,0,0,0,400,25,0,0,0,0,0.01375,0.011,0.01375,0.01375,0,0,0,0
08/05/2017,0.00537032102635647,0.1,17.5146285413801,6,238.377882566574,0,3.50735481568381,14.0294192627352,0.703038197728574,0,400,25,9.35294617515683,31.5661933411543,0.296016083254137,0.851046239355643,0.01375,0.011,0.01375,0.01375,0,0,0,0
09/05/2017,4.66717300592333e-05,0.1,17.3773168929669,6.00000000000003,239.507875830567,0,3.50735481568382,14.0294192627353,0.703038197728577,0,400,25,9.35294617515684,31.5661933411543,0.296016083254138,0.851046239355646,0.01375,0.011,0.01375,0.01375,0,0,0,0
10/05/2017,6.79635498721574e-07,0.1,17.2401895719671,6.00000000000003,240.650225649104,0,3.5073548156838,14.0294192627352,0.703038197728579,0,400,25,9.35294617515681,31.5661933411542,0.296016083254139,0.851046239355649,0.01375,0.011,0.01375,0.01375,0,0,0,0
11/05/2017,2.23952675987473e-08,0.1,17.1032871709775,0,241.804593862396,0,0,0,0,0,400,25,0,0,0,0,0.01375,0.011,0.01375,0.01375,0,0,0,0
12/05/2017,0.0147481332741837,0.1,16.966650216014,6,242.970638752956,0,3.53441827487855,14.1376730995142,0.734001123086857,0,400,25,9.42511539967613,31.809764473907,0.309053104457624,0.888527675315669,0.01375,0.011,0.01375,0.01375,0,0,0,0
13/05/2017,0.000106456630309052,0.1,16.8303191545148,6,244.148015146753,0,3.53441827487859,14.1376730995144,0.734001123086848,0,400,25,9.42511539967624,31.8097644739073,0.30905310445762,0.888527675315658,0.01375,0.011,0.01375,0.01375,0,0,0,0
14/05/2017,1.33545023899136e-06,0.1,16.6943343433671,6.00000000000001,245.33637451539,0,3.53441827487858,14.1376730995143,0.734001123086852,0,400,25,9.42511539967622,31.8097644739073,0.309053104457622,0.888527675315663,0.01375,0.011,0.01375,0.01375,0,0,0,0
15/05/2017,3.88251055369818e-08,0.1,16.5587360369606,0,246.535365079275,0,0,0,0,0,400,25,0,0,0,0,0.01375,0.011,0.01375,0.01375,0,0,0,0
16/05/2017,0.000244743736846665,0.1,16.4235643752715,33.4276713570086,247.744631911759,0,7.31441235592546,29.2576494237018,2.19096457563848,0,400,25,19.5050996158012,65.8297112033291,0.922511400268835,2.6522202757729,0.01375,0.011,0.01375,0.01375,0,0,0,0
17/05/2017,3.74514543443182e-06,0.1,16.2888593719801,33.4276713570087,248.963817044198,0,7.31441235592547,29.2576494237019,2.19096457563847,0,400,25,19.5050996158012,65.8297112033292,0.922511400268829,2.65222027577288,0.01375,0.011,0.01375,0.01375,0,0,0,0
18/05/2017,8.99318212559704e-08,0.1,16.1546609026259,0,250.192559571921,0,0,0,0,0,400,25,0,0,0,0,0.01375,0.011,0.01375,0.01375,0,0,0,0
19/05/2017,0,0.1,16.0210086928035,0,251.430495761065,0,0,0,0,0,400,25,0,0,0,0,0.01375,0.011,0.01375,0.01375,0,0,0,0
20/05/2017,0.0655289687044684,0.1,15.8879423064033,31.7755144652628,252.677259156249,0,7.1607128400493,28.6428513601972,2.20046808469607,0,400,25,19.0952342401315,64.4464155604437,0.926512877766768,2.66372452357946,0.01375,0.011,0.01375,0.01375,0,0,0,0
21/05/2017,0.022490200492262,0.1,15.7555011338993,31.4135107676272,253.932480689051,0,7.10153831541601,28.406153261664,2.14543640790503,0,400,25,18.937435507776,63.9138448387441,0.903341645433696,2.59710723062187,0.01375,0.011,0.01375,0.01375,0,0,0,0
22/05/2017,0.000149537520403664,0.1,15.623724380689,31.4135107676272,255.19578878726,0,7.10153831541608,28.4061532616643,2.14543640790507,0,400,25,18.9374355077762,63.9138448387447,0.903341645433714,2.59710723062193,0.01375,0.011,0.01375,0.01375,0,0,0,0
23/05/2017,1.76384040896306e-06,0.1,15.4926510554879,31.4135107676272,256.466809484872,0,7.10153831541612,28.4061532616645,2.14543640790505,0,400,25,18.9374355077763,63.9138448387451,0.903341645433707,2.59710723062191,0.01375,0.011,0.01375,0.01375,0,0,0,0
24/05/2017,0.00151834177158166,0.1,15.3623199587815,26.8704953419564,257.745166532788,0,6.73608346815972,26.9443338726389,2.07290197577541,0,400,25,17.9628892484259,60.6247512134375,0.872800831905436,2.50930239172813,0.01375,0.011,0.01375,0.01375,0,0,0,0
25/05/2017,0.00142349313359842,0.1,15.2327696713403,37.7356901739447,259.030481510195,0,7.86036077422042,31.4414430968817,2.36348474681116,0,400,25,20.9609620645878,70.7432469679838,0.995151472341541,2.86106048298193,0.01375,0.011,0.01375,0.01375,0,0,0,0
26/05/2017,1.57304177890785e-05,0.1,15.1040385427983,37.7356901739441,260.322373936585,0,7.86036077422037,31.4414430968815,2.36348474681117,0,400,25,20.9609620645876,70.7432469679833,0.995151472341546,2.86106048298194,0.01375,0.011,0.01375,0.01375,0,0,0,0
27/05/2017,2.89479542120665e-07,0.1,14.9761646803015,37.735690173944,261.620461384384,0,7.86036077422036,31.4414430968814,2.36348474681116,0,400,25,20.9609620645876,70.7432469679833,0.995151472341542,2.86106048298193,0.01375,0.011,0.01375,0.01375,0,0,0,0
28/05/2017,0,0.1,14.8491859372266,0,262.924359592162,0,0,0,0,0,400,25,0,0,0,0,0.01375,0.011,0.01375,0.01375,0,0,0,0
29/05/2017,0,0.1,14.7231399019762,0,264.23368257838,0,0,0,0,0,400,25,0,0,0,0,0.01375,0.011,0.01375,0.01375,0,0,0,0
30/05/2017,0,0.1,14.5980638868514,0,265.54804275565,0,0,0,0,0,400,25,0,0,0,0,0.01375,0.011,0.01375,0.01375,0,0,0,0
31/05/2017,0,0.1,14.4739949170069,0,266.867051045467,0,0,0,0,0,400,25,0,0,0,0,0.01375,0.011,0.01375,0.01375,0,0,0,0
01/06/2017,0,0.1,14.3509697194906,0,268.190316993389,0,0,0,0,0,400,25,0,0,0,0,0.01375,0.011,0.01375,0.01375,0,0,0,0
02/06/2017,0,0.1,14.2290247123716,0,269.517448884614,0,0,0,0,0,400,25,0,0,0,0,0.01375,0.011,0.01375,0.01375,0,0,0,0
03/06/2017,0,0.1,14.1081959939597,0,270.848053859939,0,0,0,0,0,400,25,0,0,0,0,0.01375,0.011,0.01375,0.01375,0,0,0,0
04/06/2017,0,0.1,13.9885193321197,0,272.181738032057,0,0,0,0,0,400,25,0,0,0,0,0.01375,0.011,0.01375,0.01375,0,0,0,0
05/06/2017,0,0.1,13.870030153683,0,273.51810660215,0,0,0,0,0,400,25,0,0,0,0,0.01375,0.011,0.01375,0.01375,0,0,0,0
06/06/2017,0,0.1,13.7527635339609,0,274.856763976763,0,0,0,0,0,400,25,0,0,0,0,0.01375,0.011,0.01375,0.01375,0,0,0,0
07/06/2017,0.0551545669895684,0.1,13.6367541863612,33.3816528309611,276.197313884907,0,7.43051886343277,29.7220754537311,2.30072119282497,0,400,25,19.814716969154,66.8746697708949,0.968724712768409,2.78508354920918,0.01375,0.011,0.01375,0.01375,0,0,0,0
08/06/2017,0.0888485667823298,0.1,13.5220364521127,34.5135759477634,277.539359495362,0,7.45373263929644,29.8149305571858,2.30766538914072,0,400,25,19.8766203714572,67.083593753668,0.971648584901358,2.7934896815914,0.01375,0.011,0.01375,0.01375,0,0,0,0
09/06/2017,0.0139493710247925,0.1,13.408644290099,35.2754512574722,278.882503534148,0,7.70255928755302,30.8102371502121,2.35543497911742,0,400,25,20.5401581001414,69.3230335879772,0.991762096470492,2.85131602735267,0.01375,0.011,0.01375,0.01375,0,0,0,0
10/06/2017,0.424714066649377,0.1,13.2966112668063,37.6252489995919,280.226348402127,0,7.56810689220075,30.272427568803,2.44392583331339,0,400,25,20.181618379202,68.1129620298068,1.02902140350038,2.95843653506358,0.01375,0.011,0.01375,0.01375,0,0,0,0
11/06/2017,0.248219605077537,0.1,13.1859705463869,34.9307774800656,281.570496292702,0,6.84894173192683,27.3957669277073,2.14536951724933,0,400,25,18.2638446184715,61.6404755873414,0.903313480947087,2.59702625772287,0.01375,0.011,0.01375,0.01375,0,0,0,0
12/06/2017,0.0168075339585497,0.1,13.076754880842,18.654473729318,282.914549309573,0,4.21013658514768,16.8405463405907,1.14887106609548,0,400,25,11.2270308937272,37.8912292663291,0.483735185724412,1.39073865895769,0.01375,0.011,0.01375,0.01375,0,0,0,0
13/06/2017,0.0034332194041858,0.1,12.9689966003261,6.43007930256277,284.258109584525,0,0.971098856806175,3.8843954272247,0.15746050487759,0,400,25,2.58959695148313,8.73988971125558,0.0662991599484591,0.19061008485182,0.01375,0.011,0.01375,0.01375,0,0,0,0
14/06/2017,0.00564527793878467,0.1,12.8627276035769,6.00246176732962,285.600779395208,0,2.20940316900672,8.83761267602689,0.400461010320616,0,400,25,5.89174178401793,19.8846285210605,0.16861516224026,0.484768591440746,0.01375,0.011,0.01375,0.01375,0,0,0,0
15/06/2017,0.00433651901347527,0.1,12.7579793484726,6.00002771015671,286.942161282863,0,2.28726517725291,9.14906070901163,0.407728841729342,0,400,25,6.09937380600776,20.5853865952762,0.171675301780776,0.49356649261973,0.01375,0.011,0.01375,0.01375,0,0,0,0
16/06/2017,0.0213665367816103,0.1,12.6547828427194,6.0000000511101,288.281858169988,0,3.23949928803843,12.9579971521537,0.66843686603443,0,400,25,8.63866476810247,29.1554935923458,0.281447101488181,0.80916041677852,0.01375,0.011,0.01375,0.01375,0,0,0,0
17/06/2017,0.0111045157241444,0.1,12.5531686346731,6.00000000066571,289.619473477875,0,3.20792479065389,12.8316991626156,0.65251978435172,0,400,25,8.55446610841037,28.871323115885,0.274745172358619,0.789892370531029,0.01375,0.011,0.01375,0.01375,0,0,0,0
18/06/2017,8.41366465340621e-05,0.1,12.4531668042954,6.00000000066581,290.954611244008,0,3.20792479065388,12.8316991626155,0.652519784351717,0,400,25,8.55446610841035,28.871323115885,0.274745172358618,0.789892370531025,0.01375,0.011,0.01375,0.01375,0,0,0,0
19/06/2017,1.1013905479808e-06,0.1,12.3548069542502,6.00000000066577,292.286876239276,0,3.20792479065391,12.8316991626157,0.652519784351712,0,400,25,8.55446610841044,28.8713231158852,0.274745172358616,0.78989237053102,0.01375,0.011,0.01375,0.01375,0,0,0,0
20/06/2017,3.31851577352895e-08,0.1,12.2581182011404,0,293.61587408497,0,0,0,0,0,400,25,0,0,0,0,0.01375,0.011,0.01375,0.01375,0,0,0,0
21/06/2017,0,0.1,12.1631291668888,0,294.941211369524,0,0,0,0,0,400,25,0,0,0,0,0.01375,0.011,0.01375,0.01375,0,0,0,0
22/06/2017,0,0.1,12.0698679702651,0,296.262495764978,0,0,0,0,0,400,25,0,0,0,0,0.01375,0.011,0.01375,0.01375,0,0,0,0
23/06/2017,0.00285578597006181,0.1,11.9783622185626,6,297.579336143113,0,3.4784994124725,13.91399764989,0.67002513426961,0,400,25,9.27599843325999,31.3064947122525,0.282115846008257,0.811083057273738,0.01375,0.011,0.01375,0.01375,0,0,0,0
24/06/2017,2.78690362320932e-05,0.1,11.8886389994256,6.00000000000004,298.891342691233,0,3.47849941247254,13.9139976498902,0.670025134269612,0,400,25,9.27599843326012,31.3064947122529,0.282115846008258,0.811083057273741,0.01375,0.011,0.01375,0.01375,0,0,0,0
25/06/2017,4.45386543890462e-07,0.1,11.8007248728309,6.00000000000006,300.198127027558,0,3.47849941247251,13.91399764989,0.67002513426961,0,400,25,9.27599843326003,31.3064947122526,0.282115846008257,0.811083057273739,0.01375,0.011,0.01375,0.01375,0,0,0,0
26/06/2017,1.58727013102671e-08,0.1,11.7146458632257,0,301.499302316194,0,0,0,0,0,400,25,0,0,0,0,0.01375,0.011,0.01375,0.01375,0,0,0,0
27/06/2017,0.0123883095021564,0.1,11.6304274518233,6,302.794483381644,0,3.53324866624724,14.132994664989,0.732662990201142,0,400,25,9.42199644332597,31.7992379962251,0.308489680084691,0.886907830243487,0.01375,0.011,0.01375,0.01375,0,0,0,0
28/06/2017,0.0140192819650986,0.1,11.5480945690608,6,304.083286822828,0,3.53510272703515,14.1404109081406,0.734784195231607,0,400,25,9.42694060542706,31.8159245433163,0.309382819044887,0.88947560475405,0.01375,0.011,0.01375,0.01375,0,0,0,0
29/06/2017,0.00405453881020933,0.1,11.4676715872185,7.93651329750147,305.365331126578,0,3.8175783675439,15.2703134701756,0.860539753415078,0,400,25,10.1802089801171,34.3582053078951,0.362332527753717,1.04170601729194,0.01375,0.011,0.01375,0.01375,0,0,0,0
30/06/2017,3.68367448883759e-05,0.1,11.3891823132057,7.93651329750147,306.640236780576,0,3.81757836754388,15.2703134701755,0.860539753415068,0,400,25,10.180208980117,34.358205307895,0.362332527753713,1.04170601729193,0.01375,0.011,0.01375,0.01375,0,0,0,0
01/07/2017,0.00423778651334285,0.1,11.3126499815131,6.00026214144964,307.907626385693,0,3.50616455722644,14.0246582289058,0.70164971524589,0,400,25,9.34977215260384,31.555481015038,0.295431459050901,0.849365444771341,0.01375,0.011,0.01375,0.01375,0,0,0,0
02/07/2017,3.84646089690212e-05,0.1,11.238097247335,6.00026214144973,309.167124767712,0,3.5061645572264,14.0246582289056,0.701649715245899,0,400,25,9.34977215260374,31.5554810150376,0.295431459050905,0.849365444771351,0.01375,0.011,0.01375,0.01375,0,0,0,0
03/07/2017,0.00791795621493155,0.1,11.1655461798626,6.00000001969292,310.418359088383,0,3.5263521489204,14.1054085956816,0.724772779122808,0,400,25,9.4036057304544,31.7371693402836,0.305167485946446,0.877356522096031,0.01375,0.011,0.01375,0.01375,0,0,0,0
04/07/2017,6.40747861844739e-05,0.1,11.0950182557516,6.0000000196929,311.660958955797,0,3.52635214892041,14.1054085956817,0.724772779122814,0,400,25,9.40360573045444,31.7371693402837,0.305167485946448,0.877356522096038,0.01375,0.011,0.01375,0.01375,0,0,0,0
05/07/2017,8.81133077655653e-07,0.1,11.026534352764,6.00000001969283,312.894556534024,0,3.52635214892043,14.1054085956817,0.724772779122812,0,400,25,9.40360573045448,31.7371693402839,0.305167485946447,0.877356522096035,0.01375,0.011,0.01375,0.01375,0,0,0,0
06/07/2017,2.76701719929114e-08,0.1,10.9601147435886,0,314.118786652004,0,0,0,0,0,400,25,0,0,0,0,0.01375,0.011,0.01375,0.01375,0,0,0,0
07/07/2017,0,0.1,10.8957790898389,0,315.333286911643,0,0,0,0,0,400,25,0,0,0,0,0.01375,0.011,0.01375,0.01375,0,0,0,0
08/07/2017,0,0.1,10.8335464362339,0,316.53769779509,0,0,0,0,0,400,25,0,0,0,0,0.01375,0.011,0.01375,0.01375,0,0,0,0
09/07/2017,0,0.1,10.7734352049594,0,317.731662771168,0,0,0,0,0,400,25,0,0,0,0,0.01375,0.011,0.01375,0.01375,0,0,0,0
10/07/2017,0,0.1,10.7154631902157,0,318.914828400906,0,0,0,0,0,400,25,0,0,0,0,0.01375,0.011,0.01375,0.01375,0,0,0,0
11/07/2017,0,0.1,10.6596475529492,0,320.086844442171,0,0,0,0,0,400,25,0,0,0,0,0.01375,0.011,0.01375,0.01375,0,0,0,0
12/07/2017,0,0.1,10.6060048157731,0,321.247363953343,0,0,0,0,0,400,25,0,0,0,0,0.01375,0.011,0.01375,0.01375,0,0,0,0
13/07/2017,0,0.1,10.5545508580758,0,322.396043396021,0,0,0,0,0,400,25,0,0,0,0,0.01375,0.011,0.01375,0.01375,0,0,0,0
14/07/2017,0,0.1,10.5053009113207,0,323.532542736714,0,0,0,0,0,400,25,0,0,0,0,0.01375,0.011,0.01375,0.01375,0,0,0,0
15/07/2017,0.00110653560774951,0.1,10.4582695545372,6,324.656525547499,0,3.42857142857143,13.7142857142857,0.612903225806452,0,400,25,9.14285714285714,30.8571428571429,0.258064516129032,0.741935483870968,0.01375,0.011,0.01375,0.01375,0,0,0,0
16/07/2017,1.28484218286055e-05,0.1,10.4134707100049,6,325.767659105614,0,3.42857142857142,13.7142857142857,0.612903225806451,0,400,25,9.14285714285713,30.8571428571428,0.258064516129032,0.741935483870966,0.01375,0.011,0.01375,0.01375,0,0,0,0
17/07/2017,2.45484431358793e-07,0.1,10.3709176391324,5.99999999999999,326.865614491947,0,3.42857142857141,13.7142857142856,0.612903225806449,0,400,25,9.1428571428571,30.8571428571427,0.258064516129031,0.741935483870964,0.01375,0.011,0.01375,0.01375,0,0,0,0
18/07/2017,4.01556360179816e-23,0.1,10.3306229385318,0,327.950066688404,0,0,0,0,0,400,25,0,0,0,0,0.01375,0.011,0.01375,0.01375,0,0,0,0
19/07/2017,0,0.1,10.2925985362894,0,329.020694674121,0,0,0,0,0,400,25,0,0,0,0,0.01375,0.011,0.01375,0.01375,0,0,0,0
20/07/2017,0,0.1,10.2568556884352,0,330.077181520497,0,0,0,0,0,400,25,0,0,0,0,0.01375,0.011,0.01375,0.01375,0,0,0,0
21/07/2017,0,0.1,10.2234049756106,0,331.119214485005,0,0,0,0,0,400,25,0,0,0,0,0.01375,0.011,0.01375,0.01375,0,0,0,0
22/07/2017,0,0.1,10.1922562999366,0,332.146485103776,0,0,0,0,0,400,25,0,0,0,0,0.01375,0.011,0.01375,0.01375,0,0,0,0
23/07/2017,0,0.1,10.1634188820821,0,333.158689282906,0,0,0,0,0,400,25,0,0,0,0,0.01375,0.011,0.01375,0.01375,0,0,0,0
24/07/2017,0,0.1,10.1369012585347,0,334.155527388481,0,0,0,0,0,400,25,0,0,0,0,0.01375,0.011,0.01375,0.01375,0,0,0,0
25/07/2017,0,0.1,10.1127112790737,0,335.136704335266,0,0,0,0,0,400,25,0,0,0,0,0.01375,0.011,0.01375,0.01375,0,0,0,0
26/07/2017,0,0.1,10.0908561044464,0,336.101929674065,0,0,0,0,0,400,25,0,0,0,0,0.01375,0.011,0.01375,0.01375,0,0,0,0
27/07/2017,0,0.1,10.0713422042482,0,337.050917677694,0,0,0,0,0,400,25,0,0,0,0,0.01375,0.011,0.01375,0.01375,0,0,0,0
28/07/2017,0,0.1,10.0541753550077,0,337.983387425568,0,0,0,0,0,400,25,0,0,0,0,0.01375,0.011,0.01375,0.01375,0,0,0,0
29/07/2017,0,0.1,10.0393606384765,0,338.899062886852,0,0,0,0,0,400,25,0,0,0,0,0.01375,0.011,0.01375,0.01375,0,0,0,0
30/07/2017,0,0.1,10.0269024401251,0,339.797673002179,0,0,0,0,0,400,25,0,0,0,0,0.01375,0.011,0.01375,0.01375,0,0,0,0
31/07/2017,0,0.1,10.0168044478446,0,340.678951763886,0,0,0,0,0,400,25,0,0,0,0,0.01375,0.011,0.01375,0.01375,0,0,0,0
01/08/2017,0.0200639599144843,0.1,10.0090696508551,35.1280393078459,341.542638294759,0,7.87770464793586,31.5108185917434,2.45801876476957,0,400,25,21.0072123944956,70.8993418314227,1.03495526937666,2.97549639945791,0.01375,0.011,0.01375,0.01375,0,0,0,0
02/08/2017,0.00808389825502541,0.1,10.0037003388204,35.0341383903619,342.388476925256,0,7.64160407978313,30.5664163191325,2.3260059647883,0,400,25,20.3776108794217,68.7744367180482,0.979370932542442,2.81569143105952,0.01375,0.011,0.01375,0.01375,0,0,0,0
03/08/2017,6.48561788687043e-05,0.1,10.000698101171,35.0341383903623,343.216217269194,0,7.64160407978325,30.566416319133,2.32600596478832,0,400,25,20.377610879422,68.7744367180493,0.979370932542451,2.81569143105955,0.01375,0.011,0.01375,0.01375,0,0,0,0
04/08/2017,0.0151135978287558,0.1,10.0000638266329,34.8774241147981,344.025614297865,0,7.84211392289814,31.3684556915926,2.44579125539528,0,400,25,20.912303794395,70.5790253060833,1.02980684437696,2.96069467758376,0.01375,0.011,0.01375,0.01375,0,0,0,0
05/08/2017,0.00422965000710185,0.1,10.0017977029648,39.4157489500451,344.816428412574,0,8.07810196981312,32.3124078792525,2.43352783071579,0,400,25,21.541605252835,72.7029177283181,1.02464329714349,2.94584947928754,0.01375,0.011,0.01375,0.01375,0,0,0,0
06/08/2017,3.81248063932482e-05,0.1,10.0058992169025,39.415748950045,345.588425515561,0,8.07810196981317,32.3124078792527,2.43352783071581,0,400,25,21.5416052528351,72.7029177283185,1.0246432971435,2.94584947928756,0.01375,0.011,0.01375,0.01375,0,0,0,0
07/08/2017,5.75818706833715e-07,0.1,10.0123671543109,39.4157489500451,346.341377079302,0,8.07810196981313,32.3124078792525,2.43352783071581,0,400,25,21.541605252835,72.7029177283182,1.0246432971435,2.94584947928756,0.01375,0.011,0.01375,0.01375,0,0,0,0
08/08/2017,1.95665856309195e-08,0.1,10.0211996005432,0,347.075060214155,0,0,0,0,0,400,25,0,0,0,0,0.01375,0.011,0.01375,0.01375,0,0,0,0
09/08/2017,0,0.1,10.032393941008,0,347.789257734344,0,0,0,0,0,400,25,0,0,0,0,0.01375,0.011,0.01375,0.01375,0,0,0,0
10/08/2017,0,0.1,10.0459468619428,0,348.483758222246,0,0,0,0,0,400,25,0,0,0,0,0.01375,0.011,0.01375,0.01375,0,0,0,0
11/08/2017,0,0.1,10.0618543513956,0,349.15835609098,0,0,0,0,0,400,25,0,0,0,0,0.01375,0.011,0.01375,0.01375,0,0,0,0
12/08/2017,0,0.1,10.0801117004118,0,349.812851645262,0,0,0,0,0,400,25,0,0,0,0,0.01375,0.011,0.01375,0.01375,0,0,0,0
13/08/2017,0,0.1,10.1007135044287,0,350.447051140518,0,0,0,0,0,400,25,0,0,0,0,0.01375,0.011,0.01375,0.01375,0,0,0,0
14/08/2017,0,0.1,10.1236536648752,0,351.06076684024,0,0,0,0,0,400,25,0,0,0,0,0.01375,0.011,0.01375,0.01375,0,0,0,0
15/08/2017,0,0.1,10.1489253909769,0,351.653817071558,0,0,0,0,0,400,25,0,0,0,0,0.01375,0.011,0.01375,0.01375,0,0,0,0
16/08/2017,0,0.1,10.1765212017667,0,352.226026279017,0,0,0,0,0,400,25,0,0,0,0,0.01375,0.011,0.01375,0.01375,0,0,0,0
17/08/2017,0,0.1,10.206432928299,0,352.777225076551,0,0,0,0,0,400,25,0,0,0,0,0.01375,0.011,0.01375,0.01375,0,0,0,0
18/08/2017,0,0.1,10.2386517160679,0,353.307250297619,0,0,0,0,0,400,25,0,0,0,0,0.01375,0.011,0.01375,0.01375,0,0,0,0
19/08/2017,0,0.1,10.2731680276286,0,353.815945043506,0,0,0,0,0,400,25,0,0,0,0,0.01375,0.011,0.01375,0.01375,0,0,0,0
20/08/2017,0,0.1,10.3099716454204,0,354.303158729775,0,0,0,0,0,400,25,0,0,0,0,0.01375,0.011,0.01375,0.01375,0,0,0,0
21/08/2017,0,0.1,10.3490516747915,0,354.768747130835,0,0,0,0,0,400,25,0,0,0,0,0.01375,0.011,0.01375,0.01375,0,0,0,0
22/08/2017,0,0.1,10.3903965472238,0,355.212572422639,0,0,0,0,0,400,25,0,0,0,0,0.01375,0.011,0.01375,0.01375,0,0,0,0
23/08/2017,0,0.1,10.4339940237578,0,355.634503223483,0,0,0,0,0,400,25,0,0,0,0,0.01375,0.011,0.01375,0.01375,0,0,0,0
24/08/2017,0,0.1,10.4798311986152,0,356.034414632895,0,0,0,0,0,400,25,0,0,0,0,0.01375,0.011,0.01375,0.01375,0,0,0,0
25/08/2017,0,0.1,10.5278945030197,0,356.412188268613,0,0,0,0,0,400,25,0,0,0,0,0.01375,0.011,0.01375,0.01375,0,0,0,0
26/08/2017,0,0.1,10.5781697092131,0,356.767712301624,0,0,0,0,0,400,25,0,0,0,0,0.01375,0.011,0.01375,0.01375,0,0,0,0
27/08/2017,0,0.1,10.6306419346675,0,357.10088148927,0,0,0,0,0,400,25,0,0,0,0,0.01375,0.011,0.01375,0.01375,0,0,0,0
28/08/2017,0,0.1,10.6852956464909,0,357.4115972064,0,0,0,0,0,400,25,0,0,0,0,0.01375,0.011,0.01375,0.01375,0,0,0,0
29/08/2017,0.000350298297592216,0.1,10.7421146660246,38.1079713199986,357.69976747457,0,7.90436613277293,31.6174645310917,2.3765779897305,0,400,25,21.0783096873945,71.1392951949564,1.00066441672863,2.87691019809481,0.01375,0.011,0.01375,0.01375,0,0,0,0
30/08/2017,5.02039015143192e-06,0.1,10.8010821736331,38.1079713199986,357.965306989265,0,7.90436613277297,31.6174645310919,2.37657798973051,0,400,25,21.0783096873946,71.1392951949567,1.00066441672863,2.87691019809482,0.01375,0.011,0.01375,0.01375,0,0,0,0
31/08/2017,1.14178362596047e-07,0.1,10.862180713683,0,358.208137145153,0,0,0,0,0,400,25,0,0,0,0,0.01375,0.011,0.01375,0.01375,0,0,0,0
01/09/2017,0,0.1,10.9253921997097,0,358.428186059355,0,0,0,0,0,400,25,0,0,0,0,0.01375,0.011,0.01375,0.01375,0,0,0,0
02/09/2017,0,0.1,10.9906979197721,0,358.625388592724,0,0,0,0,0,400,25,0,0,0,0,0.01375,0.011,0.01375,0.01375,0,0,0,0
03/09/2017,0,0.1,11.0580785419912,0,358.799686369124,0,0,0,0,0,400,25,0,0,0,0,0.01375,0.011,0.01375,0.01375,0,0,0,0
04/09/2017,0,0.1,11.1275141202729,0,358.951027792715,0,0,0,0,0,400,25,0,0,0,0,0.01375,0.011,0.01375,0.01375,0,0,0,0
05/09/2017,0,0.1,11.1989841002127,0,359.079368063225,0,0,0,0,0,400,25,0,0,0,0,0.01375,0.011,0.01375,0.01375,0,0,0,0
06/09/2017,0,0.1,11.2724673251798,0,359.184669189209,0,0,0,0,0,400,25,0,0,0,0,0.01375,0.011,0.01375,0.01375,0,0,0,0
07/09/2017,0,0.1,11.3479420425803,0,359.2668999993,0,0,0,0,0,400,25,0,0,0,0,0.01375,0.011,0.01375,0.01375,0,0,0,0
08/09/2017,0,0.1,11.4253859102962,0,359.326036151433,0,0,0,0,0,400,25,0,0,0,0,0.01375,0.011,0.01375,0.01375,0,0,0,0
09/09/2017,0,0.1,11.5047760032994,0,359.362060140052,0,0,0,0,0,400,25,0,0,0,0,0.01375,0.011,0.01375,0.01375,0,0,0,0
10/09/2017,0,0.1,11.5860888204375,0,359.374961301293,0,0,0,0,0,400,25,0,0,0,0,0.01375,0.011,0.01375,0.01375,0,0,0,0
11/09/2017,0,0.1,11.6693002913912,0,359.364735816136,0,0,0,0,0,400,25,0,0,0,0,0.01375,0.011,0.01375,0.01375,0,0,0,0
12/09/2017,0,0.1,11.7543857837993,0,359.331386711544,0,0,0,0,0,400,25,0,0,0,0,0.01375,0.011,0.01375,0.01375,0,0,0,0
13/09/2017,0,0.1,11.8413201105505,0,359.274923859559,0,0,0,0,0,400,25,0,0,0,0,0.01375,0.011,0.01375,0.01375,0,0,0,0
14/09/2017,0,0.1,11.9300775372393,0,359.195363974383,0,0,0,0,0,400,25,0,0,0,0,0.01375,0.011,0.01375,0.01375,0,0,0,0
15/09/2017,0,0.1,12.0206317897838,0,359.09273060743,0,0,0,0,0,400,25,0,0,0,0,0.01375,0.011,0.01375,0.01375,0,0,0,0
16/09/2017,0,0.1,12.1129560622039,0,358.967054140356,0,0,0,0,0,400,25,0,0,0,0,0.01375,0.011,0.01375,0.01375,0,0,0,0
17/09/2017,0,0.1,12.2070230245555,0,358.818371776061,0,0,0,0,0,400,25,0,0,0,0,0.01375,0.011,0.01375,0.01375,0,0,0,0
18/09/2017,0,0.1,12.3028048310218,0,358.646727527679,0,0,0,0,0,400,25,0,0,0,0,0.01375,0.011,0.01375,0.01375,0,0,0,0
19/09/2017,0,0.1,12.4002731281556,0,358.452172205552,0,0,0,0,0,400,25,0,0,0,0,0.01375,0.011,0.01375,0.01375,0,0,0,0
20/09/2017,0,0.1,12.4993990632724,0,358.234763402183,0,0,0,0,0,400,25,0,0,0,0,0.01375,0.011,0.01375,0.01375,0,0,0,0
21/09/2017,0,0.1,12.600153292992,0,357.994565475191,0,0,0,0,0,400,25,0,0,0,0,0.01375,0.011,0.01375,0.01375,0,0,0,0
22/09/2017,0,0.1,12.7025059919243,0,357.73164952826,0,0,0,0,0,400,25,0,0,0,0,0.01375,0.011,0.01375,0.01375,0,0,0,0
23/09/2017,0,0.1,12.8064268614986,0,357.446093390089,0,0,0,0,0,400,25,0,0,0,0,0.01375,0.011,0.01375,0.01375,0,0,0,0
24/09/2017,0,0.1,12.9118851389321,0,357.137981591355,0,0,0,0,0,400,25,0,0,0,0,0.01375,0.011,0.01375,0.01375,0,0,0,0
25/09/2017,0,0.1,13.0188496063369,0,356.807405339689,0,0,0,0,0,400,25,0,0,0,0,0.01375,0.011,0.01375,0.01375,0,0,0,0
26/09/2017,0,0.1,13.1272885999607,0,356.454462492675,0,0,0,0,0,400,25,0,0,0,0,0.01375,0.011,0.01375,0.01375,0,0,0,0
27/09/2017,0,0.1,13.2371700195604,0,356.079257528887,0,0,0,0,0,400,25,0,0,0,0,0.01375,0.011,0.01375,0.01375,0,0,0,0
28/09/2017,0,0.1,13.3484613379039,0,355.681901516956,0,0,0,0,0,400,25,0,0,0,0,0.01375,0.011,0.01375,0.01375,0,0,0,0
29/09/2017,0,0.1,13.4611296103994,0,355.262512082693,0,0,0,0,0,400,25,0,0,0,0,0.01375,0.011,0.01375,0.01375,0,0,0,0
30/09/2017,0,0.1,13.5751414848473,0,354.82121337427,0,0,0,0,0,400,25,0,0,0,0,0.01375,0.011,0.01375,0.01375,0,0,0,0
01/10/2017,0,0.1,13.6904632113135,0,354.35813602547,0,0,0,0,0,400,25,0,0,0,0,0.01375,0.011,0.01375,0.01375,0,0,0,0
02/10/2017,0,0.1,13.8070606521197,0,353.873417117015,0,0,0,0,0,400,25,0,0,0,0,0.01375,0.011,0.01375,0.01375,0,0,0,0
03/10/2017,0,0.1,13.9248992919492,0,353.367200135988,0,0,0,0,0,400,25,0,0,0,0,0.01375,0.011,0.01375,0.01375,0,0,0,0
04/10/2017,0,0.1,14.0439442480639,0,352.839634933357,0,0,0,0,0,400,25,0,0,0,0,0.01375,0.011,0.01375,0.01375,0,0,0,0
05/10/2017,0,0.1,14.1641602806307,0,352.290877679617,0,0,0,0,0,400,25,0,0,0,0,0.01375,0.011,0.01375,0.01375,0,0,0,0
06/10/2017,0,0.1,14.2855118031529,0,351.721090818561,0,0,0,0,0,400,25,0,0,0,0,0.01375,0.011,0.01375,0.01375,0,0,0,0
07/10/2017,0,0.1,14.4079628930047,0,351.13044301919,0,0,0,0,0,400,25,0,0,0,0,0.01375,0.011,0.01375,0.01375,0,0,0,0
08/10/2017,0,0.1,14.5314773020651,0,350.519109125787,0,0,0,0,0,400,25,0,0,0,0,0.01375,0.011,0.01375,0.01375,0,0,0,0
09/10/2017,0,0.1,14.6560184674478,0,349.887270106158,0,0,0,0,0,400,25,0,0,0,0,0.01375,0.011,0.01375,0.01375,0,0,0,0
10/10/2017,0,0.1,14.7815495223251,0,349.235112998059,0,0,0,0,0,400,25,0,0,0,0,0.01375,0.011,0.01375,0.01375,0,0,0,0
11/10/2017,0,0.1,14.908033306841,0,348.562830853834,0,0,0,0,0,400,25,0,0,0,0,0.01375,0.011,0.01375,0.01375,0,0,0,0
12/10/2017,0,0.1,15.0354323791111,0,347.870622683264,0,0,0,0,0,400,25,0,0,0,0,0.01375,0.011,0.01375,0.01375,0,0,0,0
13/10/2017,0,0.1,15.1637090263067,0,347.158693394657,0,0,0,0,0,400,25,0,0,0,0,0.01375,0.011,0.01375,0.01375,0,0,0,0
14/10/2017,0,0.1,15.292825275818,0,346.427253734189,0,0,0,0,0,400,25,0,0,0,0,0.01375,0.011,0.01375,0.01375,0,0,0,0
15/10/2017,0,0.1,15.4227429064953,0,345.676520223521,0,0,0,0,0,400,25,0,0,0,0,0.01375,0.011,0.01375,0.01375,0,0,0,0
16/10/2017,0,0.1,15.553423459963,0,344.906715095704,0,0,0,0,0,400,25,0,0,0,0,0.01375,0.011,0.01375,0.01375,0,0,0,0
17/10/2017,0,0.1,15.6848282520041,0,344.11806622939,0,0,0,0,0,400,25,0,0,0,0,0.01375,0.011,0.01375,0.01375,0,0,0,0
18/10/2017,0,0.1,15.8169183840117,0,343.310807081381,0,0,0,0,0,400,25,0,0,0,0,0.01375,0.011,0.01375,0.01375,0,0,0,0
19/10/2017,0,0.1,15.9496547545038,0,342.485176617513,0,0,0,0,0,400,25,0,0,0,0,0.01375,0.011,0.01375,0.01375,0,0,0,0
20/10/2017,0.0205631177311613,0.1,16.0829980706979,36.8748886093422,341.641419241926,0,8.11821511199011,32.4728604479604,2.53891964682138,0,400,25,21.6485736319736,73.063936007911,1.06901879866163,3.0734290461522,0.01375,0.011,0.01375,0.01375,0,0,0,0
21/10/2017,0.030835789292986,0.1,16.2169088601428,38.0829699471565,340.779784724706,0,8.21670437249265,32.8668174899706,2.55606013674461,0,400,25,21.9112116599804,73.9503393524339,1.07623584705036,3.09417806026979,0.01375,0.011,0.01375,0.01375,0,0,0,0
22/10/2017,0.00536703727488515,0.1,16.3513474824032,39.7530807929773,339.900528127956,0,8.12317408889926,32.492696355597,2.44836533922882,0,400,25,21.661797570398,73.1085668000933,1.03089066914898,2.9638106738033,0.01375,0.011,0.01375,0.01375,0,0,0,0
23/10/2017,0.0106242210382929,0.1,16.486274140794,37.2389307163825,339.003909730285,0,8.15471850063164,32.6188740025265,2.54798878318838,0,400,25,21.7459160016844,73.3924665056848,1.07283738239511,3.08440747438594,0.01375,0.011,0.01375,0.01375,0,0,0,0
24/10/2017,0.0048091913086768,0.1,16.6216488941613,39.7805607408753,338.090194949768,0,8.12131264965418,32.4852505986167,2.44640885157517,0,400,25,21.6568337324111,73.0918138468876,1.03006688487375,2.96144229401204,0.01375,0.011,0.01375,0.01375,0,0,0,0
25/10/2017,4.24450427924759e-05,0.1,16.7574316687051,39.7805607408747,337.159654265367,0,8.12131264965407,32.4852505986163,2.44640885157516,0,400,25,21.6568337324109,73.0918138468866,1.03006688487375,2.96144229401203,0.01375,0.011,0.01375,0.01375,0,0,0,0
26/10/2017,6.28770367887096e-07,0.1,16.893582269843,39.7805607408746,336.212563136873,0,8.1213126496541,32.4852505986164,2.44640885157515,0,400,25,21.6568337324109,73.091813846887,1.03006688487375,2.96144229401203,0.01375,0.011,0.01375,0.01375,0,0,0,0
27/10/2017,0.0498156846937657,0.1,17.0300603941077,38.4396370887666,335.249201923357,0,8.3334836038859,33.3339344155436,2.61128980942485,0,400,25,22.2226229436957,75.0013524349731,1.09949044607362,3.16103503246166,0.01375,0.011,0.01375,0.01375,0,0,0,0
28/10/2017,0.0139079762997837,0.1,17.1668256410784,38.997758149964,334.269855800181,0,8.10341961110621,32.4136784444248,2.46157349980475,0,400,25,21.6091189629499,72.9307764999559,1.03645199991779,2.97979949976364,0.01375,0.011,0.01375,0.01375,0,0,0,0
29/10/2017,0.00010088459890577,0.1,17.3038375253397,38.9977581499641,333.27481467458,0,8.10341961110626,32.413678444425,2.46157349980475,0,400,25,21.60911896295,72.9307764999563,1.03645199991779,2.97979949976364,0.01375,0.011,0.01375,0.01375,0,0,0,0
30/10/2017,1.27793387601347e-06,0.1,17.4410554884664,38.997758149964,332.264373099842,0,8.10341961110631,32.4136784444252,2.46157349980473,0,400,25,21.6091189629502,72.9307764999568,1.03645199991778,2.97979949976363,0.01375,0.011,0.01375,0.01375,0,0,0,0
31/10/2017,3.7457477480305e-08,0.1,17.5784389110296,0,331.238830188116,0,0,0,0,0,400,25,0,0,0,0,0.01375,0.011,0.01375,0.01375,0,0,0,0
01/11/2017,0,0.1,17.7159471246209,0,330.198489521866,0,0,0,0,0,400,25,0,0,0,0,0.01375,0.011,0.01375,0.01375,0,0,0,0
02/11/2017,0,0.1,17.853539423891,0,329.143659064006,0,0,0,0,0,400,25,0,0,0,0,0.01375,0.011,0.01375,0.01375,0,0,0,0
03/11/2017,0,0.1,17.9911750785997,0,328.074651066735,0,0,0,0,0,400,25,0,0,0,0,0.01375,0.011,0.01375,0.01375,0,0,0,0
04/11/2017,0,0.1,18.1288133456723,0,326.991781979106,0,0,0,0,0,400,25,0,0,0,0,0.01375,0.011,0.01375,0.01375,0,0,0,0
05/11/2017,0.000931866120909803,0.1,18.2664134812612,39.3984639040668,325.895372353347,0,8.0670332652185,32.268133060874,2.42775691763756,0,400,25,21.5120887072493,72.6032993869665,1.02221343900529,2.93886363714021,0.01375,0.011,0.01375,0.01375,0,0,0,0
06/11/2017,0.000504501579643829,0.1,18.4039347528061,39.5623858007779,324.785746749974,0,8.08769568917369,32.3507827566948,2.43425780500239,0,400,25,21.5671885044632,72.7892612025632,1.02495065473785,2.94673313237131,0.01375,0.011,0.01375,0.01375,0,0,0,0
07/11/2017,0.00521894323622571,0.1,18.5413364510926,39.8515527737445,323.663233641712,0,8.12414530761485,32.4965812304594,2.44572571721301,0,400,25,21.6643874869729,73.1173077685336,1.02977924935285,2.96061534188944,0.01375,0.011,0.01375,0.01375,0,0,0,0
08/11/2017,0.000498661341993082,0.1,18.678577902302,39.4291714481866,322.528165316262,0,8.07090396405713,32.2836158562285,2.42897473105712,0,400,25,21.522410570819,72.6381356765142,1.02272620255037,2.9403378323323,0.01375,0.011,0.01375,0.01375,0,0,0,0
09/11/2017,6.52438057419666e-06,0.1,18.8156184800527,39.4291714481867,321.380877777935,0,8.07090396405717,32.2836158562287,2.42897473105713,0,400,25,21.5224105708191,72.6381356765146,1.02272620255037,2.94033783233232,0.01375,0.011,0.01375,0.01375,0,0,0,0
10/11/2017,1.41346289617191e-07,0.1,18.9524176174254,39.4291714481868,320.221710648189,0,8.07090396405717,32.2836158562287,2.42897473105713,0,400,25,21.5224105708191,72.6381356765145,1.02272620255037,2.94033783233232,0.01375,0.011,0.01375,0.01375,0,0,0,0
11/11/2017,2.00778180089908e-23,0.1,19.0889348189725,0,319.05100706509,0,0,0,0,0,400,25,0,0,0,0,0.01375,0.011,0.01375,0.01375,0,0,0,0
12/11/2017,0,0.1,19.2251296727055,0,317.869113581744,0,0,0,0,0,400,25,0,0,0,0,0.01375,0.011,0.01375,0.01375,0,0,0,0
13/11/2017,0,0.1,19.3609618620575,0,316.676380063702,0,0,0,0,0,400,25,0,0,0,0,0.01375,0.011,0.01375,0.01375,0,0,0,0
14/11/2017,0,0.1,19.496391177818,0,315.473159585395,0,0,0,0,0,400,25,0,0,0,0,0.01375,0.011,0.01375,0.01375,0,0,0,0
15/11/2017,0,0.1,19.6313775300357,0,314.259808325618,0,0,0,0,0,400,25,0,0,0,0,0.01375,0.011,0.01375,0.01375,0,0,0,0
16/11/2017,0,0.1,19.7658809598859,0,313.036685462092,0,0,0,0,0,400,25,0,0,0,0,0.01375,0.011,0.01375,0.01375,0,0,0,0
17/11/2017,0,0.1,19.899861651499,0,311.80415306514,0,0,0,0,0,400,25,0,0,0,0,0.01375,0.011,0.01375,0.01375,0,0,0,0
18/11/2017,0,0.1,20.0332799437473,0,310.562575990505,0,0,0,0,0,400,25,0,0,0,0,0.01375,0.011,0.01375,0.01375,0,0,0,0
19/11/2017,0,0.1,20.166096341985,0,309.31232177135,0,0,0,0,0,400,25,0,0,0,0,0.01375,0.011,0.01375,0.01375,0,0,0,0
20/11/2017,0.000262605035584514,0.1,20.2982715297398,39.3197027966767,308.053760509454,0,8.05710539453908,32.2284215781563,2.42463337466896,0,400,25,21.4856143854376,72.5139485508518,1.02089826301851,2.93508250617822,0.01375,0.011,0.01375,0.01375,0,0,0,0
21/11/2017,3.9670845033205e-06,0.1,20.4297663803513,39.3197027966768,306.787264765657,0,8.05710539453911,32.2284215781564,2.42463337466896,0,400,25,21.4856143854376,72.513948550852,1.02089826301851,2.93508250617821,0.01375,0.011,0.01375,0.01375,0,0,0,0
22/11/2017,9.42497260593294e-08,0.1,20.5605419685534,0,305.513209449576,0,0,0,0,0,400,25,0,0,0,0,0.01375,0.011,0.01375,0.01375,0,0,0,0
23/11/2017,0,0.1,20.6905595819968,0,304.231971708621,0,0,0,0,0,400,25,0,0,0,0,0.01375,0.011,0.01375,0.01375,0,0,0,0
24/11/2017,0,0.1,20.8197807327088,0,302.94393081635,0,0,0,0,0,400,25,0,0,0,0,0.01375,0.011,0.01375,0.01375,0,0,0,0
25/11/2017,0.0152180566810323,0.1,20.9481671684868,38.3930047183253,301.649468060202,0,8.30769735603426,33.230789424137,2.59805208522916,0,400,25,22.1538596160914,74.7692762043083,1.09391666746491,3.14501041896161,0.01375,0.011,0.01375,0.01375,0,0,0,0
26/11/2017,0.00802591110296773,0.1,21.0756808842214,39.8925495447775,300.348966628621,0,8.13433587453281,32.5373434981312,2.45022490403567,0,400,25,21.6915623320875,73.2090228707953,1.03167364380449,2.96606172593791,0.01375,0.011,0.01375,0.01375,0,0,0,0
27/11/2017,6.45373282216901e-05,0.1,21.2022841331467,39.8925495447775,299.042811497628,0,8.13433587453277,32.5373434981311,2.45022490403566,0,400,25,21.6915623320874,73.209022870795,1.03167364380449,2.96606172593791,0.01375,0.011,0.01375,0.01375,0,0,0,0
28/11/2017,8.86340416559237e-07,0.1,21.3279394380145,39.8925495447774,297.73138931686,0,8.13433587453279,32.5373434981312,2.45022490403565,0,400,25,21.6915623320874,73.2090228707951,1.03167364380448,2.96606172593789,0.01375,0.011,0.01375,0.01375,0,0,0,0
29/11/2017,2.78033028295574e-08,0.1,21.4526096021881,0,296.41508829511,0,0,0,0,0,400,25,0,0,0,0,0.01375,0.011,0.01375,0.01375,0,0,0,0
30/11/2017,0,0.1,21.5762577206533,0,295.094298085414,0,0,0,0,0,400,25,0,0,0,0,0.01375,0.011,0.01375,0.01375,0,0,0,0
01/12/2017,0.00265581965381161,0.1,21.6988471909432,39.8350859802945,293.769409669701,0,8.12206966138165,32.4882786455266,2.44507266980674,0,400,25,21.6588524303511,73.0986269524349,1.02950428202389,2.95982481081869,0.01375,0.011,0.01375,0.01375,0,0,0,0
02/12/2017,2.62650765579982e-05,0.1,21.8203417239731,39.8350859802944,292.440815243058,0,8.12206966138158,32.4882786455263,2.44507266980674,0,400,25,21.6588524303509,73.0986269524342,1.02950428202389,2.95982481081869,0.01375,0.011,0.01375,0.01375,0,0,0,0
03/12/2017,4.24259733926852e-07,0.1,21.9407053547832,39.8350859802946,291.108908097629,0,8.12206966138153,32.4882786455261,2.44507266980674,0,400,25,21.6588524303508,73.0986269524338,1.02950428202389,2.95982481081868,0.01375,0.011,0.01375,0.01375,0,0,0,0
04/12/2017,0.0153406514159645,0.1,22.0599024531845,35.9728001914939,289.774082506192,0,7.89183509463184,31.5673403785274,2.43869134077255,0,400,25,21.0448935856849,71.0265158516865,1.02681740664107,2.95210004409308,0.01375,0.011,0.01375,0.01375,0,0,0,0
05/12/2017,0.000993847392553752,0.1,22.1778977343065,39.1289511427966,288.436733605447,0,8.06147780367592,32.2459112147037,2.43332405567301,0,400,25,21.4972741431358,72.5533002330833,1.02455749712548,2.94560280423574,0.01375,0.011,0.01375,0.01375,0,0,0,0
06/12/2017,0.000961073824857804,0.1,22.294656269042,39.6166089816455,287.097257279049,0,8.09487000357129,32.3794800142852,2.43660239751516,0,400,25,21.5863200095234,72.8538300321416,1.02593785158533,2.94957132330782,0.01375,0.011,0.01375,0.01375,0,0,0,0
07/12/2017,1.14122760941577e-05,0.1,22.4101434943871,39.6166089816453,285.756050040415,0,8.09487000357124,32.379480014285,2.43660239751515,0,400,25,21.5863200095233,72.8538300321411,1.02593785158533,2.94957132330781,0.01375,0.011,0.01375,0.01375,0,0,0,0
08/12/2017,0.000956657025501042,0.1,22.5243252236724,39.6982368808246,284.413508915348,0,8.10481985303419,32.4192794121368,2.43964549215549,0,400,25,21.6128529414245,72.9433786773077,1.02721915459178,2.95325506945138,0.01375,0.011,0.01375,0.01375,0,0,0,0
09/12/2017,1.14074886279281e-05,0.1,22.637167656683,39.6982368808248,283.070031324511,0,8.10481985303422,32.4192794121369,2.43964549215549,0,400,25,21.6128529414246,72.943378677308,1.02721915459178,2.95325506945138,0.01375,0.011,0.01375,0.01375,0,0,0,0
10/12/2017,2.22814226195509e-07,0.1,22.7486373896641,39.6982368808248,281.726014965779,0,8.10481985303425,32.419279412137,2.43964549215548,0,400,25,21.6128529414247,72.9433786773083,1.02721915459178,2.95325506945137,0.01375,0.011,0.01375,0.01375,0,0,0,0
11/12/2017,0,0.1,22.8587014252095,0,280.381857696517,0,0,0,0,0,400,25,0,0,0,0,0.01375,0.011,0.01375,0.01375,0,0,0,0
12/12/2017,0,0.1,22.9673271820289,0,279.037957415799,0,0,0,0,0,400,25,0,0,0,0,0.01375,0.011,0.01375,0.01375,0,0,0,0
13/12/2017,0,0.1,23.0744825045931,0,277.694711946626,0,0,0,0,0,400,25,0,0,0,0,0.01375,0.011,0.01375,0.01375,0,0,0,0
14/12/2017,0,0.1,23.180135672653,0,276.352518918163,0,0,0,0,0,400,25,0,0,0,0,0.01375,0.011,0.01375,0.01375,0,0,0,0
15/12/2017,0,0.1,23.2842554106286,0,275.011775648026,0,0,0,0,0,400,25,0,0,0,0,0.01375,0.011,0.01375,0.01375,0,0,0,0
16/12/2017,0,0.1,23.3868108968681,0,273.672879024676,0,0,0,0,0,400,25,0,0,0,0,0.01375,0.011,0.01375,0.01375,0,0,0,0
17/12/2017,0,0.1,23.4877717727713,0,272.336225389925,0,0,0,0,0,400,25,0,0,0,0,0.01375,0.011,0.01375,0.01375,0,0,0,0
18/12/2017,0,0.1,23.5871081517765,0,271.002210421614,0,0,0,0,0,400,25,0,0,0,0,0.01375,0.011,0.01375,0.01375,0,0,0,0
19/12/2017,0,0.1,23.6847906282074,0,269.671229016481,0,0,0,0,0,400,25,0,0,0,0,0.01375,0.011,0.01375,0.01375,0,0,0,0
20/12/2017,0,0.1,23.7807902859783,0,268.343675173266,0,0,0,0,0,400,25,0,0,0,0,0.01375,0.011,0.01375,0.01375,0,0,0,0
21/12/2017,0,0.1,23.8750787071532,0,267.019941876079,0,0,0,0,0,400,25,0,0,0,0,0.01375,0.011,0.01375,0.01375,0,0,0,0
22/12/2017,0,0.1,23.9676279803587,0,265.700420978066,0,0,0,0,0,400,25,0,0,0,0,0.01375,0.011,0.01375,0.01375,0,0,0,0
23/12/2017,0.000115469692318334,0.1,24.0584107090458,39.6528094100378,264.385503085413,0,8.099093623114,32.396374492456,2.43784386464856,0,400,25,21.5975829949707,72.8918426080261,1.02646057458887,2.95107415194299,0.01375,0.011,0.01375,0.01375,0,0,0,0
24/12/2017,2.02662813196889e-06,0.1,24.1474000196006,39.6528094100376,263.07557744172,0,8.099093623114,32.396374492456,2.43784386464857,0,400,25,21.5975829949707,72.891842608026,1.02646057458887,2.951074151943,0.01375,0.011,0.01375,0.01375,0,0,0,0
25/12/2017,5.45343350881749e-08,0.1,24.2345695692986,0,261.771031812774,0,0,0,0,0,400,25,0,0,0,0,0.01375,0.011,0.01375,0.01375,0,0,0,0
26/12/2017,0,0.1,24.3198935541034,0,260.472252371766,0,0,0,0,0,400,25,0,0,0,0,0.01375,0.011,0.01375,0.01375,0,0,0,0
27/12/2017,0,0.1,24.4033467163048,0,259.17962358497,0,0,0,0,0,400,25,0,0,0,0,0.01375,0.011,0.01375,0.01375,0,0,0,0
28/12/2017,0,0.1,24.484904351996,0,257.893528097937,0,0,0,0,0,400,25,0,0,0,0,0.01375,0.011,0.01375,0.01375,0,0,0,0
29/12/2017,0,0.1,24.5645423183859,0,256.614346622224,0,0,0,0,0,400,25,0,0,0,0,0.01375,0.011,0.01375,0.01375,0,0,0,0
30/12/2017,0,0.1,24.6422370409468,0,255.342457822691,0,0,0,0,0,400,25,0,0,0,0,0.01375,0.011,0.01375,0.01375,0,0,0,0
31/12/2017,0,0.1,24.7179655203918,0,254.078238205414,0,0,0,0,0,400,25,0,0,0,0,0.01375,0.011,0.01375,0.01375,0,0,0,0
01/01/2018,0,0.1,24.8051371179797,0,252.59041410873,0,0,0,0,0,400,25,0,0,0,0,0.01375,0.011,0.01375,0.01375,0,0,0,0
02/01/2018,0,0.1,24.8764918925008,0,251.344251726306,0,0,0,0,0,400,25,0,0,0,0,0.01375,0.011,0.01375,0.01375,0,0,0,0
03/01/2018,0.000251010540391375,0.1,24.9458110794992,39.6475719622252,250.106942079986,0,8.09843344061662,32.3937337624665,2.43763615561766,0,400,25,21.595822508311,72.8859009655496,1.0263731181548,2.95082271469506,0.01375,0.011,0.01375,0.01375,0,0,0,0
04/01/2018,0.00497854196635119,0.1,25.0130741590243,39.9075988262251,248.878851439682,0,8.13120993607879,32.5248397443152,2.44794841644802,0,400,25,21.6832264962101,73.1808894247092,1.03071512271495,2.96330597780549,0.01375,0.011,0.01375,0.01375,0,0,0,0
05/01/2018,4.38632265718836e-05,0.1,25.0782612197774,39.907598826225,247.660343346284,0,8.13120993607875,32.524839744315,2.44794841644801,0,400,25,21.68322649621,73.1808894247088,1.03071512271495,2.96330597780549,0.01375,0.011,0.01375,0.01375,0,0,0,0
06/01/2018,0.0012582487451378,0.1,25.1413529650052,39.8203878185187,246.451778504046,0,8.12021695191412,32.4808678076565,2.44448976358072,0,400,25,21.653911871771,73.0819525672271,1.02925884782346,2.95911918749245,0.01375,0.011,0.01375,0.01375,0,0,0,0
07/01/2018,1.42679907032924e-05,0.1,25.2023307182122,39.8203878185186,245.253514673805,0,8.12021695191412,32.4808678076565,2.44448976358074,0,400,25,21.653911871771,73.0819525672271,1.02925884782347,2.95911918749248,0.01375,0.011,0.01375,0.01375,0,0,0,0
08/01/2018,2.67360970286772e-07,0.1,25.2611764286895,39.8203878185187,244.065906567085,0,8.12021695191414,32.4808678076565,2.44448976358073,0,400,25,21.653911871771,73.0819525672272,1.02925884782346,2.95911918749246,0.01375,0.011,0.01375,0.01375,0,0,0,0
09/01/2018,0.0195288139486408,0.1,25.317872676858,38.8978553375865,242.889305741087,0,8.38573348962335,33.5429339584934,2.62631080910637,0,400,25,22.3619559723289,75.4716014066101,1.10581507751847,3.1792183478656,0.01375,0.011,0.01375,0.01375,0,0,0,0
10/01/2018,0.0201952312884468,0.1,25.3724026794253,39.0249012235093,241.724060494622,0,8.18932609378419,32.7573043751367,2.5098349692931,0,400,25,21.8382029167578,73.7039348440577,1.05677261864973,3.03822127861797,0.01375,0.011,0.01375,0.01375,0,0,0,0
11/01/2018,0.00102774764669874,0.1,25.4247502943533,39.6166912063166,240.570515765012,0,8.11719096211284,32.4687638484514,2.449368277831,0,400,25,21.6458425656342,73.0547186590155,1.03131295908674,2.96502475737436,0.01375,0.011,0.01375,0.01375,0,0,0,0
12/01/2018,1.16340245989291e-05,0.1,25.4749000256372,39.6166912063169,239.429013025974,0,8.1171909621129,32.4687638484516,2.449368277831,0,400,25,21.6458425656344,73.0547186590161,1.03131295908674,2.96502475737437,0.01375,0.011,0.01375,0.01375,0,0,0,0
13/01/2018,2.2641196904672e-07,0.1,25.5228370278924,39.6166912063167,238.299890186543,0,8.11719096211291,32.4687638484516,2.44936827783101,0,400,25,21.6458425656344,73.0547186590162,1.03131295908674,2.96502475737438,0.01375,0.011,0.01375,0.01375,0,0,0,0
14/01/2018,0,0.1,25.5685471107489,0,237.18348149104,0,0,0,0,0,400,25,0,0,0,0,0.01375,0.011,0.01375,0.01375,0,0,0,0
15/01/2018,0,0.1,25.6120167430522,0,236.08011742013,0,0,0,0,0,400,25,0,0,0,0,0.01375,0.011,0.01375,0.01375,0,0,0,0
16/01/2018,0,0.1,25.6532330568687,0,234.990124592991,0,0,0,0,0,400,25,0,0,0,0,0.01375,0.011,0.01375,0.01375,0,0,0,0
17/01/2018,0,0.1,25.6921838512949,0,233.91382567063,0,0,0,0,0,400,25,0,0,0,0,0.01375,0.011,0.01375,0.01375,0,0,0,0
18/01/2018,0,0.1,25.7288575960691,0,232.851539260369,0,0,0,0,0,400,25,0,0,0,0,0.01375,0.011,0.01375,0.01375,0,0,0,0
19/01/2018,0,0.1,25.7632434349846,0,231.803579821526,0,0,0,0,0,400,25,0,0,0,0,0.01375,0.011,0.01375,0.01375,0,0,0,0
20/01/2018,0,0.1,25.7953311891033,0,230.770257572335,0,0,0,0,0,400,25,0,0,0,0,0.01375,0.011,0.01375,0.01375,0,0,0,0
21/01/2018,0,0.1,25.8251113597692,0,229.751878398107,0,0,0,0,0,400,25,0,0,0,0,0.01375,0.011,0.01375,0.01375,0,0,0,0
22/01/2018,0,0.1,25.8525751314198,0,228.74874376069,0,0,0,0,0,400,25,0,0,0,0,0.01375,0.011,0.01375,0.01375,0,0,0,0
23/01/2018,0,0.1,25.8777143741959,0,227.761150609223,0,0,0,0,0,400,25,0,0,0,0,0.01375,0.011,0.01375,0.01375,0,0,0,0
24/01/2018,0,0.1,25.9005216463481,0,226.789391292236,0,0,0,0,0,400,25,0,0,0,0,0.01375,0.011,0.01375,0.01375,0,0,0,0
25/01/2018,0,0.1,25.9209901964399,0,225.833753471109,0,0,0,0,0,400,25,0,0,0,0,0.01375,0.011,0.01375,0.01375,0,0,0,0
26/01/2018,0,0.1,25.9391139653462,0,224.894520034914,0,0,0,0,0,400,25,0,0,0,0,0.01375,0.011,0.01375,0.01375,0,0,0,0
27/01/2018,0,0.1,25.9548875880467,0,223.971969016682,0,0,0,0,0,400,25,0,0,0,0,0.01375,0.011,0.01375,0.01375,0,0,0,0
28/01/2018,0,0.1,25.9683063952143,0,223.066373511089,0,0,0,0,0,400,25,0,0,0,0,0.01375,0.011,0.01375,0.01375,0,0,0,0
29/01/2018,0,0.1,25.9793664145975,0,222.178001593623,0,0,0,0,0,400,25,0,0,0,0,0.01375,0.011,0.01375,0.01375,0,0,0,0
30/01/2018,0,0.1,25.9880643721958,0,221.307116241223,0,0,0,0,0,400,25,0,0,0,0,0.01375,0.011,0.01375,0.01375,0,0,0,0
31/01/2018,0,0.1,25.9943976932292,0,220.453975254433,0,0,0,0,0,400,25,0,0,0,0,0.01375,0.011,0.01375,0.01375,0,0,0,0
01/02/2018,0,0.1,25.9983645029001,0,219.618831181091,0,0,0,0,0,400,25,0,0,0,0,0.01375,0.011,0.01375,0.01375,0,0,0,0
02/02/2018,0,0.1,25.9999636269489,0,218.801931241564,0,0,0,0,0,400,25,0,0,0,0,0.01375,0.011,0.01375,0.01375,0,0,0,0
03/02/2018,0,0.1,25.9991945920008,0,218.00351725557,0,0,0,0,0,400,25,0,0,0,0,0.01375,0.011,0.01375,0.01375,0,0,0,0
04/02/2018,0,0.1,25.9960576257065,0,217.22382557059,0,0,0,0,0,400,25,0,0,0,0,0.01375,0.011,0.01375,0.01375,0,0,0,0
05/02/2018,0,0.1,25.9905536566747,0,216.463086991908,0,0,0,0,0,400,25,0,0,0,0,0.01375,0.011,0.01375,0.01375,0,0,0,0
06/02/2018,0,0.1,25.9826843141968,0,215.721526714289,0,0,0,0,0,400,25,0,0,0,0,0.01375,0.011,0.01375,0.01375,0,0,0,0
07/02/2018,0,0.1,25.9724519277653,0,214.999364255309,0,0,0,0,0,400,25,0,0,0,0,0.01375,0.011,0.01375,0.01375,0,0,0,0
08/02/2018,0,0.1,25.9598595263838,0,214.296813390382,0,0,0,0,0,400,25,0,0,0,0,0.01375,0.011,0.01375,0.01375,0,0,0,0
09/02/2018,0,0.1,25.9449108376702,0,213.614082089472,0,0,0,0,0,400,25,0,0,0,0,0.01375,0.011,0.01375,0.01375,0,0,0,0
10/02/2018,0,0.1,25.9276102867536,0,212.951372455532,0,0,0,0,0,400,25,0,0,0,0,0.01375,0.011,0.01375,0.01375,0,0,0,0
11/02/2018,1.57387106851313e-05,0.1,25.9079629949642,39.7322372861481,212.308880664676,0,8.10910554027076,32.4364221610831,2.44099385062712,0,400,25,21.624281440722,72.9819498624369,1.02778688447458,2.95488729286441,0.01375,0.011,0.01375,0.01375,0,0,0,0
12/02/2018,0.00175828818075318,0.1,25.8859747783173,39.8705596882078,211.686796908109,0,8.12654113716906,32.5061645486762,2.44647950186631,0,400,25,21.6707763657841,73.1388702345215,1.03009663236476,2.96152781804869,0.01375,0.011,0.01375,0.01375,0,0,0,0
13/02/2018,1.87537359106928e-05,0.1,25.8616521457917,39.8705596882075,211.085305335824,0,8.12654113716896,32.5061645486759,2.4464795018663,0,400,25,21.6707763657839,73.1388702345207,1.03009663236476,2.96152781804868,0.01375,0.011,0.01375,0.01375,0,0,0,0
14/02/2018,3.21865466848784e-07,0.1,25.8350022974027,39.8705596882074,210.50458400209,0,8.12654113716898,32.5061645486759,2.44647950186631,0,400,25,21.670776365784,73.1388702345209,1.03009663236476,2.96152781804869,0.01375,0.011,0.01375,0.01375,0,0,0,0
15/02/2018,1.21827586893087e-08,0.1,25.8060331220709,0,209.944804812745,0,0,0,0,0,400,25,0,0,0,0,0.01375,0.011,0.01375,0.01375,0,0,0,0
16/02/2018,0,0.1,25.774753195287,0,209.406133474307,0,0,0,0,0,400,25,0,0,0,0,0.01375,0.011,0.01375,0.01375,0,0,0,0
17/02/2018,0,0.1,25.7411717765731,0,208.888729444924,0,0,0,0,0,400,25,0,0,0,0,0.01375,0.011,0.01375,0.01375,0,0,0,0
18/02/2018,0,0.1,25.7052988067417,0,208.392745887169,0,0,0,0,0,400,25,0,0,0,0,0.01375,0.011,0.01375,0.01375,0,0,0,0
19/02/2018,0,0.1,25.6671449049533,0,207.918329622699,0,0,0,0,0,400,25,0,0,0,0,0.01375,0.011,0.01375,0.01375,0,0,0,0
20/02/2018,0.00858771559448485,0.1,25.6267213655722,38.6403402491921,207.465621088795,0,8.33606487709526,33.3442595083811,2.60625402913435,0,400,25,22.2295063389207,75.0245838938574,1.09737011753025,3.15493908789947,0.01375,0.011,0.01375,0.01375,0,0,0,0
21/02/2018,0.00705032198623778,0.1,25.5840401548241,39.9384377090731,207.034754296791,0,8.13865765692391,32.5546306276957,2.45120817865056,0,400,25,21.7030870851304,73.2479189123152,1.03208765416866,2.96725200573489,0.01375,0.011,0.01375,0.01375,0,0,0,0
22/02/2018,5.8123013705565e-05,0.1,25.5391139072529,39.9384377090737,206.625856792401,0,8.13865765692397,32.5546306276959,2.45120817865056,0,400,25,21.7030870851306,73.2479189123158,1.03208765416866,2.96725200573489,0.01375,0.011,0.01375,0.01375,0,0,0,0
23/02/2018,8.13496327751482e-07,0.1,25.4919559219814,39.9384377090738,206.239049617962,0,8.13865765692397,32.5546306276959,2.45120817865059,0,400,25,21.7030870851306,73.2479189123158,1.03208765416867,2.96725200573492,0.01375,0.011,0.01375,0.01375,0,0,0,0
24/02/2018,2.59273223022485e-08,0.1,25.4425801587739,0,205.874447276606,0,0,0,0,0,400,25,0,0,0,0,0.01375,0.011,0.01375,0.01375,0,0,0,0
25/02/2018,0,0.1,25.391001233904,0,205.532157698364,0,0,0,0,0,400,25,0,0,0,0,0.01375,0.011,0.01375,0.01375,0,0,0,0
26/02/2018,0.153064909074879,0.1,25.3372344158281,38.9197640470405,205.212282208215,0,8.23901503757258,32.9560601502903,2.59829128291803,0,400,25,21.9707067668602,74.1511353381533,1.09401738228128,3.14529997405867,0.01375,0.011,0.01375,0.01375,0,0,0,0
27/02/2018,0.0614267141232726,0.1,25.2812956206654,37.1977461731854,204.91491549609,0,7.55729553524538,30.2291821409815,2.30605689804761,0,400,25,20.1527880939877,68.0156598172084,0.97097132549373,2.79154256079447,0.01375,0.011,0.01375,0.01375,0,0,0,0
28/02/2018,0.00033988618923377,0.1,25.2232014074861,37.197746173186,204.640145588848,0,7.55729553524531,30.2291821409812,2.30605689804758,0,400,25,20.1527880939875,68.0156598172078,0.970971325493716,2.79154256079443,0.01375,0.011,0.01375,0.01375,0,0,0,0
01/03/2018,3.45378781175516e-06,0.1,25.1629689734102,37.1977461731861,204.388053824211,0,7.55729553524539,30.2291821409815,2.30605689804757,0,400,25,20.1527880939877,68.0156598172085,0.970971325493713,2.79154256079442,0.01375,0.011,0.01375,0.01375,0,0,0,0
02/03/2018,8.41903289782335e-08,0.1,25.1006161485163,0,204.158714826692,0,0,0,0,0,400,25,0,0,0,0,0.01375,0.011,0.01375,0.01375,0,0,0,0
03/03/2018,0,0.1,25.0361613905638,0,203.952196485501,0,0,0,0,0,400,25,0,0,0,0,0.01375,0.011,0.01375,0.01375,0,0,0,0
04/03/2018,0,0.1,24.9696237795288,0,203.768559934448,0,0,0,0,0,400,25,0,0,0,0,0.01375,0.011,0.01375,0.01375,0,0,0,0
05/03/2018,0,0.1,24.9010230119562,0,203.60785953385,0,0,0,0,0,400,25,0,0,0,0,0.01375,0.011,0.01375,0.01375,0,0,0,0
06/03/2018,0.0025542012324519,0.1,24.8303793951287,35.411085385361,203.470142854435,0,7.90022590147881,31.6009036059152,2.46171766288957,0,400,25,21.0672690706101,71.1020331133092,1.03651270016403,2.97997401297159,0.01375,0.011,0.01375,0.01375,0,0,0,0
07/03/2018,0.00319273083210963,0.1,24.7577138410562,39.8830149603004,203.355450663264,0,8.13080592383369,32.5232236953348,2.4485149968702,0,400,25,21.6821491302232,73.1772533145032,1.03095368289271,2.96399183831655,0.01375,0.011,0.01375,0.01375,0,0,0,0
08/03/2018,0.00212205561384502,0.1,24.6830478602847,39.8912309888323,203.263816911658,0,8.12918566355538,32.5167426542215,2.44732154610524,0,400,25,21.6778284361477,73.1626709719985,1.03045117730747,2.96254713475898,0.01375,0.011,0.01375,0.01375,0,0,0,0
09/03/2018,2.17782827421107e-05,0.1,24.6064035555288,39.8912309888319,203.195268725153,0,8.12918566355541,32.5167426542216,2.44732154610525,0,400,25,21.6778284361478,73.1626709719987,1.03045117730747,2.96254713475898,0.01375,0.011,0.01375,0.01375,0,0,0,0
10/03/2018,3.63853151251829e-07,0.1,24.5278036151292,39.8912309888321,203.149826395466,0,8.12918566355541,32.5167426542216,2.44732154610525,0,400,25,21.6778284361478,73.1626709719987,1.03045117730747,2.96254713475899,0.01375,0.011,0.01375,0.01375,0,0,0,0
11/03/2018,1.34624095391979e-08,0.1,24.4472713063363,0,203.127503374491,0,0,0,0,0,400,25,0,0,0,0,0.01375,0.011,0.01375,0.01375,0,0,0,0
12/03/2018,0,0.1,24.3648304684224,0,203.128306270316,0,0,0,0,0,400,25,0,0,0,0,0.01375,0.011,0.01375,0.01375,0,0,0,0
13/03/2018,0,0.1,24.2805055056248,0,203.152234845267,0,0,0,0,0,400,25,0,0,0,0,0.01375,0.011,0.01375,0.01375,0,0,0,0
14/03/2018,0.00136236724007986,0.1,24.1943213799221,39.8345756536494,203.199282015978,0,8.12200533449362,32.4880213379745,2.44505243104606,0,400,25,21.658680891983,73.0980480104426,1.02949576044045,2.95980031126628,0.01375,0.011,0.01375,0.01375,0,0,0,0
15/03/2018,1.52274924106745e-05,0.1,24.1063036036443,39.8345756536492,203.269433855488,0,8.12200533449365,32.4880213379746,2.44505243104606,0,400,25,21.6586808919831,73.0980480104429,1.02949576044044,2.95980031126628,0.01375,0.011,0.01375,0.01375,0,0,0,0
16/03/2018,2.81917876110895e-07,0.1,24.016478231921,39.8345756536492,203.362669597364,0,8.1220053344937,32.4880213379748,2.44505243104605,0,400,25,21.6586808919832,73.0980480104433,1.02949576044044,2.95980031126627,0.01375,0.011,0.01375,0.01375,0,0,0,0
17/03/2018,4.01556360179816e-23,0.1,23.9248718549683,0,203.478961641847,0,0,0,0,0,400,25,0,0,0,0,0.01375,0.011,0.01375,0.01375,0,0,0,0
18/03/2018,0,0.1,23.8315115902177,0,203.618275564026,0,0,0,0,0,400,25,0,0,0,0,0.01375,0.011,0.01375,0.01375,0,0,0,0
19/03/2018,0,0.1,23.7364250742888,0,203.780570124022,0,0,0,0,0,400,25,0,0,0,0,0.01375,0.011,0.01375,0.01375,0,0,0,0
20/03/2018,0,0.1,23.6396404548081,0,203.965797279202,0,0,0,0,0,400,25,0,0,0,0,0.01375,0.011,0.01375,0.01375,0,0,0,0
21/03/2018,5.32729603216269e-05,0.1,23.5411863820767,39.7856243065423,204.173902198397,0,8.11583499662297,32.4633399864919,2.44311109678697,0,400,25,21.6422266576613,73.0425149696068,1.02867835654188,2.95745027505791,0.01375,0.011,0.01375,0.01375,0,0,0,0
22/03/2018,0.0296107646118914,0.1,23.4410920005895,38.316304784884,204.404823278136,0,8.24929290963819,32.9971716385528,2.5671309753398,0,400,25,21.9981144257018,74.2436361867437,1.08089725277465,3.10757960172713,0.01375,0.011,0.01375,0.01375,0,0,0,0
23/03/2018,0.0131846532959613,0.1,23.3393869404073,37.6890163174117,204.658492160877,0,8.08509853127635,32.3403941251054,2.49355887071671,0,400,25,21.5602627500703,72.7658867814872,1.0499195245123,3.01851863297286,0.01375,0.011,0.01375,0.01375,0,0,0,0
24/03/2018,0.00143768745521678,0.1,23.2361013083863,39.700673799229,204.93483375525,0,8.12087701444421,32.4835080577769,2.44875180642814,0,400,25,21.6556720385179,73.0878931299979,1.03105339218027,2.96427850251828,0.01375,0.011,0.01375,0.01375,0,0,0,0
25/03/2018,1.56059463539312e-05,0.1,23.1312656792653,39.7006737992293,205.233766258277,0,8.12087701444417,32.4835080577767,2.44875180642815,0,400,25,21.6556720385178,73.0878931299976,1.03105339218027,2.96427850251829,0.01375,0.011,0.01375,0.01375,0,0,0,0
26/03/2018,8.9668275880016e-05,0.1,23.0249110866152,39.7864823422626,205.555201179595,0,8.11599273501172,32.4639709400469,2.44317348854303,0,400,25,21.6426472933646,73.0439346151055,1.02870462675496,2.95752580192051,0.01375,0.011,0.01375,0.01375,0,0,0,0
27/03/2018,1.64655854869141e-06,0.1,22.9170690136522,39.7864823422626,205.899043367646,0,8.11599273501172,32.4639709400469,2.44317348854303,0,400,25,21.6426472933646,73.0439346151055,1.02870462675496,2.95752580192051,0.01375,0.011,0.01375,0.01375,0,0,0,0
28/03/2018,4.60466260900618e-08,0.1,22.8077713839186,0,206.265191037846,0,0,0,0,0,400,25,0,0,0,0,0.01375,0.011,0.01375,0.01375,0,0,0,0
29/03/2018,0,0.1,22.6970505518319,0,206.653535802714,0,0,0,0,0,400,25,0,0,0,0,0.01375,0.011,0.01375,0.01375,0,0,0,0
30/03/2018,0,0.1,22.5849392931081,0,207.063962703959,0,0,0,0,0,400,25,0,0,0,0,0.01375,0.011,0.01375,0.01375,0,0,0,0
31/03/2018,0,0.1,22.4714707950588,0,207.496350246509,0,0,0,0,0,400,25,0,0,0,0,0.01375,0.011,0.01375,0.01375,0,0,0,0
01/04/2018,0,0.1,22.3566786467673,0,207.950570434476,0,0,0,0,0,400,25,0,0,0,0,0.01375,0.011,0.01375,0.01375,0,0,0,0
02/04/2018,0,0.1,22.2405968291455,0,208.426488809045,0,0,0,0,0,400,25,0,0,0,0,0.01375,0.011,0.01375,0.01375,0,0,0,0
03/04/2018,0,0.1,22.1232597048746,0,208.923964488279,0,0,0,0,0,400,25,0,0,0,0,0.01375,0.011,0.01375,0.01375,0,0,0,0
04/04/2018,0,0.1,22.0047020082334,0,209.442850208819,0,0,0,0,0,400,25,0,0,0,0,0.01375,0.011,0.01375,0.01375,0,0,0,0
05/04/2018,0,0.1,21.8849588348159,0,209.982992369482,0,0,0,0,0,400,25,0,0,0,0,0.01375,0.011,0.01375,0.01375,0,0,0,0
06/04/2018,0,0.1,21.7640656311426,0,210.544231076725,0,0,0,0,0,400,25,0,0,0,0,0.01375,0.011,0.01375,0.01375,0,0,0,0
07/04/2018,0,0.1,21.642058184167,0,211.126400191981,0,0,0,0,0,400,25,0,0,0,0,0.01375,0.011,0.01375,0.01375,0,0,0,0
08/04/2018,0,0.1,21.5189726106826,0,211.72932738084,0,0,0,0,0,400,25,0,0,0,0,0.01375,0.011,0.01375,0.01375,0,0,0,0
09/04/2018,0,0.1,21.3948453466311,0,212.352834164057,0,0,0,0,0,400,25,0,0,0,0,0.01375,0.011,0.01375,0.01375,0,0,0,0
10/04/2018,0,0.1,21.2697131363166,0,212.996735970394,0,0,0,0,0,400,25,0,0,0,0,0.01375,0.011,0.01375,0.01375,0,0,0,0
11/04/2018,0,0.1,21.1436130215288,0,213.660842191253,0,0,0,0,0,400,25,0,0,0,0,0.01375,0.011,0.01375,0.01375,0,0,0,0
12/04/2018,0,0.1,21.0165823305776,0,214.3449562371,0,0,0,0,0,400,25,0,0,0,0,0.01375,0.011,0.01375,0.01375,0,0,0,0
13/04/2018,0,0.1,20.8886586672431,0,215.04887559566,0,0,0,0,0,400,25,0,0,0,0,0.01375,0.011,0.01375,0.01375,0,0,0,0
14/04/2018,0,0.1,20.7598798996444,0,215.772391891864,0,0,0,0,0,400,25,0,0,0,0,0.01375,0.011,0.01375,0.01375,0,0,0,0
15/04/2018,0,0.1,20.6302841490292,0,216.515290949537,0,0,0,0,0,400,25,0,0,0,0,0.01375,0.011,0.01375,0.01375,0,0,0,0
16/04/2018,0,0.1,20.49990977849,0,217.277352854791,0,0,0,0,0,400,25,0,0,0,0,0.01375,0.011,0.01375,0.01375,0,0,0,0
17/04/2018,0,0.1,20.3687953816071,0,218.058352021133,0,0,0,0,0,400,25,0,0,0,0,0.01375,0.011,0.01375,0.01375,0,0,0,0
18/04/2018,0,0.1,20.2369797710241,0,218.858057256235,0,0,0,0,0,400,25,0,0,0,0,0.01375,0.011,0.01375,0.01375,0,0,0,0
19/04/2018,0,0.1,20.104501966959,0,219.676231830379,0,0,0,0,0,400,25,0,0,0,0,0.01375,0.011,0.01375,0.01375,0,0,0,0
20/04/2018,0,0.1,19.9714011856532,0,220.512633546526,0,0,0,0,0,400,25,0,0,0,0,0.01375,0.011,0.01375,0.01375,0,0,0,0
21/04/2018,0,0.1,19.8377168277622,0,221.367014812022,0,0,0,0,0,400,25,0,0,0,0,0.01375,0.011,0.01375,0.01375,0,0,0,0
22/04/2018,0,0.1,19.703488466693,0,222.239122711881,0,0,0,0,0,400,25,0,0,0,0,0.01375,0.011,0.01375,0.01375,0,0,0,0
23/04/2018,0,0.1,19.5687558368887,0,223.128699083657,0,0,0,0,0,400,25,0,0,0,0,0.01375,0.011,0.01375,0.01375,0,0,0,0
24/04/2018,0,0.1,19.4335588220669,0,224.035480593869,0,0,0,0,0,400,25,0,0,0,0,0.01375,0.011,0.01375,0.01375,0,0,0,0
25/04/2018,0,0.1,19.2979374434129,0,224.959198815945,0,0,0,0,0,400,25,0,0,0,0,0.01375,0.011,0.01375,0.01375,0,0,0,0
26/04/2018,0,0.1,19.1619318477328,0,225.899580309692,0,0,0,0,0,400,25,0,0,0,0,0.01375,0.011,0.01375,0.01375,0,0,0,0
27/04/2018,0,0.1,19.025582295569,0,226.856346702231,0,0,0,0,0,400,25,0,0,0,0,0.01375,0.011,0.01375,0.01375,0,0,0,0
28/04/2018,0,0.1,18.8889291492823,0,227.829214770406,0,0,0,0,0,400,25,0,0,0,0,0.01375,0.011,0.01375,0.01375,0,0,0,0
29/04/2018,0,0.1,18.7520128611039,0,228.817896524626,0,0,0,0,0,400,25,0,0,0,0,0.01375,0.011,0.01375,0.01375,0,0,0,0
30/04/2018,0.0450627924437279,0.1,18.6148739611606,39.0153074869724,229.82209929411,0,8.41229496363178,33.6491798545271,2.63769404872037,0,400,25,22.4327865696847,75.710654672686,1.11060802051384,3.19299805897729,0.01375,0.011,0.01375,0.01375,0,0,0,0
01/05/2018,0.0184637230324818,0.1,18.4775530454767,38.7472018508079,230.84152581353,0,8.16262638985729,32.6505055594292,2.50357232893137,0,400,25,21.7670037062861,73.4636375087156,1.05413571744479,3.03064018765376,0.01375,0.011,0.01375,0.01375,0,0,0,0
02/05/2018,0.000127361024744866,0.1,18.3400907639575,38.7472018508077,231.875874311002,0,8.16262638985727,32.6505055594291,2.50357232893138,0,400,25,21.7670037062861,73.4636375087155,1.05413571744479,3.03064018765378,0.01375,0.011,0.01375,0.01375,0,0,0,0
03/05/2018,1.54662109614276e-06,0.1,18.2025278083553,38.7472018508074,232.924838597422,0,8.16262638985729,32.6505055594292,2.50357232893138,0,400,25,21.7670037062861,73.4636375087156,1.05413571744479,3.03064018765377,0.01375,0.011,0.01375,0.01375,0,0,0,0
04/05/2018,4.37569320268276e-08,0.1,18.0649049002241,0,233.988108157101,0,0,0,0,0,400,25,0,0,0,0,0.01375,0.011,0.01375,0.01375,0,0,0,0
05/05/2018,0,0.1,17.927262778865,0,235.065368239687,0,0,0,0,0,400,25,0,0,0,0,0.01375,0.011,0.01375,0.01375,0,0,0,0
06/05/2018,0,0.1,17.789642189267,0,236.156299953336,0,0,0,0,0,400,25,0,0,0,0,0.01375,0.011,0.01375,0.01375,0,0,0,0
07/05/2018,0,0.1,17.6520838700448,0,237.260580359109,0,0,0,0,0,400,25,0,0,0,0,0.01375,0.011,0.01375,0.01375,0,0,0,0
08/05/2018,0,0.1,17.5146285413801,0,238.377882566574,0,0,0,0,0,400,25,0,0,0,0,0.01375,0.011,0.01375,0.01375,0,0,0,0
09/05/2018,0,0.1,17.3773168929669,0,239.507875830567,0,0,0,0,0,400,25,0,0,0,0,0.01375,0.011,0.01375,0.01375,0,0,0,0
10/05/2018,0,0.1,17.2401895719671,0,240.650225649104,0,0,0,0,0,400,25,0,0,0,0,0.01375,0.011,0.01375,0.01375,0,0,0,0
11/05/2018,0,0.1,17.1032871709775,0,241.804593862396,0,0,0,0,0,400,25,0,0,0,0,0.01375,0.011,0.01375,0.01375,0,0,0,0
12/05/2018,0,0.1,16.966650216014,0,242.970638752956,0,0,0,0,0,400,25,0,0,0,0,0.01375,0.011,0.01375,0.01375,0,0,0,0
13/05/2018,0,0.1,16.8303191545148,0,244.148015146753,0,0,0,0,0,400,25,0,0,0,0,0.01375,0.011,0.01375,0.01375,0,0,0,0
14/05/2018,0,0.1,16.6943343433671,0,245.33637451539,0,0,0,0,0,400,25,0,0,0,0,0.01375,0.011,0.01375,0.01375,0,0,0,0
15/05/2018,0,0.1,16.5587360369606,0,246.535365079275,0,0,0,0,0,400,25,0,0,0,0,0.01375,0.011,0.01375,0.01375,0,0,0,0
16/05/2018,0,0.1,16.4235643752715,0,247.744631911759,0,0,0,0,0,400,25,0,0,0,0,0.01375,0.011,0.01375,0.01375,0,0,0,0
17/05/2018,0,0.1,16.2888593719801,0,248.963817044198,0,0,0,0,0,400,25,0,0,0,0,0.01375,0.011,0.01375,0.01375,0,0,0,0
18/05/2018,0,0.1,16.1546609026259,0,250.192559571921,0,0,0,0,0,400,25,0,0,0,0,0.01375,0.011,0.01375,0.01375,0,0,0,0
19/05/2018,0,0.1,16.0210086928035,0,251.430495761065,0,0,0,0,0,400,25,0,0,0,0,0.01375,0.011,0.01375,0.01375,0,0,0,0
20/05/2018,0,0.1,15.8879423064033,0,252.677259156249,0,0,0,0,0,400,25,0,0,0,0,0.01375,0.011,0.01375,0.01375,0,0,0,0
21/05/2018,0,0.1,15.7555011338993,0,253.932480689051,0,0,0,0,0,400,25,0,0,0,0,0.01375,0.011,0.01375,0.01375,0,0,0,0
22/05/2018,0,0.1,15.623724380689,0,255.19578878726,0,0,0,0,0,400,25,0,0,0,0,0.01375,0.011,0.01375,0.01375,0,0,0,0
23/05/2018,0,0.1,15.4926510554879,0,256.466809484872,0,0,0,0,0,400,25,0,0,0,0,0.01375,0.011,0.01375,0.01375,0,0,0,0
24/05/2018,0,0.1,15.3623199587815,0,257.745166532788,0,0,0,0,0,400,25,0,0,0,0,0.01375,0.011,0.01375,0.01375,0,0,0,0
25/05/2018,0,0.1,15.2327696713403,0,259.030481510195,0,0,0,0,0,400,25,0,0,0,0,0.01375,0.011,0.01375,0.01375,0,0,0,0
26/05/2018,0,0.1,15.1040385427983,0,260.322373936585,0,0,0,0,0,400,25,0,0,0,0,0.01375,0.011,0.01375,0.01375,0,0,0,0
27/05/2018,0,0.1,14.9761646803015,0,261.620461384384,0,0,0,0,0,400,25,0,0,0,0,0.01375,0.011,0.01375,0.01375,0,0,0,0
28/05/2018,0,0.1,14.8491859372266,0,262.924359592162,0,0,0,0,0,400,25,0,0,0,0,0.01375,0.011,0.01375,0.01375,0,0,0,0
29/05/2018,0,0.1,14.7231399019762,0,264.23368257838,0,0,0,0,0,400,25,0,0,0,0,0.01375,0.011,0.01375,0.01375,0,0,0,0
30/05/2018,0,0.1,14.5980638868514,0,265.54804275565,0,0,0,0,0,400,25,0,0,0,0,0.01375,0.011,0.01375,0.01375,0,0,0,0
31/05/2018,0.000598527182046146,0.1,14.4739949170069,39.8543776293529,266.867051045467,0,8.12450138185121,32.4980055274048,2.44583774659104,0,400,25,21.6653370182699,73.1205124366609,1.02982641961728,2.96075095639968,0.01375,0.011,0.01375,0.01375,0,0,0,0
01/06/2018,7.77736098654318e-06,0.1,14.3509697194906,39.8543776293532,268.190316993389,0,8.12450138185121,32.4980055274049,2.44583774659104,0,400,25,21.6653370182699,73.1205124366609,1.02982641961728,2.96075095639969,0.01375,0.011,0.01375,0.01375,0,0,0,0
02/06/2018,1.63091424218866e-07,0.1,14.2290247123716,39.8543776293532,269.517448884614,0,8.12450138185123,32.4980055274049,2.44583774659105,0,400,25,21.6653370182699,73.1205124366611,1.02982641961728,2.96075095639969,0.01375,0.011,0.01375,0.01375,0,0,0,0
03/06/2018,0,0.1,14.1081959939597,0,270.848053859939,0,0,0,0,0,400,25,0,0,0,0,0.01375,0.011,0.01375,0.01375,0,0,0,0
04/06/2018,0,0.1,13.9885193321197,0,272.181738032057,0,0,0,0,0,400,25,0,0,0,0,0.01375,0.011,0.01375,0.01375,0,0,0,0
05/06/2018,0,0.1,13.870030153683,0,273.51810660215,0,0,0,0,0,400,25,0,0,0,0,0.01375,0.011,0.01375,0.01375,0,0,0,0
06/06/2018,0.0709526075781007,0.1,13.7527635339609,37.9953938727239,274.856763976763,0,8.0133925896382,32.0535703585528,2.53871856240261,0,400,25,21.3690469057019,72.1205333067438,1.06893413153794,3.07318562817158,0.01375,0.011,0.01375,0.01375,0,0,0,0
07/06/2018,0.0555623140125188,0.1,13.6367541863612,38.5095660584087,276.197313884907,0,8.06430008031224,32.2572003212489,2.51677467539789,0,400,25,21.504800214166,72.5787007228101,1.05969460016753,3.04662197548165,0.01375,0.011,0.01375,0.01375,0,0,0,0
08/06/2018,0.00435943793423223,0.1,13.5220364521127,39.8604083232395,277.539359495362,0,8.13313731084199,32.532549243368,2.45503031450805,0,400,25,21.6883661622453,73.1982357975779,1.03369697452971,2.9718788017729,0.01375,0.011,0.01375,0.01375,0,0,0,0
09/06/2018,0.00546878133405415,0.1,13.408644290099,35.282808969897,278.882503534148,0,7.89574729150745,31.5829891660298,2.4633495695136,0,400,25,21.0553261106865,71.0617256235671,1.03719981874257,2.98194947888489,0.01375,0.011,0.01375,0.01375,0,0,0,0
10/06/2018,0.00566194858024415,0.1,13.2966112668063,35.3949742189416,280.226348402127,0,7.80802274134494,31.2320909653798,2.40949652702974,0,400,25,20.8213939769198,70.2722046721045,1.0145248534862,2.91675895377284,0.01375,0.011,0.01375,0.01375,0,0,0,0
11/06/2018,0.000232312662762067,0.1,13.1859705463869,38.8512615507952,281.570496292702,0,8.04946248411287,32.1978499364515,2.43546125290589,0,400,25,21.4652332909677,72.4451623570159,1.02545736964458,2.94818993772818,0.01375,0.011,0.01375,0.01375,0,0,0,0
12/06/2018,3.37296736572283e-06,0.1,13.076754880842,38.8512615507948,282.914549309573,0,8.04946248411288,32.1978499364515,2.4354612529059,0,400,25,21.4652332909677,72.4451623570159,1.02545736964459,2.9481899377282,0.01375,0.011,0.01375,0.01375,0,0,0,0
13/06/2018,8.25820166074031e-08,0.1,12.9689966003261,0,284.258109584525,0,0,0,0,0,400,25,0,0,0,0,0.01375,0.011,0.01375,0.01375,0,0,0,0
14/06/2018,1.00389090044954e-23,0.1,12.8627276035769,0,285.600779395208,0,0,0,0,0,400,25,0,0,0,0,0.01375,0.011,0.01375,0.01375,0,0,0,0
15/06/2018,0,0.1,12.7579793484726,0,286.942161282863,0,0,0,0,0,400,25,0,0,0,0,0.01375,0.011,0.01375,0.01375,0,0,0,0
16/06/2018,0,0.1,12.6547828427194,0,288.281858169988,0,0,0,0,0,400,25,0,0,0,0,0.01375,0.011,0.01375,0.01375,0,0,0,0
17/06/2018,0,0.1,12.5531686346731,0,289.619473477875,0,0,0,0,0,400,25,0,0,0,0,0.01375,0.011,0.01375,0.01375,0,0,0,0
18/06/2018,0,0.1,12.4531668042954,0,290.954611244008,0,0,0,0,0,400,25,0,0,0,0,0.01375,0.011,0.01375,0.01375,0,0,0,0
19/06/2018,0,0.1,12.3548069542502,0,292.286876239276,0,0,0,0,0,400,25,0,0,0,0,0.01375,0.011,0.01375,0.01375,0,0,0,0
20/06/2018,0.000969624253273209,0.1,12.2581182011404,39.8991628650431,293.61587408497,0,8.13014657962729,32.5205863185091,2.4476138593537,0,400,25,21.6803908790061,73.1713192166456,1.03057425656998,2.96290098763869,0.01375,0.011,0.01375,0.01375,0,0,0,0
21/06/2018,0.000870340351648917,0.1,12.1631291668888,39.8799996849166,294.941211369524,0,8.12773105272059,32.5109242108823,2.44685387744736,0,400,25,21.6739494739216,73.1495794744853,1.03025426418836,2.96198100954154,0.01375,0.011,0.01375,0.01375,0,0,0,0
22/06/2018,1.05200527185515e-05,0.1,12.0698679702651,39.8799996849169,296.262495764978,0,8.12773105272053,32.5109242108821,2.44685387744736,0,400,25,21.6739494739214,73.1495794744848,1.03025426418836,2.96198100954154,0.01375,0.011,0.01375,0.01375,0,0,0,0
23/06/2018,2.08589469469563e-07,0.1,11.9783622185626,39.8799996849171,297.579336143113,0,8.12773105272053,32.5109242108821,2.44685387744736,0,400,25,21.6739494739214,73.1495794744848,1.03025426418836,2.96198100954154,0.01375,0.011,0.01375,0.01375,0,0,0,0
24/06/2018,0,0.1,11.8886389994256,0,298.891342691233,0,0,0,0,0,400,25,0,0,0,0,0.01375,0.011,0.01375,0.01375,0,0,0,0
25/06/2018,0,0.1,11.8007248728309,0,300.198127027558,0,0,0,0,0,400,25,0,0,0,0,0.01375,0.011,0.01375,0.01375,0,0,0,0
26/06/2018,0,0.1,11.7146458632257,0,301.499302316194,0,0,0,0,0,400,25,0,0,0,0,0.01375,0.011,0.01375,0.01375,0,0,0,0
27/06/2018,0,0.1,11.6304274518233,0,302.794483381644,0,0,0,0,0,400,25,0,0,0,0,0.01375,0.011,0.01375,0.01375,0,0,0,0
28/06/2018,0.0119713604675031,0.1,11.5480945690608,38.0037411505964,304.083286822828,0,8.27279135139701,33.0911654055881,2.59071510257929,0,400,25,22.0607769370587,74.4551221625731,1.09082741161233,3.13612880838546,0.01375,0.011,0.01375,0.01375,0,0,0,0
29/06/2018,0.0606275794349167,0.1,11.4676715872185,38.3435427317464,305.365331126578,0,8.09597806629368,32.3839122651747,2.55093824789953,0,400,25,21.5892748434498,72.8638025966432,1.07407926227349,3.08797787903628,0.01375,0.011,0.01375,0.01375,0,0,0,0
30/06/2018,0.0149104823551522,0.1,11.3891823132057,38.3409195185572,306.640236780576,0,8.07957545461787,32.3183018184715,2.48267397305334,0,400,25,21.5455345456477,72.7161790915609,1.04533640970667,3.00534217790668,0.01375,0.011,0.01375,0.01375,0,0,0,0
01/07/2018,0.0001067218500062,0.1,11.3126499815131,38.3409195185576,307.907626385693,0,8.07957545461779,32.3183018184711,2.48267397305332,0,400,25,21.5455345456474,72.7161790915601,1.04533640970666,3.00534217790665,0.01375,0.011,0.01375,0.01375,0,0,0,0
02/07/2018,1.33817406397907e-06,0.1,11.238097247335,38.3409195185575,309.167124767712,0,8.07957545461776,32.318301818471,2.48267397305331,0,400,25,21.5455345456474,72.7161790915599,1.04533640970666,3.00534217790664,0.01375,0.011,0.01375,0.01375,0,0,0,0
03/07/2018,0.000138089575228442,0.1,11.1655461798626,39.591436755158,310.418359088383,0,8.09139794451479,32.3655917780592,2.43543673092858,0,400,25,21.5770611853728,72.8225815006331,1.02544704460151,2.94816025322934,0.01375,0.011,0.01375,0.01375,0,0,0,0
04/07/2018,2.34563350774882e-06,0.1,11.0950182557516,39.5914367551581,311.660958955797,0,8.09139794451481,32.3655917780592,2.43543673092858,0,400,25,21.5770611853728,72.8225815006333,1.02544704460151,2.94816025322933,0.01375,0.011,0.01375,0.01375,0,0,0,0
05/07/2018,6.14305351040411e-08,0.1,11.026534352764,0,312.894556534024,0,0,0,0,0,400,25,0,0,0,0,0.01375,0.011,0.01375,0.01375,0,0,0,0
06/07/2018,0,0.1,10.9601147435886,0,314.118786652004,0,0,0,0,0,400,25,0,0,0,0,0.01375,0.011,0.01375,0.01375,0,0,0,0
07/07/2018,0,0.1,10.8957790898389,0,315.333286911643,0,0,0,0,0,400,25,0,0,0,0,0.01375,0.011,0.01375,0.01375,0,0,0,0
08/07/2018,0,0.1,10.8335464362339,0,316.53769779509,0,0,0,0,0,400,25,0,0,0,0,0.01375,0.011,0.01375,0.01375,0,0,0,0
09/07/2018,0,0.1,10.7734352049594,0,317.731662771168,0,0,0,0,0,400,25,0,0,0,0,0.01375,0.011,0.01375,0.01375,0,0,0,0
10/07/2018,0,0.1,10.7154631902157,0,318.914828400906,0,0,0,0,0,400,25,0,0,0,0,0.01375,0.011,0.01375,0.01375,0,0,0,0
11/07/2018,0,0.1,10.6596475529492,0,320.086844442171,0,0,0,0,0,400,25,0,0,0,0,0.01375,0.011,0.01375,0.01375,0,0,0,0
12/07/2018,0,0.1,10.6060048157731,0,321.247363953343,0,0,0,0,0,400,25,0,0,0,0,0.01375,0.011,0.01375,0.01375,0,0,0,0
13/07/2018,0,0.1,10.5545508580758,0,322.396043396021,0,0,0,0,0,400,25,0,0,0,0,0.01375,0.011,0.01375,0.01375,0,0,0,0
14/07/2018,0,0.1,10.5053009113207,0,323.532542736714,0,0,0,0,0,400,25,0,0,0,0,0.01375,0.011,0.01375,0.01375,0,0,0,0
15/07/2018,0,0.1,10.4582695545372,0,324.656525547499,0,0,0,0,0,400,25,0,0,0,0,0.01375,0.011,0.01375,0.01375,0,0,0,0
16/07/2018,0,0.1,10.4134707100049,0,325.767659105614,0,0,0,0,0,400,25,0,0,0,0,0.01375,0.011,0.01375,0.01375,0,0,0,0
17/07/2018,0,0.1,10.3709176391324,0,326.865614491947,0,0,0,0,0,400,25,0,0,0,0,0.01375,0.011,0.01375,0.01375,0,0,0,0
18/07/2018,0,0.1,10.3306229385318,0,327.950066688404,0,0,0,0,0,400,25,0,0,0,0,0.01375,0.011,0.01375,0.01375,0,0,0,0
19/07/2018,0,0.1,10.2925985362894,0,329.020694674121,0,0,0,0,0,400,25,0,0,0,0,0.01375,0.011,0.01375,0.01375,0,0,0,0
20/07/2018,0,0.1,10.2568556884352,0,330.077181520497,0,0,0,0,0,400,25,0,0,0,0,0.01375,0.011,0.01375,0.01375,0,0,0,0
21/07/2018,0,0.1,10.2234049756106,0,331.119214485005,0,0,0,0,0,400,25,0,0,0,0,0.01375,0.011,0.01375,0.01375,0,0,0,0
22/07/2018,0,0.1,10.1922562999366,0,332.146485103776,0,0,0,0,0,400,25,0,0,0,0,0.01375,0.011,0.01375,0.01375,0,0,0,0
23/07/2018,0,0.1,10.1634188820821,0,333.158689282906,0,0,0,0,0,400,25,0,0,0,0,0.01375,0.011,0.01375,0.01375,0,0,0,0
24/07/2018,0,0.1,10.1369012585347,0,334.155527388481,0,0,0,0,0,400,25,0,0,0,0,0.01375,0.011,0.01375,0.01375,0,0,0,0
25/07/2018,0,0.1,10.1127112790737,0,335.136704335266,0,0,0,0,0,400,25,0,0,0,0,0.01375,0.011,0.01375,0.01375,0,0,0,0
26/07/2018,0,0.1,10.0908561044464,0,336.101929674065,0,0,0,0,0,400,25,0,0,0,0,0.01375,0.011,0.01375,0.01375,0,0,0,0
27/07/2018,0,0.1,10.0713422042482,0,337.050917677694,0,0,0,0,0,400,25,0,0,0,0,0.01375,0.011,0.01375,0.01375,0,0,0,0
28/07/2018,0,0.1,10.0541753550077,0,337.983387425568,0,0,0,0,0,400,25,0,0,0,0,0.01375,0.011,0.01375,0.01375,0,0,0,0
29/07/2018,0,0.1,10.0393606384765,0,338.899062886852,0,0,0,0,0,400,25,0,0,0,0,0.01375,0.011,0.01375,0.01375,0,0,0,0
30/07/2018,0,0.1,10.0269024401251,0,339.797673002179,0,0,0,0,0,400,25,0,0,0,0,0.01375,0.011,0.01375,0.01375,0,0,0,0
31/07/2018,0,0.1,10.0168044478446,0,340.678951763886,0,0,0,0,0,400,25,0,0,0,0,0.01375,0.011,0.01375,0.01375,0,0,0,0
01/08/2018,0,0.1,10.0090696508551,0,341.542638294759,0,0,0,0,0,400,25,0,0,0,0,0.01375,0.011,0.01375,0.01375,0,0,0,0
02/08/2018,0,0.1,10.0037003388204,0,342.388476925256,0,0,0,0,0,400,25,0,0,0,0,0.01375,0.011,0.01375,0.01375,0,0,0,0
03/08/2018,0,0.1,10.000698101171,0,343.216217269194,0,0,0,0,0,400,25,0,0,0,0,0.01375,0.011,0.01375,0.01375,0,0,0,0
04/08/2018,0,0.1,10.0000638266329,0,344.025614297865,0,0,0,0,0,400,25,0,0,0,0,0.01375,0.011,0.01375,0.01375,0,0,0,0
05/08/2018,0,0.1,10.0017977029648,0,344.816428412574,0,0,0,0,0,400,25,0,0,0,0,0.01375,0.011,0.01375,0.01375,0,0,0,0
06/08/2018,0,0.1,10.0058992169025,0,345.588425515561,0,0,0,0,0,400,25,0,0,0,0,0.01375,0.011,0.01375,0.01375,0,0,0,0
07/08/2018,0,0.1,10.0123671543109,0,346.341377079302,0,0,0,0,0,400,25,0,0,0,0,0.01375,0.011,0.01375,0.01375,0,0,0,0
08/08/2018,0,0.1,10.0211996005432,0,347.075060214155,0,0,0,0,0,400,25,0,0,0,0,0.01375,0.011,0.01375,0.01375,0,0,0,0
09/08/2018,0,0.1,10.032393941008,0,347.789257734344,0,0,0,0,0,400,25,0,0,0,0,0.01375,0.011,0.01375,0.01375,0,0,0,0
10/08/2018,0,0.1,10.0459468619428,0,348.483758222246,0,0,0,0,0,400,25,0,0,0,0,0.01375,0.011,0.01375,0.01375,0,0,0,0
11/08/2018,0,0.1,10.0618543513956,0,349.15835609098,0,0,0,0,0,400,25,0,0,0,0,0.01375,0.011,0.01375,0.01375,0,0,0,0
12/08/2018,0,0.1,10.0801117004118,0,349.812851645262,0,0,0,0,0,400,25,0,0,0,0,0.01375,0.011,0.01375,0.01375,0,0,0,0
13/08/2018,0,0.1,10.1007135044287,0,350.447051140518,0,0,0,0,0,400,25,0,0,0,0,0.01375,0.011,0.01375,0.01375,0,0,0,0
14/08/2018,0,0.1,10.1236536648752,0,351.06076684024,0,0,0,0,0,400,25,0,0,0,0,0.01375,0.011,0.01375,0.01375,0,0,0,0
15/08/2018,0,0.1,10.1489253909769,0,351.653817071558,0,0,0,0,0,400,25,0,0,0,0,0.01375,0.011,0.01375,0.01375,0,0,0,0
16/08/2018,0,0.1,10.1765212017667,0,352.226026279017,0,0,0,0,0,400,25,0,0,0,0,0.01375,0.011,0.01375,0.01375,0,0,0,0
17/08/2018,0,0.1,10.206432928299,0,352.777225076551,0,0,0,0,0,400,25,0,0,0,0,0.01375,0.011,0.01375,0.01375,0,0,0,0
18/08/2018,0,0.1,10.2386517160679,0,353.307250297619,0,0,0,0,0,400,25,0,0,0,0,0.01375,0.011,0.01375,0.01375,0,0,0,0
19/08/2018,0,0.1,10.2731680276286,0,353.815945043506,0,0,0,0,0,400,25,0,0,0,0,0.01375,0.011,0.01375,0.01375,0,0,0,0
20/08/2018,0,0.1,10.3099716454204,0,354.303158729775,0,0,0,0,0,400,25,0,0,0,0,0.01375,0.011,0.01375,0.01375,0,0,0,0
21/08/2018,0,0.1,10.3490516747915,0,354.768747130835,0,0,0,0,0,400,25,0,0,0,0,0.01375,0.011,0.01375,0.01375,0,0,0,0
22/08/2018,0,0.1,10.3903965472238,0,355.212572422639,0,0,0,0,0,400,25,0,0,0,0,0.01375,0.011,0.01375,0.01375,0,0,0,0
23/08/2018,0,0.1,10.4339940237578,0,355.634503223483,0,0,0,0,0,400,25,0,0,0,0,0.01375,0.011,0.01375,0.01375,0,0,0,0
24/08/2018,0,0.1,10.4798311986152,0,356.034414632895,0,0,0,0,0,400,25,0,0,0,0,0.01375,0.011,0.01375,0.01375,0,0,0,0
25/08/2018,0.000743601117090518,0.1,10.5278945030197,39.9368125696391,356.412188268613,0,8.13489234071081,32.5395693628432,2.44910698805589,0,400,25,21.6930462418955,73.2140310663973,1.03120294233932,2.96470845922556,0.01375,0.011,0.01375,0.01375,0,0,0,0
26/08/2018,0.00076978453483,0.1,10.5781697092131,39.9372945942848,356.767712301624,0,8.13495310011993,32.5398124004797,2.44912610440332,0,400,25,21.6932082669865,73.2145779010794,1.03121099132772,2.96473160006718,0.01375,0.011,0.01375,0.01375,0,0,0,0
27/08/2018,0.00631970351199524,0.1,10.6306419346675,37.7577536837854,357.10088148927,0,8.15363643153889,32.6145457261556,2.53053511999088,0,400,25,21.7430304841037,73.3827278838501,1.06548847157511,3.06327935577844,0.01375,0.011,0.01375,0.01375,0,0,0,0
28/08/2018,0.000915847149287761,0.1,10.6852956464909,39.8243865201166,357.4115972064,0,8.13783545733115,32.5513418293246,2.45443855732341,0,400,25,21.7008945528831,73.2405191159804,1.03344781360986,2.97116246412834,0.01375,0.011,0.01375,0.01375,0,0,0,0
29/08/2018,1.08260132608584e-05,0.1,10.7421146660246,39.8243865201171,357.69976747457,0,8.13783545733119,32.5513418293247,2.45443855732342,0,400,25,21.7008945528832,73.2405191159807,1.03344781360986,2.97116246412835,0.01375,0.011,0.01375,0.01375,0,0,0,0
30/08/2018,2.13517968453224e-07,0.1,10.8010821736331,39.8243865201169,357.965306989265,0,8.13783545733118,32.5513418293247,2.45443855732341,0,400,25,21.7008945528831,73.2405191159806,1.03344781360986,2.97116246412833,0.01375,0.011,0.01375,0.01375,0,0,0,0
31/08/2018,0,0.1,10.862180713683,0,358.208137145153,0,0,0,0,0,400,25,0,0,0,0,0.01375,0.011,0.01375,0.01375,0,0,0,0
01/09/2018,0.00028439084339879,0.1,10.9253921997097,39.8741380775301,358.428186059355,0,8.12699219464665,32.5079687785866,2.44662141521893,0,400,25,21.6719791857244,73.1429297518198,1.03015638535534,2.9616996078966,0.01375,0.011,0.01375,0.01375,0,0,0,0
02/09/2018,0.000692541561361315,0.1,10.9906979197721,39.942709357115,358.625388592724,0,8.13563563324979,32.5425425329992,2.44934084547192,0,400,25,21.6950283553328,73.2207206992481,1.03130140861976,2.9649915497818,0.01375,0.011,0.01375,0.01375,0,0,0,0
03/09/2018,8.74648574128273e-06,0.1,11.0580785419912,39.9427093571151,358.799686369124,0,8.13563563324976,32.5425425329991,2.44934084547191,0,400,25,21.6950283553327,73.2207206992479,1.03130140861975,2.96499154978178,0.01375,0.011,0.01375,0.01375,0,0,0,0
04/09/2018,0.0170068869212334,0.1,11.1275141202729,38.6032183968011,358.951027792715,0,8.3570746456133,33.4282985824532,2.61947704347677,0,400,25,22.2855323883021,75.2136718105197,1.10293770251653,3.17094589473503,0.01375,0.011,0.01375,0.01375,0,0,0,0
05/09/2018,0.00417580759414993,0.1,11.1989841002127,39.9444545005333,359.079368063225,0,8.14707078922698,32.5882831569079,2.45582562042981,0,400,25,21.7255221046053,73.3236371030428,1.03403184018097,2.97284154052029,0.01375,0.011,0.01375,0.01375,0,0,0,0
06/09/2018,0.000332939683129198,0.1,11.2724673251798,39.9194469185346,359.184669189209,0,8.13397486396908,32.5358994558763,2.44914562938192,0,400,25,21.6905996372509,73.2057737757217,1.03121921237133,2.96475523556759,0.01375,0.011,0.01375,0.01375,0,0,0,0
07/09/2018,0.000426050829042536,0.1,11.3479420425803,39.9205619829515,359.2668999993,0,8.13285797664424,32.531431906577,2.44847054038687,0,400,25,21.6876212710513,73.1957217897982,1.03093496437342,2.96393802257358,0.01375,0.011,0.01375,0.01375,0,0,0,0
08/09/2018,0.0264820616452554,0.1,11.4253859102962,39.3471733214642,359.326036151433,0,8.44591628626221,33.7836651450488,2.64615856919951,0,400,25,22.5224434300326,76.0132465763599,1.11417202913664,3.20324458376783,0.01375,0.011,0.01375,0.01375,0,0,0,0
09/09/2018,0.0208193189936498,0.1,11.5047760032994,38.9853103010761,359.362060140052,0,8.15016594047589,32.6006637619035,2.50870065989824,0,400,25,21.733775841269,73.351493464283,1.056295014694,3.03684816724524,0.01375,0.011,0.01375,0.01375,0,0,0,0
10/09/2018,0.000140717179391773,0.1,11.5860888204375,38.9853103010757,359.374961301293,0,8.15016594047584,32.6006637619034,2.50870065989827,0,400,25,21.7337758412689,73.3514934642826,1.05629501469401,3.03684816724527,0.01375,0.011,0.01375,0.01375,0,0,0,0
11/09/2018,1.67819957328455e-06,0.1,11.6693002913912,38.9853103010754,359.364735816136,0,8.15016594047583,32.6006637619033,2.50870065989827,0,400,25,21.7337758412689,73.3514934642825,1.05629501469401,3.03684816724527,0.01375,0.011,0.01375,0.01375,0,0,0,0
12/09/2018,4.67661312609212e-08,0.1,11.7543857837993,0,359.331386711544,0,0,0,0,0,400,25,0,0,0,0,0.01375,0.011,0.01375,0.01375,0,0,0,0
13/09/2018,0,0.1,11.8413201105505,0,359.274923859559,0,0,0,0,0,400,25,0,0,0,0,0.01375,0.011,0.01375,0.01375,0,0,0,0
14/09/2018,0,0.1,11.9300775372393,0,359.195363974383,0,0,0,0,0,400,25,0,0,0,0,0.01375,0.011,0.01375,0.01375,0,0,0,0
15/09/2018,0,0.1,12.0206317897838,0,359.09273060743,0,0,0,0,0,400,25,0,0,0,0,0.01375,0.011,0.01375,0.01375,0,0,0,0
16/09/2018,0,0.1,12.1129560622039,0,358.967054140356,0,0,0,0,0,400,25,0,0,0,0,0.01375,0.011,0.01375,0.01375,0,0,0,0
17/09/2018,0,0.1,12.2070230245555,0,358.818371776061,0,0,0,0,0,400,25,0,0,0,0,0.01375,0.011,0.01375,0.01375,0,0,0,0
18/09/2018,0,0.1,12.3028048310218,0,358.646727527679,0,0,0,0,0,400,25,0,0,0,0,0.01375,0.011,0.01375,0.01375,0,0,0,0
19/09/2018,0,0.1,12.4002731281556,0,358.452172205552,0,0,0,0,0,400,25,0,0,0,0,0.01375,0.011,0.01375,0.01375,0,0,0,0
20/09/2018,0,0.1,12.4993990632724,0,358.234763402183,0,0,0,0,0,400,25,0,0,0,0,0.01375,0.011,0.01375,0.01375,0,0,0,0
21/09/2018,0,0.1,12.600153292992,0,357.994565475191,0,0,0,0,0,400,25,0,0,0,0,0.01375,0.011,0.01375,0.01375,0,0,0,0
22/09/2018,0,0.1,12.7025059919243,0,357.73164952826,0,0,0,0,0,400,25,0,0,0,0,0.01375,0.011,0.01375,0.01375,0,0,0,0
23/09/2018,0,0.1,12.8064268614986,0,357.446093390089,0,0,0,0,0,400,25,0,0,0,0,0.01375,0.011,0.01375,0.01375,0,0,0,0
24/09/2018,0,0.1,12.9118851389321,0,357.137981591355,0,0,0,0,0,400,25,0,0,0,0,0.01375,0.011,0.01375,0.01375,0,0,0,0
25/09/2018,0,0.1,13.0188496063369,0,356.807405339689,0,0,0,0,0,400,25,0,0,0,0,0.01375,0.011,0.01375,0.01375,0,0,0,0
26/09/2018,0,0.1,13.1272885999607,0,356.454462492675,0,0,0,0,0,400,25,0,0,0,0,0.01375,0.011,0.01375,0.01375,0,0,0,0
27/09/2018,0.0235262177819394,0.1,13.2371700195604,38.9481822847168,356.079257528887,0,8.37117802450192,33.4847120980077,2.61635145740264,0,400,25,22.3231413986718,75.3406022205173,1.10162166627479,3.16716229054003,0.01375,0.011,0.01375,0.01375,0,0,0,0
28/09/2018,0.00335680981323225,0.1,13.3484613379039,39.9374819049636,355.681901516956,0,8.15177391615399,32.607095664616,2.45874225682797,0,400,25,21.7380637764107,73.365965245386,1.03525989761178,2.97637220563386,0.01375,0.011,0.01375,0.01375,0,0,0,0
29/09/2018,3.13804679073467e-05,0.1,13.4611296103994,39.9374819049639,355.262512082693,0,8.15177391615407,32.6070956646163,2.45874225682797,0,400,25,21.7380637764109,73.3659652453867,1.03525989761178,2.97637220563386,0.01375,0.011,0.01375,0.01375,0,0,0,0
30/09/2018,4.9089188445192e-07,0.1,13.5751414848473,39.9374819049643,354.82121337427,0,8.15177391615405,32.6070956646162,2.45874225682796,0,400,25,21.7380637764108,73.3659652453864,1.03525989761177,2.97637220563385,0.01375,0.011,0.01375,0.01375,0,0,0,0
01/10/2018,1.71816709076149e-08,0.1,13.6904632113135,0,354.35813602547,0,0,0,0,0,400,25,0,0,0,0,0.01375,0.011,0.01375,0.01375,0,0,0,0
02/10/2018,0,0.1,13.8070606521197,0,353.873417117015,0,0,0,0,0,400,25,0,0,0,0,0.01375,0.011,0.01375,0.01375,0,0,0,0
03/10/2018,0,0.1,13.9248992919492,0,353.367200135988,0,0,0,0,0,400,25,0,0,0,0,0.01375,0.011,0.01375,0.01375,0,0,0,0
04/10/2018,0.00158517857534791,0.1,14.0439442480639,38.1208460669077,352.839634933357,0,8.25818346230464,33.0327338492186,2.57855896272989,0,400,25,22.0218225661457,74.3236511607417,1.0857090369389,3.12141348119934,0.01375,0.011,0.01375,0.01375,0,0,0,0
05/10/2018,0.0553059530443957,0.1,14.1641602806307,39.590610478518,352.290877679617,0,8.47576362007147,33.9030544802859,2.65533352336791,0,400,25,22.6020363201906,76.2818725806432,1.11803516773386,3.21435110723484,0.01375,0.011,0.01375,0.01375,0,0,0,0
06/10/2018,0.0258756897609559,0.1,14.2855118031529,39.3397467985781,351.721090818561,0,8.20956440925446,32.8382576370178,2.52552225346782,0,400,25,21.8921717580119,73.8860796832901,1.06337779093382,3.05721114893473,0.01375,0.011,0.01375,0.01375,0,0,0,0
07/10/2018,0.000167852017225182,0.1,14.4079628930047,39.3397467985781,351.13044301919,0,8.20956440925456,32.8382576370183,2.52552225346784,0,400,25,21.8921717580122,73.8860796832911,1.06337779093383,3.05721114893475,0.01375,0.011,0.01375,0.01375,0,0,0,0
08/10/2018,1.93880924720017e-06,0.1,14.5314773020651,39.3397467985781,350.519109125787,0,8.2095644092546,32.8382576370184,2.52552225346782,0,400,25,21.8921717580123,73.8860796832914,1.06337779093382,3.05721114893473,0.01375,0.011,0.01375,0.01375,0,0,0,0
09/10/2018,0.000662981763019509,0.1,14.6560184674478,39.9532031809881,349.887270106158,0,8.13697012707754,32.5478805083101,2.44976485369751,0,400,25,21.6985870055401,73.2327311436978,1.03147993839895,2.96550482289699,0.01375,0.011,0.01375,0.01375,0,0,0,0
10/10/2018,8.45495719390578e-06,0.1,14.7815495223251,39.9532031809883,349.235112998059,0,8.13697012707751,32.54788050831,2.4497648536975,0,400,25,21.69858700554,73.2327311436976,1.03147993839895,2.96550482289698,0.01375,0.011,0.01375,0.01375,0,0,0,0
11/10/2018,0.0044658334016622,0.1,14.908033306841,39.0523301325175,348.562830853834,0,8.3947045477043,33.5788181908172,2.6264302702178,0,400,25,22.3858787938781,75.5523409293387,1.10586537693381,3.1793629586847,0.01375,0.011,0.01375,0.01375,0,0,0,0
12/10/2018,0.00670326911129743,0.1,15.0354323791111,39.6168125188194,347.870622683264,0,8.18852945939714,32.7541178375886,2.49017303027435,0,400,25,21.8360785583924,73.6967651345743,1.04849390748394,3.01441998401632,0.01375,0.011,0.01375,0.01375,0,0,0,0
13/10/2018,0.00113952246738127,0.1,15.1637090263067,39.9527900446591,347.158693394657,0,8.141524348102,32.566097392408,2.45238234733236,0,400,25,21.7107315949387,73.273719132918,1.03258204098205,2.96867336782338,0.01375,0.011,0.01375,0.01375,0,0,0,0
14/10/2018,0.0905526240593992,0.1,15.292825275818,39.0372833280961,346.427253734189,0,8.30740019666255,33.2296007866502,2.61521391278853,0,400,25,22.1530671911001,74.766601769963,1.10114270012148,3.16578526284927,0.01375,0.011,0.01375,0.01375,0,0,0,0
15/10/2018,0.0484994326241925,0.1,15.4227429064953,36.940125746739,345.676520223521,0,7.55362194178018,30.2144877671207,2.31129220426244,0,400,25,20.1429918447471,67.9825974760216,0.973175664952607,2.79788003673875,0.01375,0.011,0.01375,0.01375,0,0,0,0
16/10/2018,0.0103058259651395,0.1,15.553423459963,37.9911218095935,344.906715095704,0,8.1760019397176,32.7040077588704,2.53841705225148,0,400,25,21.8026718392469,73.5840174574584,1.06880717989536,3.07282064219915,0.01375,0.011,0.01375,0.01375,0,0,0,0
17/10/2018,0.00365531724938176,0.1,15.6848282520041,39.9464033540645,344.11806622939,0,8.14230380948131,32.5692152379253,2.45309308551211,0,400,25,21.7128101586168,73.2807342853318,1.03288129916299,2.96953373509361,0.01375,0.011,0.01375,0.01375,0,0,0,0
18/10/2018,3.38821847272376e-05,0.1,15.8169183840117,39.9464033540644,343.310807081381,0,8.14230380948132,32.5692152379253,2.45309308551214,0,400,25,21.7128101586169,73.2807342853319,1.03288129916301,2.96953373509364,0.01375,0.011,0.01375,0.01375,0,0,0,0
19/10/2018,0.0154524598447569,0.1,15.9496547545038,36.9878213900377,342.485176617513,0,8.12939755816276,32.517590232651,2.54165206670387,0,400,25,21.678393488434,73.1645780234648,1.07016929124374,3.07673671232574,0.01375,0.011,0.01375,0.01375,0,0,0,0
20/10/2018,0.00428033623595656,0.1,16.0829980706979,39.912690447743,341.641419241926,0,8.14134813222998,32.5653925289199,2.45358268874235,0,400,25,21.7102616859466,73.2721331900698,1.03308744789152,2.97012641268811,0.01375,0.011,0.01375,0.01375,0,0,0,0
21/10/2018,3.84956504706637e-05,0.1,16.2169088601428,39.9126904477428,340.779784724706,0,8.14134813223008,32.5653925289203,2.45358268874236,0,400,25,21.7102616859469,73.2721331900707,1.03308744789152,2.97012641268812,0.01375,0.011,0.01375,0.01375,0,0,0,0
22/10/2018,5.80405166281075e-07,0.1,16.3513474824032,39.912690447743,339.900528127956,0,8.1413481322301,32.5653925289204,2.45358268874235,0,400,25,21.7102616859469,73.2721331900709,1.03308744789152,2.97012641268811,0.01375,0.011,0.01375,0.01375,0,0,0,0
23/10/2018,1.96934430284896e-08,0.1,16.486274140794,0,339.003909730285,0,0,0,0,0,400,25,0,0,0,0,0.01375,0.011,0.01375,0.01375,0,0,0,0
24/10/2018,0,0.1,16.6216488941613,0,338.090194949768,0,0,0,0,0,400,25,0,0,0,0,0.01375,0.011,0.01375,0.01375,0,0,0,0
25/10/2018,0,0.1,16.7574316687051,0,337.159654265367,0,0,0,0,0,400,25,0,0,0,0,0.01375,0.011,0.01375,0.01375,0,0,0,0
26/10/2018,0,0.1,16.893582269843,0,336.212563136873,0,0,0,0,0,400,25,0,0,0,0,0.01375,0.011,0.01375,0.01375,0,0,0,0
27/10/2018,0,0.1,17.0300603941077,0,335.249201923357,0,0,0,0,0,400,25,0,0,0,0,0.01375,0.011,0.01375,0.01375,0,0,0,0
28/10/2018,0,0.1,17.1668256410784,0,334.269855800181,0,0,0,0,0,400,25,0,0,0,0,0.01375,0.011,0.01375,0.01375,0,0,0,0
29/10/2018,0,0.1,17.3038375253397,0,333.27481467458,0,0,0,0,0,400,25,0,0,0,0,0.01375,0.011,0.01375,0.01375,0,0,0,0
30/10/2018,0,0.1,17.4410554884664,0,332.264373099842,0,0,0,0,0,400,25,0,0,0,0,0.01375,0.011,0.01375,0.01375,0,0,0,0
31/10/2018,0,0.1,17.5784389110296,0,331.238830188116,0,0,0,0,0,400,25,0,0,0,0,0.01375,0.011,0.01375,0.01375,0,0,0,0
01/11/2018,0,0.1,17.7159471246209,0,330.198489521866,0,0,0,0,0,400,25,0,0,0,0,0.01375,0.011,0.01375,0.01375,0,0,0,0
02/11/2018,0,0.1,17.853539423891,0,329.143659064006,0,0,0,0,0,400,25,0,0,0,0,0.01375,0.011,0.01375,0.01375,0,0,0,0
03/11/2018,0,0.1,17.9911750785997,0,328.074651066735,0,0,0,0,0,400,25,0,0,0,0,0.01375,0.011,0.01375,0.01375,0,0,0,0
04/11/2018,0.00160367373877689,0.1,18.1288133456723,39.9869757252914,326.991781979106,0,8.14121542755774,32.564861710231,2.45109638075634,0,400,25,21.7099078068206,73.2709388480197,1.03204058137109,2.96711667144188,0.01375,0.011,0.01375,0.01375,0,0,0,0
05/11/2018,1.7396832081981e-05,0.1,18.2664134812612,39.9869757252913,325.895372353347,0,8.14121542755776,32.564861710231,2.45109638075634,0,400,25,21.7099078068207,73.2709388480198,1.03204058137109,2.96711667144188,0.01375,0.011,0.01375,0.01375,0,0,0,0
06/11/2018,3.026375091135e-07,0.1,18.4039347528061,39.9869757252913,324.785746749974,0,8.14121542755779,32.5648617102312,2.45109638075633,0,400,25,21.7099078068208,73.2709388480202,1.03204058137109,2.96711667144187,0.01375,0.011,0.01375,0.01375,0,0,0,0
07/11/2018,1.15865635340285e-08,0.1,18.5413364510926,0,323.663233641712,0,0,0,0,0,400,25,0,0,0,0,0.01375,0.011,0.01375,0.01375,0,0,0,0
08/11/2018,0.00312231870302696,0.1,18.678577902302,38.1412912454236,322.528165316262,0,8.261921102112,33.047684408448,2.58003365203027,0,400,25,22.031789605632,74.357289919008,1.08632995874959,3.12319863140507,0.01375,0.011,0.01375,0.01375,0,0,0,0
09/11/2018,0.00389763009843701,0.1,18.8156184800527,39.9774712519051,321.380877777935,0,8.14275372326747,32.5710148930699,2.45228475148663,0,400,25,21.7140099287133,73.2847835094072,1.03254094799437,2.96855522548382,0.01375,0.011,0.01375,0.01375,0,0,0,0
10/11/2018,3.58471131387498e-05,0.1,18.9524176174254,39.9774712519053,320.221710648189,0,8.14275372326746,32.5710148930698,2.45228475148664,0,400,25,21.7140099287132,73.2847835094071,1.03254094799438,2.96855522548383,0.01375,0.011,0.01375,0.01375,0,0,0,0
11/11/2018,5.47467872297116e-07,0.1,19.0889348189725,39.9774712519052,319.05100706509,0,8.14275372326747,32.5710148930699,2.45228475148664,0,400,25,21.7140099287133,73.2847835094073,1.03254094799437,2.96855522548383,0.01375,0.011,0.01375,0.01375,0,0,0,0
12/11/2018,1.87781953147594e-08,0.1,19.2251296727055,0,317.869113581744,0,0,0,0,0,400,25,0,0,0,0,0.01375,0.011,0.01375,0.01375,0,0,0,0
13/11/2018,0,0.1,19.3609618620575,0,316.676380063702,0,0,0,0,0,400,25,0,0,0,0,0.01375,0.011,0.01375,0.01375,0,0,0,0
14/11/2018,0,0.1,19.496391177818,0,315.473159585395,0,0,0,0,0,400,25,0,0,0,0,0.01375,0.011,0.01375,0.01375,0,0,0,0
15/11/2018,0,0.1,19.6313775300357,0,314.259808325618,0,0,0,0,0,400,25,0,0,0,0,0.01375,0.011,0.01375,0.01375,0,0,0,0
16/11/2018,3.45464154307336e-05,0.1,19.7658809598859,39.9570072083769,313.036685462092,0,8.13743788340884,32.5497515336354,2.44990787600584,0,400,25,21.6998343557569,73.2369409506796,1.03154015831825,2.96567795516496,0.01375,0.011,0.01375,0.01375,0,0,0,0
17/11/2018,0.00263318147015318,0.1,19.899861651499,39.9888192276557,311.80415306514,0,8.14144780180534,32.5657912072214,2.45116949119166,0,400,25,21.7105274714809,73.2730302162481,1.03207136471228,2.9672051735478,0.01375,0.011,0.01375,0.01375,0,0,0,0
18/11/2018,2.60799485810165e-05,0.1,20.0332799437473,39.9888192276561,310.562575990505,0,8.14144780180533,32.5657912072213,2.45116949119167,0,400,25,21.7105274714809,73.273030216248,1.03207136471228,2.96720517354781,0.01375,0.011,0.01375,0.01375,0,0,0,0
19/11/2018,4.21806480506136e-07,0.1,20.166096341985,39.9888192276562,309.31232177135,0,8.14144780180534,32.5657912072214,2.45116949119167,0,400,25,21.7105274714809,73.273030216248,1.03207136471228,2.96720517354782,0.01375,0.011,0.01375,0.01375,0,0,0,0
20/11/2018,1.51847480729843e-08,0.1,20.2982715297398,0,308.053760509454,0,0,0,0,0,400,25,0,0,0,0,0.01375,0.011,0.01375,0.01375,0,0,0,0
21/11/2018,0,0.1,20.4297663803513,0,306.787264765657,0,0,0,0,0,400,25,0,0,0,0,0.01375,0.011,0.01375,0.01375,0,0,0,0
22/11/2018,8.77037203191998e-05,0.1,20.5605419685534,39.9613105909711,305.513209449576,0,8.137980326593,32.551921306372,2.45007854146356,0,400,25,21.7012808709147,73.241822939337,1.03161201745834,2.96588455019273,0.01375,0.011,0.01375,0.01375,0,0,0,0
23/11/2018,1.61846126070307e-06,0.1,20.6905595819968,39.9613105909712,304.231971708621,0,8.13798032659301,32.551921306372,2.45007854146356,0,400,25,21.7012808709147,73.2418229393371,1.03161201745834,2.96588455019273,0.01375,0.011,0.01375,0.01375,0,0,0,0
24/11/2018,4.54055529794027e-08,0.1,20.8197807327088,0,302.94393081635,0,0,0,0,0,400,25,0,0,0,0,0.01375,0.011,0.01375,0.01375,0,0,0,0
25/11/2018,0,0.1,20.9481671684868,0,301.649468060202,0,0,0,0,0,400,25,0,0,0,0,0.01375,0.011,0.01375,0.01375,0,0,0,0
26/11/2018,0,0.1,21.0756808842214,0,300.348966628621,0,0,0,0,0,400,25,0,0,0,0,0.01375,0.011,0.01375,0.01375,0,0,0,0
27/11/2018,0,0.1,21.2022841331467,0,299.042811497628,0,0,0,0,0,400,25,0,0,0,0,0.01375,0.011,0.01375,0.01375,0,0,0,0
28/11/2018,0.0368011870358332,0.1,21.3279394380145,39.2348658741262,297.73138931686,0,8.4437918964355,33.775167585742,2.64858745843997,0,400,25,22.5167783904947,75.9941270679195,1.11519471934315,3.20618481811155,0.01375,0.011,0.01375,0.01375,0,0,0,0
29/11/2018,0.447122116370068,0.1,21.4526096021881,38.6818396221806,296.41508829511,0,7.92807499336782,31.7122999734713,2.53478265016829,0,400,25,21.1415333156475,71.3526749403104,1.06727690533402,3.0684211028353,0.01375,0.011,0.01375,0.01375,0,0,0,0
30/11/2018,0.1883204196944,0.1,21.5762577206533,34.944506220425,295.094298085414,0,7.0329707197405,28.131882878962,2.16545335864852,0,400,25,18.7545885859747,63.2967364776645,0.911769835220431,2.62133827625874,0.01375,0.011,0.01375,0.01375,0,0,0,0
01/12/2018,0.00378936673565205,0.1,21.6988471909432,12.4794303131395,293.769409669701,0,2.23964515159933,8.95858060639733,0.579892001066013,0,400,25,5.97238707093155,20.156806364394,0.244165053080426,0.701974527606226,0.01375,0.011,0.01375,0.01375,0,0,0,0
02/12/2018,3.28641586303033e-05,0.1,21.8203417239731,12.4794303131396,292.440815243058,0,2.23964515159933,8.95858060639732,0.579892001066014,0,400,25,5.97238707093155,20.156806364394,0.244165053080427,0.701974527606227,0.01375,0.011,0.01375,0.01375,0,0,0,0
03/12/2018,5.0983738968423e-07,0.1,21.9407053547832,12.4794303131396,291.108908097629,0,2.23964515159934,8.95858060639736,0.579892001066013,0,400,25,5.97238707093157,20.1568063643941,0.244165053080426,0.701974527606226,0.01375,0.011,0.01375,0.01375,0,0,0,0
04/12/2018,1.77199166381437e-08,0.1,22.0599024531845,0,289.774082506192,0,0,0,0,0,400,25,0,0,0,0,0.01375,0.011,0.01375,0.01375,0,0,0,0
05/12/2018,0,0.1,22.1778977343065,0,288.436733605447,0,0,0,0,0,400,25,0,0,0,0,0.01375,0.011,0.01375,0.01375,0,0,0,0
06/12/2018,0.00134569861004233,0.1,22.294656269042,39.9857788380086,287.097257279049,0,8.14106455941285,32.5642582376514,2.45104891406903,0,400,25,21.7095054917676,73.2695810347156,1.03202059539749,2.96705921176778,0.01375,0.011,0.01375,0.01375,0,0,0,0
07/12/2018,1.50751532711312e-05,0.1,22.4101434943871,39.9857788380088,285.756050040415,0,8.14106455941287,32.5642582376515,2.45104891406905,0,400,25,21.7095054917676,73.2695810347158,1.03202059539749,2.96705921176779,0.01375,0.011,0.01375,0.01375,0,0,0,0
08/12/2018,2.79618318137148e-07,0.1,22.5243252236724,39.9857788380086,284.413508915348,0,8.14106455941285,32.5642582376514,2.45104891406904,0,400,25,21.7095054917676,73.2695810347156,1.03202059539749,2.96705921176779,0.01375,0.011,0.01375,0.01375,0,0,0,0
09/12/2018,0,0.1,22.637167656683,0,283.070031324511,0,0,0,0,0,400,25,0,0,0,0,0.01375,0.011,0.01375,0.01375,0,0,0,0
10/12/2018,0,0.1,22.7486373896641,0,281.726014965779,0,0,0,0,0,400,25,0,0,0,0,0.01375,0.011,0.01375,0.01375,0,0,0,0
11/12/2018,0,0.1,22.8587014252095,0,280.381857696517,0,0,0,0,0,400,25,0,0,0,0,0.01375,0.011,0.01375,0.01375,0,0,0,0
12/12/2018,0,0.1,22.9673271820289,0,279.037957415799,0,0,0,0,0,400,25,0,0,0,0,0.01375,0.011,0.01375,0.01375,0,0,0,0
13/12/2018,0,0.1,23.0744825045931,0,277.694711946626,0,0,0,0,0,400,25,0,0,0,0,0.01375,0.011,0.01375,0.01375,0,0,0,0
14/12/2018,0.146928197182956,0.1,23.180135672653,38.5022301222284,276.352518918163,0,8.2215849332552,32.8863397330208,2.5901625083966,0,400,25,21.9242264886805,73.9942643992968,1.09059474037752,3.13545987858536,0.01375,0.011,0.01375,0.01375,0,0,0,0
15/12/2018,0.324874585461466,0.1,23.2842554106286,37.3651323683419,275.011775648026,0,7.5832187916854,30.3328751667416,2.40974989673967,0,400,25,20.2219167778277,68.2489691251686,1.01463153546933,2.91706566447434,0.01375,0.011,0.01375,0.01375,0,0,0,0
16/12/2018,0.0773181755491162,0.1,23.3868108968681,35.4788092737625,273.672879024676,0,7.35888705404141,29.4355482161656,2.27382375118323,0,400,25,19.6236988107771,66.2299834863727,0.957399474182412,2.75252348827443,0.01375,0.011,0.01375,0.01375,0,0,0,0
17/12/2018,0.00545684352296935,0.1,23.4877717727713,39.6562006339661,272.336225389925,0,8.08343599939193,32.3337439975677,2.43809213306197,0,400,25,21.5558293317118,72.7509239945274,1.02656510865767,2.9513746873908,0.01375,0.011,0.01375,0.01375,0,0,0,0
18/12/2018,0.00375285422634521,0.1,23.5871081517765,39.9900795063087,271.002210421614,0,8.14140720693714,32.5656288277485,2.45122088271498,0,400,25,21.710419218499,73.2726648624342,1.03209300324841,2.96726738433919,0.01375,0.011,0.01375,0.01375,0,0,0,0
19/12/2018,3.47101806054043e-05,0.1,23.6847906282074,39.9900795063089,269.671229016481,0,8.14140720693706,32.5656288277482,2.45122088271498,0,400,25,21.7104192184988,73.2726648624335,1.03209300324841,2.96726738433918,0.01375,0.011,0.01375,0.01375,0,0,0,0
20/12/2018,0.000391311087250639,0.1,23.7807902859783,39.9836892637485,268.343675173266,0,8.1408008905374,32.5632035621496,2.45096604676571,0,400,25,21.7088023747664,73.2672080148366,1.03198570390135,2.96695889871639,0.01375,0.011,0.01375,0.01375,0,0,0,0
21/12/2018,0.00495046115633751,0.1,23.8750787071532,39.6596546118758,267.019941876079,0,8.12492340360184,32.4996936144074,2.45239749836409,0,400,25,21.6664624096049,73.1243106324166,1.03258842036383,2.96869170854601,0.01375,0.011,0.01375,0.01375,0,0,0,0
22/12/2018,0.00509108402028623,0.1,23.9676279803587,39.9924746249111,265.700420978066,0,8.14212400747048,32.5684960298819,2.45143770025353,0,400,25,21.7123306865879,73.2791160672343,1.03218429484359,2.96752984767532,0.01375,0.011,0.01375,0.01375,0,0,0,0
23/12/2018,0.000407630053648605,0.1,24.0584107090458,39.9821282675573,264.385503085413,0,8.14062799222854,32.5625119689142,2.4509176319077,0,400,25,21.7083413126094,73.2656519300569,1.03196531869798,2.96690029125669,0.01375,0.011,0.01375,0.01375,0,0,0,0
24/12/2018,5.50430357411045e-06,0.1,24.1474000196006,39.9821282675578,263.07557744172,0,8.14062799222853,32.5625119689141,2.45091763190769,0,400,25,21.7083413126094,73.2656519300568,1.03196531869797,2.96690029125667,0.01375,0.011,0.01375,0.01375,0,0,0,0
25/12/2018,1.23066086203664e-07,0.1,24.2345695692986,39.9821282675578,261.771031812774,0,8.14062799222855,32.5625119689142,2.45091763190769,0,400,25,21.7083413126095,73.2656519300569,1.03196531869797,2.96690029125668,0.01375,0.011,0.01375,0.01375,0,0,0,0
26/12/2018,0,0.1,24.3198935541034,0,260.472252371766,0,0,0,0,0,400,25,0,0,0,0,0.01375,0.011,0.01375,0.01375,0,0,0,0
27/12/2018,0,0.1,24.4033467163048,0,259.17962358497,0,0,0,0,0,400,25,0,0,0,0,0.01375,0.011,0.01375,0.01375,0,0,0,0
28/12/2018,0,0.1,24.484904351996,0,257.893528097937,0,0,0,0,0,400,25,0,0,0,0,0.01375,0.011,0.01375,0.01375,0,0,0,0
29/12/2018,0,0.1,24.5645423183859,0,256.614346622224,0,0,0,0,0,400,25,0,0,0,0,0.01375,0.011,0.01375,0.01375,0,0,0,0
30/12/2018,0,0.1,24.6422370409468,0,255.342457822691,0,0,0,0,0,400,25,0,0,0,0,0.01375,0.011,0.01375,0.01375,0,0,0,0
31/12/2018,0,0.1,24.7179655203918,0,254.078238205414,0,0,0,0,0,400,25,0,0,0,0,0.01375,0.011,0.01375,0.01375,0,0,0,0
